-12172,-6676,-8204,-1014,-491,-153
-12180,-6700,-8156,-1018,-520,-151
-12384,-6796,-8056,-1079,-515,-43
-12348,-6744,-8016,-1074,-508,-78
-12168,-6652,-8236,-1050,-485,-77
-12300,-6764,-8212,-1042,-529,-111
-12324,-6672,-8108,-1101,-551,-92
-12008,-6700,-8236,-1093,-532,4
-12160,-6688,-8196,-1133,-511,13
-12220,-6680,-8140,-1155,-489,19
-12288,-6616,-8316,-1113,-522,-3
-12392,-6612,-8120,-1050,-516,-108
-12284,-6700,-8068,-942,-477,-273
-12312,-6812,-8224,-944,-513,-283
-12248,-6796,-8112,-985,-536,-208
-12156,-6740,-8092,-1043,-507,-129
-12132,-6788,-8116,-1068,-473,-72
-12204,-6644,-8224,-1078,-526,-47
-12168,-6572,-8144,-1106,-566,-38
-12220,-6624,-8120,-1124,-518,-2
-12188,-6624,-8244,-1129,-473,-28
-12200,-6660,-8088,-1026,-473,-106
-12272,-6660,-8220,-1044,-469,-132
-12128,-6748,-8180,-1018,-484,-136
-12100,-6764,-8076,-1108,-572,-31
-12296,-6708,-8100,-1128,-529,-35
-12272,-6624,-8084,-1114,-483,-8
-12236,-6684,-8212,-1153,-475,80
-12236,-6604,-8252,-1226,-480,120
-12140,-6836,-8180,-1319,-466,357
-12100,-6852,-8008,-1656,-425,872
-12168,-6592,-8132,-1961,-395,1366
-12224,-6564,-8128,-2261,-343,1851
-12184,-6624,-8112,-2607,-318,2429
-12312,-6120,-8288,-3187,-318,3201
-12648,-5436,-8492,-3454,-224,3362
-12912,-4780,-8508,-3209,-429,2478
-12572,-5804,-7984,-3658,-280,2988
-12508,-6980,-8176,-5950,-920,2078
-13248,-7332,-6200,-10732,-2493,-185
-14040,-6668,-5104,-16883,-2415,536
-13076,-2216,-5064,-20307,-1545,4441
-13636,3492,-8748,-17865,-3773,4846
-16944,7004,-11096,-8625,-2682,1844
-13720,3176,-7696,-710,-1331,4346
-14612,1716,-10072,5,-1020,4866
-13536,-136,-9272,-880,-1282,3278
-12572,888,-10972,-1219,-1216,2020
-11928,784,-12148,1084,-349,1483
-12660,676,-11600,738,-360,1393
-11912,400,-12156,-908,-663,208
-13720,768,-8812,-997,-372,-375
-13768,1016,-9264,-997,-581,-310
-13868,824,-9084,-959,-603,-342
-13800,1084,-9080,-923,-607,-265
-13764,1120,-9116,-844,-592,-353
-13784,840,-9020,-740,-484,-477
-13660,896,-9088,-594,-386,-741
-13772,872,-8968,-411,-333,-1001
-13644,716,-9120,-356,-352,-1038
-13880,792,-9200,-84,-284,-1361
-13456,64,-8892,-278,-348,-1044
-13568,252,-9108,-746,-441,-534
-13600,384,-9104,-710,-476,-490
-13600,372,-9160,-580,-450,-606
-13644,144,-9136,-639,-453,-495
-13584,328,-9236,-716,-486,-341
-13692,440,-9056,-499,-451,-379
-13684,664,-9204,81,-418,-263
-13520,384,-9336,722,-378,48
-13588,-36,-9368,1324,-337,506
-13488,12,-9192,1428,-323,835
-13776,-360,-8860,1118,-377,721
-13612,-544,-9000,361,-410,439
-13692,-488,-8812,-477,-464,194
-13784,-324,-8920,-1129,-505,148
-13560,-68,-9144,-1190,-544,104
-13712,-12,-9208,-1178,-512,132
-13748,84,-9096,-1146,-491,40
-13636,-12,-9288,-1102,-498,-3
-13632,48,-9216,-1112,-514,22
-13604,24,-9140,-1091,-511,-16
-13664,76,-9156,-1119,-532,-42
-13732,84,-9200,-1100,-512,-58
-13624,-56,-9144,-1063,-522,-62
-13612,-104,-9192,-1101,-511,-49
-13540,-20,-9084,-1097,-487,-23
-13624,96,-9048,-1074,-528,-21
-13724,48,-9140,-1073,-513,-54
-13692,100,-9408,-1060,-523,-99
-13596,56,-9128,-1029,-493,-147
-13608,8,-9124,-1047,-492,-127
-13764,20,-9080,-1054,-479,-130
-13552,-52,-9156,-1093,-510,-53
-13748,-72,-9128,-1131,-506,-18
-13716,28,-9308,-1099,-508,-44
-13584,124,-8932,-1066,-513,-79
-13740,96,-8972,-1082,-494,-99
-13692,144,-9268,-1021,-503,-145
-13652,44,-9112,-1059,-535,-109
-13704,104,-9064,-1072,-551,-81
-13608,56,-9116,-1073,-490,-118
-13588,20,-9084,-1107,-483,-59
-13732,152,-9256,-1082,-516,-57
-13724,36,-9064,-1056,-485,-91
-13700,-4,-9172,-1062,-487,-92
-13776,-12,-9104,-1050,-498,-91
-13680,112,-9136,-1045,-529,-103
-13568,64,-9224,-1090,-539,-73
-13740,56,-9180,-1076,-512,-81
-13664,-4,-9180,-1036,-508,-94
-13836,164,-9160,-1026,-503,-221
-13572,-80,-9260,-1077,-529,-158
-13616,-1052,-8604,-1013,-561,-158
-14180,280,-9912,-924,-1575,878
-15848,2248,-10380,2261,-2745,-1411
-17500,-2992,-7916,12247,-2465,-8238
-15684,-6860,-7080,-1050,2979,4885
-11204,840,-8428,-2930,193,-715
-9876,-1368,-7360,-3409,-2607,-2877
-9580,732,-7644,-4459,-4668,-1112
-10952,660,-7880,-2922,-6113,-759
-14612,1452,-7756,-1002,-3741,639
-15628,804,-8368,592,173,2068
-14016,704,-8148,1513,1193,2156
-13292,956,-7828,-5743,8597,2371
-10696,-6412,-12920,-2915,5624,1809
-19472,7332,-9584,-2557,-2564,2969
-13388,-832,-9372,24,505,-2112
-13016,-1480,-8812,-2168,-827,1808
-13904,1036,-9288,-2294,-841,2059
-14092,1376,-9056,-1602,-680,782
-13804,928,-9244,-1400,-614,361
-13740,696,-8996,-1376,-612,379
-13916,1340,-9192,-1182,-572,100
-13876,868,-9188,-1035,-527,-127
-13580,744,-9120,-1031,-512,-99
-13724,744,-9300,-1059,-530,-101
-13712,952,-9140,-1067,-605,-56
-13496,904,-9176,-1064,-725,-164
-13680,688,-9228,-1019,-1339,-301
-13680,944,-9380,-767,-2310,-193
-14488,2460,-11148,516,-6180,-2767
-15492,1000,-9600,1261,-10173,-4452
-22576,-1900,-6736,-848,-1804,1763
-14936,200,-7732,-1928,6102,1713
-11068,-1004,-6648,-378,3519,-1636
-10080,-752,-5820,-1412,1358,142
-9052,-92,-6188,-659,-27,-875
-8904,84,-5732,-522,-512,-1317
-9500,1156,-5392,-105,-282,-998
-9608,1648,-4524,663,-10,-732
-8652,2488,-5596,1964,-2496,-998
-25632,31192,-11892,-7362,-12416,11503
-13300,-6568,-5844,5711,-1558,-3874
-11928,-4032,-7056,-6178,318,3770
-20344,8208,-11312,-2360,-1397,581
-13324,-448,-9064,-562,-382,-915
-13708,456,-9068,-1271,-220,244
-13792,1064,-9248,-1168,-378,59
-13568,784,-9180,-1074,-429,-32
-13656,696,-9204,-1149,-497,41
-13644,840,-9124,-1081,-513,-53
-13648,892,-9236,-1060,-511,-68
-13720,724,-9220,-1079,-607,-20
-13576,776,-9412,-981,-968,-145
-13484,1512,-10568,-204,-2974,-780
-14716,1896,-10524,91,-7276,-2067
-14880,48,-8800,676,-8772,-2567
-18648,-2384,-5940,-2299,-5419,1411
-16916,132,-6568,-4242,3913,615
-13496,-88,-6264,-2531,4979,-2284
-11784,692,-6268,-2735,3160,-682
-11304,1680,-7220,-1661,3635,1123
-8304,1520,-6544,950,1597,-578
-8380,928,-5220,1579,-1118,-1542
-8000,1536,-4624,362,-3907,-1897
26392,8888,-28960,3397,32767,-2809
-4308,3824,-11868,3473,1438,-1085
-10648,-1920,-8632,274,1390,-3213
-13968,112,-9336,-4091,-1533,5062
-13712,2556,-9612,-529,-637,-982
-13048,-608,-9088,-1248,-574,252
-13900,1428,-9208,-1071,-504,-53
-13640,696,-9208,-1120,-579,2
-13540,972,-9260,-1065,-534,-98
-13792,764,-9056,-1053,-512,-95
-13648,816,-9248,-1064,-550,-31
-13652,872,-9360,-1083,-568,-59
-13576,788,-9384,-1073,-763,-91
-13632,712,-9284,-1067,-857,-26
-14112,2128,-9992,-426,-1357,-1183
-13804,1156,-10284,819,-3631,-3100
-14072,328,-9232,1613,-5461,-3123
-16960,-616,-8700,-874,-1176,1917
-14516,-444,-8316,-1308,1632,-127
-12548,-756,-7568,-2748,1698,-449
-12280,-252,-7348,-2851,1503,-235
-10640,976,-6904,-1175,1642,-433
-9488,932,-5852,421,-41,-746
-9524,1296,-5044,959,-1870,-609
-32768,-18284,-21800,-19703,10253,20140
-12744,6948,-8612,2835,1247,-1075
-11032,-2992,-8520,794,776,-3353
-13676,-580,-9228,-3841,-1256,4526
-12976,3624,-9476,-592,-402,-724
-12524,-928,-9032,-938,-479,-342
-13892,1168,-9304,-1496,-699,617
-13728,1012,-9296,-1099,-508,-53
-13604,876,-9300,-1124,-576,37
-13544,812,-9324,-1067,-526,-3
-13540,644,-9360,-1051,-618,-47
-13552,792,-9588,-917,-1137,-209
-13436,1540,-10400,-439,-2517,-624
-14344,1860,-10764,317,-6799,-2710
-14624,112,-8216,639,-7745,-3475
-19028,-92,-6956,-593,-4266,2107
-15964,660,-7568,331,2627,659
-12728,-1152,-6968,-192,3206,-865
-12708,-716,-6852,-1979,2282,560
-11636,424,-7016,-1036,1604,-146
-11044,172,-6596,-298,854,41
-10704,980,-7136,142,359,854
-10024,1864,-7560,2795,-788,774
-10952,1072,-7016,4781,-2496,771
8328,17164,-30784,-4232,15422,6264
-11176,3812,-9668,4183,-2098,-2372
-11936,-4884,-6380,-829,825,-1220
-13484,1400,-10292,-3665,-1367,4161
-14632,908,-9412,-500,-378,-934
-12956,-108,-9128,-1269,-471,232
-13408,1232,-9388,-1145,-418,22
-13628,936,-9332,-1106,-596,-91
-13424,552,-9248,-1018,-487,-147
-13492,1040,-9472,-1101,-619,42
-13568,760,-9200,-896,-598,-220
-13736,1004,-9476,-1055,-825,7
-13668,1780,-10444,-280,-2002,-1064
-14308,1644,-10668,1398,-4825,-3020
-18580,-1852,-8808,482,-3723,-786
-16548,576,-8972,-2766,2256,1136
-12388,-1032,-8052,-2567,2321,-1818
-11500,68,-7880,-3231,914,-826
-11044,672,-7796,-969,493,-953
-10544,360,-6976,378,-266,-1019
-10152,704,-6264,87,-1431,-145
-11296,1276,-6332,-79,-2012,476
-11296,2340,-6520,607,-2602,1090
-32768,-32768,-20692,-19187,14850,12597
-20740,6652,-2228,832,215,-319
-12348,-3736,-9588,611,1308,-2434
-15628,3864,-8152,-1712,77,584
-13084,712,-9416,-939,-474,-324
-13584,520,-9256,-1221,-433,18
-13680,792,-9244,-1259,-550,78
-13500,676,-9356,-1270,-441,76
-13580,852,-9452,-1173,-476,19
-13440,900,-9372,-1038,-525,-55
-13620,784,-9412,-1019,-573,-37
-13496,532,-9384,-937,-734,63
-13536,1228,-9564,-875,-1118,-258
-13440,1392,-9556,-584,-1649,-142
-13524,1272,-9976,-541,-3135,-146
-14184,1380,-10068,2581,-4814,-1184
-14496,668,-8872,4633,-5716,-1996
-18388,-192,-7440,3776,-2130,-645
-13088,-80,-7816,1279,2187,-133
-11976,1092,-7732,941,2142,2119
-10260,264,-6880,2544,2309,2707
-9920,-516,-5732,1026,1986,3123
-9080,468,-4600,-465,1928,2538
-7772,-6676,-23380,-1116,14026,-876
-9000,3956,-7432,1944,-778,-3002
-8336,-4300,-8568,-2,13,-512
-14616,1772,-10028,-2591,-1257,2467
-13880,-12,-9540,-433,-509,-816
-13608,300,-9388,-1328,-566,319
-13632,896,-9256,-987,-591,-96
-13540,648,-9500,-1159,-493,90
-13712,872,-9388,-1078,-520,68
-13416,484,-9536,-1089,-590,-5
-13704,656,-9168,-1078,-883,-32
-13404,696,-9312,-1005,-891,-85
-13356,1052,-9816,-442,-1603,101
-12260,2016,-12128,4621,-4700,1864
-14264,864,-10116,9690,-7454,2117
-14808,736,-7656,8357,-7826,-141
-15080,144,-6156,3771,-7287,-2333
-15004,1044,-5956,1528,-5480,-3965
-16956,1468,-5020,3090,-679,1227
-13760,-156,-5376,1089,4482,2239
-12068,-252,-6388,-673,3766,2297
-11788,920,-6948,1739,2589,3548
-10120,-428,-6408,4113,2614,4199
-14708,-2452,-6712,-2958,20361,2341
-12092,-7144,-20860,-6819,-3791,7550
-15896,-2480,-6840,3675,-716,-4019
-11112,-3052,-8548,-2614,145,2811
-13996,5040,-10388,-891,-460,240
-12592,1488,-10556,2881,-834,250
-13864,-1288,-8628,4170,-639,3403
-14380,-80,-8388,945,-558,1646
-13416,636,-9408,340,-599,429
-13584,-552,-9012,69,-730,624
-13224,2276,-10748,2031,-916,1526
-13188,-348,-9724,5546,-1850,2577
-14312,-412,-8488,4001,-2765,2084
-14504,604,-8108,810,-3389,140
-14552,1260,-9116,-559,-3959,-1439
-14336,268,-9372,-1099,-5884,-1370
-14864,416,-7956,-887,-6954,-2284
-14112,-128,-6824,-1885,-4452,-1983
-15860,2084,-7548,-2000,4442,1421
-9200,200,-6768,-261,3440,560
-11524,1880,-6416,-123,2647,2470
-11752,1808,-6112,3158,3593,3710
-32768,-10528,-7552,-4072,13655,1001
-11956,3152,-15088,-3880,-1309,3512
-13036,-3380,-7640,2568,-1389,-1786
-14340,308,-8528,-2550,905,2476
-13416,1860,-10396,-1040,-630,38
-13520,-100,-8916,-884,-647,-18
-13596,860,-9376,-1106,-389,189
-13560,508,-9380,-964,-574,-114
-13452,752,-9256,-1055,-506,-12
-13576,704,-9320,-1028,-628,-109
-13376,428,-9540,-1105,-678,-66
-13684,172,-9100,-983,-1299,3
-12924,508,-10400,-983,-2821,-287
-13980,1500,-10068,-37,-6493,-263
-14660,232,-9552,82,-9074,-210
-15360,1004,-8460,2157,-10155,-708
-14932,716,-6228,3374,-8627,-1587
-15196,-52,-5672,2249,-7386,-1957
-15324,380,-4300,2237,-4974,-2544
-14956,-144,-3752,4073,-2151,-4448
-18288,196,-3916,3497,4656,-927
-9632,-480,-5320,2218,8311,217
-9436,1560,-6780,2870,7129,2896
-12740,1212,-6164,3569,5689,4702
-19432,-8480,-2876,-3756,15696,2031
-8992,3908,-15388,-2384,3696,2389
-14672,1084,-8796,930,-1387,-2061
-12348,-2160,-8244,-89,-451,1221
-14916,1116,-9100,-2568,600,1532
-13700,564,-9840,-1000,-656,-487
-13656,-512,-8644,-1350,-561,491
-13520,-136,-9236,-2015,396,1133
-13700,912,-9664,-1420,-300,439
-13692,-164,-8820,-1395,-420,408
-13536,608,-9500,-1544,-250,555
-13552,632,-9516,-1245,-437,278
-13592,116,-9252,-1292,-519,341
-13356,348,-9300,-1547,-525,731
-13724,1648,-9872,-943,-1148,246
-13368,216,-10336,378,-2892,-184
-14816,-428,-8604,3017,-4765,270
-16464,-3144,-6676,676,-3851,-3012
-13044,116,-8176,-1005,-1557,-3947
-13832,2200,-8512,358,-987,-974
-12380,-372,-6820,-1422,22,-2
-11392,2452,-7076,-1872,1100,192
-7856,4204,-5324,-3255,790,1935
-8892,672,-10088,-5949,16166,-4106
-17284,12976,-8332,656,-2691,-1404
-10496,-3176,-8724,-1067,-614,613
-13380,1928,-10620,-1337,71,148
-13568,344,-9116,-811,-804,-586
-13488,-40,-9172,-1411,-317,434
-13328,604,-9528,-1331,-335,276
-13488,480,-9252,-1232,-318,160
-13704,952,-9472,-1181,-581,65
-13584,536,-9492,-1086,-498,-29
-13548,328,-9460,-1186,-605,116
-13428,764,-9480,-1259,-913,131
-13444,856,-9580,-1077,-962,28
-13508,456,-9828,-1015,-1826,-92
-14004,84,-9404,-1274,-3581,-738
-15596,-232,-8316,-409,-5251,-3760
-20648,-3388,-6504,-803,-3637,-2512
-13620,-2620,-7728,-1113,-3134,-4032
-11400,44,-8196,-488,-2467,-2498
-9936,980,-7308,-1295,-195,-792
-8412,1332,-7412,-2030,1244,437
-8704,3232,-6944,-1158,1059,2861
-32768,-24352,812,-11876,15542,19343
-8272,600,-17992,-3532,-643,3256
-14216,-3872,-6312,-294,-2145,-2812
-14468,-1272,-7980,-1546,1092,1814
-12580,1124,-11496,-1152,116,217
-13696,-584,-8776,-699,-803,-414
-13652,808,-9148,-1656,38,809
-13576,888,-9752,-1201,-463,52
-13376,688,-9584,-1247,-330,87
-13584,1140,-9516,-939,-637,-325
-13404,428,-9532,-986,-560,-254
-13616,752,-9496,-911,-857,-365
-13548,624,-9496,-821,-866,-505
-13188,108,-9440,-1045,-1311,-448
-13260,408,-9724,-969,-1915,-115
-13928,1004,-9980,-662,-3653,-647
-14436,156,-9256,-774,-5731,-1208
-15952,-2180,-6348,515,-5981,-3408
-17188,-1104,-7480,477,-4783,-2750
-12892,856,-8476,-1978,-659,-2637
-11416,3496,-8036,-2235,1467,110
-9980,248,-7048,-227,3703,1956
-8660,800,-6528,-1287,3320,1733
-13748,7880,-6928,-2521,15530,10
-12672,15896,-12064,-377,-3569,-353
-10624,-4228,-7700,-1956,-79,-440
-15488,2008,-10324,-2755,670,1968
-13460,612,-9384,-385,-817,-1204
-13040,-592,-9148,-1260,-358,153
-13584,952,-9620,-1049,-354,-72
-13320,180,-9556,-1097,-517,-83
-13352,560,-9432,-1411,-383,415
-13244,892,-9620,-1169,-402,19
-13480,552,-9588,-1109,-597,-121
-13560,936,-9612,-942,-617,-313
-13388,16,-9548,-845,-797,-457
-13536,856,-9696,-846,-1056,-470
-13628,696,-9660,-399,-1574,-855
-13700,296,-10304,108,-2983,-1306
-13980,696,-10500,1542,-5819,-2049
-14404,-968,-8388,3074,-6250,-2459
-16580,-736,-9376,35,-1240,-1962
-13324,-1056,-8884,-1763,235,-2718
-11340,300,-8232,1359,-748,-1114
-12272,-60,-6648,1082,363,-101
-9688,980,-5816,365,835,589
-10244,1096,-5100,-1255,863,1004
-10200,2984,-4316,-2767,878,1335
-3176,-18648,-20896,-2064,13894,-3178
-22048,4776,-7672,2249,-2240,-4102
-9560,-4056,-8436,-4182,567,-399
-13740,-516,-9632,-3641,47,3759
-14044,1944,-10328,-7,-549,-1891
-12760,-1956,-8972,-637,-356,-706
-13532,508,-9784,-1913,-434,1239
-13488,864,-9988,-802,-594,-495
-12908,-244,-9304,-941,-725,-93
-13636,308,-9560,-945,-642,18
-13348,-32,-9452,-836,-952,-114
-13532,548,-9656,-848,-932,67
-13276,-212,-9808,-451,-1364,100
-13588,-208,-9440,-475,-1380,231
-13536,876,-10208,570,-1654,508
-13404,104,-10576,2548,-3413,576
-14220,-368,-9096,4062,-4754,-223
-14748,-688,-7876,2545,-4618,-1345
-16156,-1492,-7480,-1738,-1569,-1252
-13088,-724,-7992,-1401,-467,-831
-14504,64,-7956,-2463,1109,-646
-12172,-68,-6884,-1076,-90,683
-14208,-800,-7328,-1766,110,724
-10948,1036,-7748,-3242,1449,289
-7848,4452,-6700,-3373,671,2824
-11888,1684,-8712,-5113,12405,-3101
-18724,12396,-8488,-214,-2056,-714
-10724,-2672,-9096,-1343,-917,726
-13176,1068,-10296,-1193,-3,100
-13516,1036,-9560,-827,-524,-586
-13444,-168,-9260,-1132,-471,-32
-13480,724,-9676,-1183,-368,130
-13496,92,-9436,-1255,-428,155
-13432,876,-9676,-1318,-433,260
-13396,560,-9596,-1066,-544,-48
-13576,624,-9556,-1085,-493,-72
-13364,676,-9584,-852,-692,-312
-13396,320,-9512,-874,-802,-293
-13496,600,-9688,-910,-913,-190
-13424,860,-10068,-499,-1416,-459
-13440,1716,-11004,839,-2607,-1228
-14000,172,-10496,4748,-5225,-1440
-15008,-2160,-7224,4921,-5484,675
-14900,-2796,-7960,1890,-2633,-720
-13548,56,-8544,759,-1348,-607
-12424,-360,-8204,1805,174,9
-11896,528,-7912,1582,407,752
-10848,264,-6268,1422,638,1244
-10388,1384,-4716,-1350,1155,747
-24800,7672,-7960,-9978,12510,430
-7100,5128,-14608,-3092,-1577,2641
-13980,-596,-8028,-1560,-445,-2101
-13136,1020,-10576,-1880,494,720
-14668,1920,-10256,-1557,183,490
-13540,192,-9440,-628,-642,-783
-13044,-920,-9208,-1388,-210,299
-13692,684,-9652,-1441,-69,339
-13340,124,-9544,-1023,-678,-33
-13308,76,-9408,-1210,-684,215
-13528,508,-9584,-1115,-713,29
-13620,8,-9368,-1001,-801,-136
-13376,232,-9564,-1071,-571,-23
-13592,164,-9580,-1029,-850,-106
-13320,320,-9632,-1151,-1249,-94
-13604,868,-9952,-936,-2341,-535
-13880,-52,-9868,-749,-4046,-847
-14364,1344,-9560,2245,-4624,-1637
-14616,-2000,-6384,3034,-5296,-1682
-18148,-1828,-6864,1699,-3587,-589
-14116,-1912,-7912,-2099,-669,-2412
-10660,768,-7608,982,-1003,26
-11344,-292,-7296,1282,691,543
-9920,588,-7636,1013,2331,671
-10528,1556,-7052,1618,2909,1675
-14848,-10020,-9412,-3420,9274,1522
-15336,3180,-10868,440,-1540,-766
-11456,-972,-9148,-892,-282,-455
-14924,-620,-8768,-2014,60,1498
-13528,200,-9960,-492,-327,-626
-13288,-1408,-8764,-1076,-844,-103
-13744,-572,-9196,-1634,65,207
-13564,80,-9704,-1377,-255,165
-13516,-340,-9404,-1274,-644,-226
-13268,8,-9300,-1511,-498,-17
-13564,-188,-9596,-1164,-705,-162
-13736,-560,-9208,-1081,-995,-566
-13888,-184,-9336,-1885,-1010,-770
-13776,-388,-9576,-2210,-1136,-1747
-14412,320,-9988,-2361,-1694,-3118
-12816,-1880,-9100,519,-2968,-3320
-15532,-2196,-9084,-182,-1245,-1457
-14444,-1944,-8560,-1749,-870,-2724
-13040,796,-8312,-1013,-1441,-706
-12028,-368,-6868,-2095,-447,-490
-9976,1316,-7532,-3153,-621,-586
-7648,5068,-6440,-1737,-660,2375
-32768,-15768,-6584,-10976,12254,15019
-12900,13292,-12868,-3617,-5132,813
-12076,-4412,-8232,-400,-319,-4216
-12784,-3292,-7636,-1727,80,2328
-14304,1672,-10708,-1573,72,677
-13396,-620,-9236,-230,-959,-1358
-12848,-1168,-8876,-1839,-142,1104
-13724,892,-10216,-1521,-437,461
-13360,-264,-9484,-897,-677,-351
-13212,-376,-9388,-1158,-417,96
-13528,32,-9584,-1225,-382,77
-13388,-156,-9616,-1050,-600,-60
-13432,-292,-9460,-1169,-550,-30
-13616,-140,-9472,-1186,-728,-14
-13736,-76,-9712,-862,-818,-498
-13480,316,-9704,-926,-1262,-831
-14016,-224,-9856,-164,-2024,-1653
-13416,-188,-9472,324,-2644,-2120
-13928,-1812,-9568,1051,-3249,-2259
-15180,-2144,-9624,173,-323,-1879
-13716,-1212,-9344,-140,-620,-1721
-13336,-1460,-8148,419,-381,-1247
-11960,-536,-7740,-359,-590,-1080
-9916,1316,-6560,-123,-586,-11
-8272,3584,-4688,468,-968,2570
-9780,3536,-4672,-3149,-382,4605
-16,5080,-18620,-5498,-1140,5054
-15668,-4124,-6424,2844,-380,-4705
-10808,-2344,-8600,-948,-513,1959
-14332,2012,-10436,-2404,338,1357
-14184,116,-9836,-50,-1054,-1976
-12332,-2608,-8820,-1019,-638,-161
-14052,-128,-9472,-1859,-24,922
-13340,444,-9880,-1206,-432,-103
-13224,-660,-9660,-1035,-623,-310
-13388,-872,-9308,-1300,-526,-55
-13548,92,-9896,-1019,-626,-251
-13184,-620,-9684,-992,-929,-650
-13640,-800,-9492,-968,-975,-529
-13868,-80,-9764,-879,-1228,-1278
-14108,-248,-9788,-972,-2251,-2838
-13412,-652,-9368,953,-3449,-3182
-16908,-600,-9260,327,-2407,27
-15316,-3688,-8640,-1310,-1275,-1771
-13216,-2096,-8932,-1152,-1391,-2342
-10964,-1396,-8444,-585,-790,-1749
-9608,-952,-7852,-564,-50,-1157
-9900,1536,-8140,27,356,90
-9712,2956,-7112,322,735,2372
-9984,3100,-5468,-1643,1170,3995
-6480,-26072,-14448,-6529,5172,6997
-18796,1464,-9896,4438,-1081,-4368
-10892,-2008,-9472,-1369,-668,1
-13880,-1116,-9012,-3132,499,2614
-14528,1136,-10560,-732,-271,-624
-12960,-2076,-9020,-45,-662,-1319
-13024,-1400,-9448,-1672,-256,658
-13892,0,-9864,-1229,-429,154
-13048,-872,-9572,-964,-556,-346
-13284,-980,-9340,-1259,-538,-77
-13584,-536,-9872,-845,-712,-307
-13576,-860,-9580,-691,-921,-692
-13288,-564,-9692,-951,-1082,-386
-13612,60,-10036,-687,-1337,-464
-13592,-900,-10064,-252,-2039,-1267
-13544,-824,-9736,1575,-3053,-1592
-15836,-5248,-8364,688,-2499,-1981
-14704,-3612,-8372,430,-875,-1736
-14368,-2952,-8692,-1165,-738,-2152
-13324,-1948,-8148,-1816,-288,-2066
-11268,108,-7684,-756,-861,-852
-9992,452,-6876,-397,-780,141
-8788,1380,-5956,-1374,-777,1295
-8576,2492,-6080,-2193,-441,2521
-26004,3640,-25164,-2364,12267,-2848
-24920,7980,-11784,2633,-2788,-2575
-9860,-3944,-9004,-431,-186,-3131
-13452,-3696,-7972,-3160,303,2951
-14524,1428,-10892,-1525,-117,511
-13580,-1768,-9232,626,-628,-2374
-12272,-2924,-8884,-1688,-366,638
-13928,-156,-9800,-1891,-255,1158
-13388,-428,-9880,-854,-618,-367
-13212,-1464,-9244,-1091,-512,-185
-13420,-932,-9752,-1345,-525,32
-13432,-932,-9632,-806,-827,-485
-13364,-1512,-9616,-911,-1062,-693
-14136,-1044,-9612,-1236,-1095,-1217
-13948,-856,-9832,-1282,-1480,-2147
-13516,-1672,-9860,1426,-1981,-3383
-14420,-1856,-9868,656,-1527,-1126
-13980,-2748,-9504,195,-1613,-1509
-13260,-2480,-9220,-475,-518,-1450
-11412,-1112,-8220,-996,-41,-1449
-9008,928,-6376,-612,-254,-275
-8312,3008,-4744,-340,-1091,1934
-8708,2960,-4488,-2038,-1448,3563
3884,14032,-11524,-7693,-1862,5106
-16512,-2540,-6476,5520,164,-6372
-9588,-3244,-9452,-213,-514,-1151
-13336,-2636,-8864,-3442,201,2716
-15016,988,-10540,-914,-550,-316
-12736,-2572,-9272,465,-580,-2216
-12604,-3044,-8820,-1543,-321,456
-13404,-808,-10092,-2046,-410,1285
-13636,-972,-9768,-915,-479,-379
-12856,-2216,-9264,-1179,-523,55
-13316,-1400,-9672,-1459,-506,551
-13212,-1384,-9852,-1079,-1040,-54
-13472,-928,-9988,-725,-1401,-114
-14076,-308,-10528,848,-1921,-1057
-13000,-2076,-10104,3040,-3141,-1027
-16732,-5820,-9384,-1020,-1196,-446
-13768,-3460,-9376,-625,-368,-2726
-12976,-1736,-8560,293,-191,-1666
-11744,-1632,-7240,-458,-170,-1302
-10544,-940,-6416,-1888,-422,-994
-9656,636,-5544,-2063,-1162,-542
-9672,2288,-5304,-2765,-1335,2074
-32768,-25992,-19820,-13942,12037,6679
-23088,15340,-14772,-3664,-4014,2873
-9984,-6484,-8964,-639,462,-3837
-13448,-4820,-7624,-2210,-258,2698
-14116,1636,-11144,-2024,-359,1478
-13836,-452,-9868,480,-657,-2461
-12428,-3408,-8748,-455,-580,-986
-12980,-2060,-9464,-1764,-315,801
-13668,-944,-9712,-1224,-532,174
-13160,-1896,-9588,-826,-698,-454
-13308,-2016,-9420,-1287,-606,-51
-13264,-1540,-9776,-1190,-891,26
-13536,-1504,-9692,-932,-962,-422
-13480,-1344,-10060,-498,-1585,-800
-13460,-1220,-10432,1686,-2552,-1706
-13600,-3100,-9384,3504,-3412,-2504
-14752,-2468,-9592,-322,-277,-1638
-14864,-2912,-9260,-1198,-303,-1766
-13508,-2904,-8120,-1103,-396,-2083
-11540,-1980,-7072,-955,-769,-2073
-9384,-1472,-6184,-1862,-1661,-2250
-9332,-284,-5952,-2755,-1275,-1438
-9168,1080,-6548,-2471,-2300,14
-32768,-4460,-12916,-9156,13531,-1556
-22208,9592,-12940,-3070,-4315,3152
-11388,-5772,-8884,-177,1667,-3552
-12444,-4800,-8412,-2568,-224,3231
-14300,1360,-10960,-1893,-80,1252
-13932,-1260,-9804,501,-540,-2378
-12276,-3392,-9156,-16,-428,-1455
-12992,-2632,-9524,-1358,-785,486
-13548,-1560,-9728,-698,-631,-511
-12756,-3004,-9284,-703,-594,-417
-13068,-2620,-9404,-1391,-663,479
-12880,-2360,-9884,-1733,-923,1178
-15440,384,-10924,911,-1525,-1844
-14036,-1180,-8972,4565,-4264,-4039
-17876,-3168,-9584,-1910,-2372,1228
-13796,-5436,-8600,-2812,-1050,-3156
-11208,-2964,-8984,-1332,-2215,-3874
-9244,-2240,-8564,-596,-1264,-2808
-8216,-2200,-7592,-1249,-359,-2034
-9388,-1976,-7572,-1266,-603,-1436
-10540,-484,-7272,-414,1157,306
-12220,-848,-6212,-2464,1541,1751
-32768,-30200,-26940,-7846,14691,10876
-16792,10200,-13772,-9222,-4711,-499
-10168,-5804,-8140,5024,849,-4696
-10828,-7316,-7608,-700,-282,1129
-12516,-1344,-10240,-3723,-498,3718
-15676,8,-10088,-341,-134,-1113
-12544,-3440,-9348,767,-512,-2407
-11832,-4588,-8924,-1157,-680,81
-13632,-1912,-9660,-1932,-651,1123
-13404,-2140,-9632,-679,-569,-499
-12720,-3340,-9356,-800,-426,-118
-13268,-2572,-9632,-1332,-677,657
-14080,-2004,-10088,-1035,-1254,-317
-15452,-1060,-10244,1191,-1895,-3823
-16664,-6712,-7728,-1215,-2800,1174
-16296,-4788,-9036,26,-3262,-1518
-13900,-4560,-8332,-2877,-2357,-3023
-10980,-3256,-8584,-2936,-1926,-3460
-9260,-2420,-8200,-1540,-1514,-2744
-7464,-1680,-7400,-1421,-846,-1583
-7884,-1144,-7364,-1509,-655,-61
-10312,-216,-7300,-1040,-514,741
-13920,-52,-7208,-1895,239,2899
-32768,-32768,-12516,-15540,15218,10657
-15312,9668,-14848,-6180,-5246,4259
-12120,-6976,-6496,1889,991,-5083
-11432,-5240,-8640,-1462,-573,2190
-13452,-836,-10264,-2735,109,2489
-14520,-440,-10200,-742,-339,-650
-12368,-3424,-9296,-62,-160,-1260
-12716,-3464,-9192,-1486,-600,428
-13368,-1776,-9720,-1273,-649,258
-13024,-2740,-9192,-709,-457,-346
-12676,-3092,-9512,-1537,-529,879
-13148,-2224,-9892,-1445,-715,713
-12560,-2804,-9592,-2195,-1040,977
-14840,1112,-11580,1018,-1723,-139
-14304,-2144,-10420,6794,-4995,-3469
-18584,-7208,-7880,-1204,-4731,4038
-15132,-6132,-7572,-2410,-258,-4229
-9876,-2364,-8024,-3375,-1160,-4086
-8616,-2056,-8568,-119,-1568,-1499
-10108,-2020,-8280,696,73,-282
-10356,-1596,-7724,1025,1225,683
-10688,-396,-7400,2204,1236,2574
-10896,1072,-5344,2977,841,3640
-32768,-24516,-7348,-13909,14136,5749
-17080,11052,-14244,-3937,-4130,4446
-12460,-3644,-9076,1791,1000,-5915
-11272,-3008,-9160,1653,-217,2587
-14184,-2808,-9336,1359,-177,1812
-13016,-1408,-10220,2920,-268,174
-13052,-6652,-7524,1716,-506,1639
-12860,-3640,-8752,-3013,109,2008
-13436,-2160,-9280,-2318,-416,1517
-13476,-2328,-9532,-1374,-639,445
-12328,-2668,-9248,-1551,-935,542
-11944,-3620,-11556,-5201,-6023,5845
-17648,4080,-10616,-389,-8446,1575
-14832,-1164,-7508,4264,-8723,-3039
-14832,-2176,-5616,4433,-8242,-3261
-19620,-3836,-5008,972,-4370,629
-15856,-3744,-4912,-2517,1889,-3122
-10860,-1320,-6008,-4250,1882,-2807
-10296,-1792,-6108,-2021,1260,348
-9276,-2364,-6748,-1104,752,24
-9888,780,-7336,-844,1669,1143
-8948,2228,-5172,1,2325,4436
-23968,3484,-4856,-6862,16811,-1713
-4036,4596,-15636,-4084,-3450,5737
-15500,356,-6608,-998,-935,-925
-11668,-3072,-10084,-1393,1167,1024
-15004,1560,-10356,-2051,182,1531
-13632,-60,-9960,-83,-1025,-1803
-12464,-3076,-8912,-1070,-742,101
-13772,-1248,-9068,-2418,-321,2050
-13812,104,-9840,-1821,-320,1278
-13420,-428,-9500,-1117,-786,124
-13380,-844,-9096,-1412,-663,620
-13704,-192,-9692,-1231,-465,320
-13288,-652,-9396,-983,-1210,198
-13080,-936,-9416,-1020,-1361,898
-13552,384,-11088,-1234,-3518,2121
-14748,-196,-10196,1440,-6561,-981
-17288,1188,-8072,1368,-10952,-4710
-17664,-3196,-3000,3226,-10805,-3227
-14804,-3064,-5376,461,-2264,-3417
-11344,-1348,-6404,-3124,-583,-2635
-10216,-484,-6624,-1946,1505,-1072
-11348,-220,-6784,622,2553,-712
-11988,-2180,-6108,-97,4012,-222
-32768,-17404,-10352,-12259,13680,7633
-14524,-6508,-10260,-8151,9404,67
-10592,2512,-14700,-1022,-143,3521
-15496,784,-7592,-1423,201,914
-11928,-1224,-10100,-767,802,592
-14136,544,-9728,-1538,-478,587
-13320,-616,-9428,-569,-605,-1131
-12984,-1484,-9224,-1080,-457,-185
-13452,-344,-9496,-1539,-378,556
-13516,-436,-9572,-1161,-534,-62
-13404,-824,-9224,-1112,-478,22
-13352,-384,-9580,-1106,-406,196
-13440,-332,-9508,-853,-730,-209
-13404,-756,-9380,-893,-712,-400
-13404,-720,-9540,-1110,-816,-19
-13708,-780,-9608,-949,-713,-206
-13536,248,-10712,177,-1611,-622
-13532,-240,-11124,4082,-3720,-1237
-14676,-2032,-8532,5204,-6794,-2632
-20820,-5804,-6936,-2039,-3165,-1437
-13528,-2904,-7732,-3131,-362,-4605
-12056,-496,-8852,-2836,-1181,-2784
-10892,-1036,-7380,-1947,1392,-778
-8916,-976,-6624,-779,-142,-274
-8200,-80,-6212,68,840,891
-7916,1620,-5784,593,-248,2207
-11660,1484,-6304,-88,-136,4284
-16,-32768,-19436,-2563,11500,-599
-22056,9780,-11596,2619,-4162,-3435
-9684,-4436,-8580,-228,-74,-3008
-13332,-3476,-7968,-2684,498,4300
-14964,2672,-11220,-1020,21,496
-13404,-1168,-9532,940,-895,-2860
-12236,-3684,-8464,-1257,-650,366
-13716,-232,-9744,-2020,-233,1462
-13884,16,-9796,-760,-747,-530
-12864,-1880,-9076,-969,-561,-337
-13252,-820,-9648,-1826,-560,988
-13688,-220,-9716,-1017,-878,-305
-12804,-1784,-9468,-1337,-1614,-505
-13892,140,-9976,-1000,-1978,-459
-14172,448,-11092,886,-4563,-2605
-13856,-4276,-9356,3432,-8361,-6611
-20028,-992,-9504,-2664,-2156,-1852
-11700,-2340,-7244,-1553,1586,-3101
-11996,-1024,-6700,-504,-930,-1238
-11060,-1164,-6144,64,-178,-356
-10048,-816,-5676,-1104,-280,218
-10072,-68,-5824,-469,-781,1744
-10016,-748,-6508,-961,-1395,2470
-32768,-32768,-7080,-22599,21811,14
-8196,7600,-13668,-148,70,33
-8324,7484,-13556,-163,57,69
-8220,7476,-13580,-117,105,35
-8396,7568,-13600,-149,94,50
-8368,7460,-13720,-150,80,19
-8344,7464,-13600,-153,69,38
-8324,7520,-13556,-161,67,61
-8192,7472,-13572,-177,118,51
-8308,7492,-13636,-165,72,68
-8188,7540,-13640,-148,67,77
-8188,7540,-13696,-158,91,59
-8320,7600,-13584,-156,86,50
-8304,7572,-13572,-155,70,42
-8332,7528,-13592,-133,64,35
-8272,7588,-13544,-151,102,55
-8196,7568,-13592,-137,76,66
-8276,7548,-13592,-145,73,51
-8268,7592,-13640,-153,84,38
-8236,7552,-13512,-139,55,71
-8308,7648,-13724,-140,97,54
-8304,7592,-13572,-157,104,49
-8288,7452,-13600,-178,92,68
-8404,7564,-13828,-159,78,53
-8184,7468,-13672,-150,79,77
-8324,7468,-13752,-141,84,49
-8168,7488,-13636,-146,94,42
-8336,7492,-13636,-153,99,35
-8332,7544,-13684,-154,93,62
-8272,7492,-13520,-154,62,31
-8332,7540,-13636,-123,112,38
-8280,7584,-13568,-148,90,56
-8304,7556,-13704,-165,85,61
-8304,7548,-13672,-140,66,83
-8248,7596,-13652,-150,74,67
-8384,7560,-13588,-150,93,46
-8276,7460,-13580,-144,87,49
-8272,7572,-13648,-160,90,60
-8212,7560,-13676,-166,84,58
-8204,7652,-13644,-149,86,44
-8308,7508,-13608,-146,78,29
-8280,7504,-13696,-162,39,22
-8276,7460,-13636,-170,98,71
-8384,7600,-13580,-164,52,71
-8304,7600,-13448,-157,73,65
-8304,7548,-13656,-167,45,50
-8276,7544,-13596,-153,77,45
-8276,7612,-13552,-151,81,55
-8340,7568,-13664,-138,95,68
-8148,7544,-13480,-128,81,54
-8224,7524,-13612,-165,92,52
-8180,7624,-13724,-157,71,31
-8328,7492,-13684,-155,105,66
-8268,7540,-13644,-174,87,51
-8368,7580,-13580,-155,101,76
-8264,7540,-13620,-136,73,61
-8316,7604,-13536,-144,77,66
-8236,7516,-13632,-124,105,68
-8260,7520,-13556,-154,109,48
-8364,7500,-13800,-135,75,39
-8212,7520,-13596,-129,85,26
-8248,7500,-13536,-167,60,64
-8224,7552,-13748,-147,80,47
-8176,7468,-13648,-156,72,54
-8420,7532,-13672,-132,86,41
-8304,7548,-13700,-155,72,57
-8336,7444,-13656,-171,73,58
-8280,7516,-13620,-130,64,54
-8220,7488,-13580,-139,67,70
-8240,7500,-13672,-159,72,44
-8300,7560,-13604,-139,66,20
-8244,7504,-13604,-152,84,40
-8272,7536,-13596,-153,83,23
-8300,7480,-13624,-180,60,35
-8272,7580,-13708,-159,84,58
-8296,7500,-13720,-154,84,52
-8220,7504,-13620,-172,106,42
-8332,7576,-13584,-165,75,37
-8332,7608,-13724,-133,59,44
-8324,7528,-13712,-149,90,19
-8268,7516,-13652,-159,74,51
-8280,7588,-13592,-122,92,37
-8264,7536,-13548,-157,55,43
-8264,7528,-13704,-141,67,45
-8248,7564,-13632,-155,74,66
-8168,7524,-13524,-174,85,51
-8284,7568,-13412,-158,68,56
-8232,7532,-13664,-130,71,42
-8236,7512,-13768,-148,91,72
-8224,7452,-13604,-151,77,45
-8220,7564,-13588,-153,51,46
-8312,7484,-13548,-162,48,46
-8308,7592,-13640,-135,91,41
-8280,7496,-13464,-158,88,47
-8312,7536,-13584,-169,72,75
-8252,7524,-13756,-142,96,53
-8384,7540,-13676,-171,89,58
-8276,7588,-13692,-152,121,70
-8344,7504,-13664,-155,90,77
-8284,7596,-13652,-161,103,53
-8288,7608,-13664,-163,98,68
-8224,7524,-13628,-145,66,49
-8304,7496,-13588,-173,54,34
-8324,7472,-13464,-172,90,46
-8208,7468,-13588,-146,105,55
-8252,7612,-13672,-127,128,42
-8308,7468,-13588,-134,94,46
-8316,7584,-13580,-167,69,45
-8340,7580,-13468,-138,61,26
-8276,7548,-13668,-155,79,50
-8368,7536,-13764,-151,77,41
-8304,7520,-13652,-156,46,8
-8312,7456,-13624,-161,77,40
-8288,7484,-13712,-151,84,22
-8252,7548,-13592,-162,51,73
-8332,7584,-13532,-160,104,50
-8392,7500,-13668,-167,93,78
-8300,7500,-13712,-165,98,67
-8220,7544,-13624,-155,85,48
-8320,7596,-13668,-156,72,31
-8236,7616,-13588,-143,68,31
-8320,7580,-13572,-163,80,30
-8340,7568,-13832,-129,72,8
-8236,7496,-13436,-138,75,31
-8368,7556,-13684,-160,109,28
-8244,7496,-13660,-151,71,58
-8364,7568,-13584,-151,100,59
-8360,7644,-13496,-146,122,53
-8316,7576,-13544,-167,92,86
-8404,7536,-13592,-155,46,59
-8292,7544,-13664,-137,88,34
-8360,7592,-13624,-141,108,54
-8320,7552,-13508,-147,81,51
-8276,7544,-13632,-154,82,66
-8348,7504,-13788,-142,91,34
-8292,7500,-13596,-142,98,26
-8316,7520,-13760,-148,78,77
-8264,7488,-13672,-145,81,60
-8320,7464,-13720,-165,58,63
-8232,7548,-13704,-143,54,39
-8232,7556,-13612,-143,87,42
-8256,7520,-13628,-142,46,30
-8280,7504,-13688,-129,74,36
-8284,7592,-13624,-149,52,13
-8228,7548,-13760,-161,80,22
-8344,7520,-13568,-146,84,65
-8308,7484,-13696,-147,91,64
-8252,7420,-13544,-155,81,61
-8324,7584,-13612,-162,110,69
-8296,7564,-13580,-180,112,57
-8340,7472,-13592,-139,90,62
-8288,7464,-13684,-159,67,35
-8280,7384,-13584,-160,81,48
-8304,7536,-13608,-142,83,43
-8244,7572,-13804,-145,70,78
-8292,7516,-13576,-162,82,81
-8280,7532,-13644,-163,83,70
-8340,7548,-13708,-141,104,46
-8296,7528,-13432,-148,66,61
-8280,7516,-13688,-154,83,56
-8312,7428,-13540,-150,45,30
-8340,7540,-13552,-154,89,32
-8244,7452,-13600,-151,57,58
-8300,7568,-13496,-157,70,47
-8320,7540,-13580,-179,103,72
-8340,7532,-13624,-179,94,99
-8344,7556,-13764,-187,81,42
-8412,7540,-13480,-163,58,20
-8268,7572,-13600,-126,78,67
-8308,7628,-13544,-162,76,30
-8232,7540,-13488,-145,57,46
-8344,7448,-13528,-169,143,106
-8204,7468,-13652,-144,118,80
-8332,7416,-13740,-150,74,61
-8248,7496,-13752,-139,80,38
-8204,7580,-13696,-137,20,29
-8324,7472,-13700,-143,51,19
-8304,7532,-13836,-140,25,10
-8292,7476,-13636,-143,69,55
-8288,7468,-13624,-127,125,74
-8292,7600,-13612,-149,95,75
-8260,7524,-13712,-174,104,66
-8196,7536,-13632,-149,91,77
-8388,7648,-13680,-149,58,34
-8296,7556,-13540,-148,65,22
-8284,7504,-13720,-177,54,-1
-8352,7496,-13504,-135,79,50
-8320,7520,-13516,-151,82,52
-8268,7584,-13484,-162,111,57
-8316,7544,-13588,-164,122,51
-8192,7604,-13652,-146,94,78
-8328,7572,-13592,-159,98,58
-8312,7540,-13680,-143,76,35
-8224,7604,-13712,-165,71,31
-8232,7552,-13552,-133,79,33
-8228,7560,-13564,-153,92,25
-8268,7620,-13692,-145,80,56
-8312,7672,-13576,-171,72,36
-8352,7516,-13676,-146,76,82
-8320,7536,-13448,-146,55,30
-8316,7508,-13592,-161,89,51
-8264,7504,-13520,-161,109,41
-8320,7480,-13724,-157,78,29
-8252,7584,-13604,-145,87,59
-8304,7496,-13648,-158,92,71
-8244,7552,-13640,-140,78,35
-8212,7600,-13724,-156,112,61
-8260,7552,-13624,-146,52,25
-8220,7540,-13640,-135,28,7
-8264,7540,-13444,-123,9,-1
-8284,7476,-13816,-136,25,-1
-8292,7544,-13652,-120,88,69
-8248,7544,-13544,-164,110,94
-8240,7520,-13556,-180,164,95
-8208,7612,-13660,-155,119,85
-8356,7500,-13632,-160,97,66
-8260,7560,-13528,-169,108,51
-8328,7516,-13684,-141,84,25
-8340,7432,-13732,-170,35,21
-8300,7456,-13560,-171,71,54
-8300,7512,-13644,-165,79,63
-8304,7516,-13548,-139,95,72
-8264,7564,-13584,-146,128,76
-8328,7508,-13672,-153,128,69
-8316,7524,-13504,-126,94,58
-8216,7496,-13652,-124,80,24
-8296,7640,-13504,-148,66,5
-8352,7572,-13444,-140,69,34
-8272,7532,-13612,-162,63,28
-8316,7556,-13660,-150,75,50
-8364,7520,-13604,-148,51,34
-8300,7524,-13580,-169,111,32
-8260,7556,-13612,-174,57,29
-8304,7568,-13672,-162,57,46
-8316,7592,-13752,-149,72,54
-8280,7532,-13576,-157,81,41
-8308,7552,-13548,-133,87,51
-8252,7612,-13716,-152,101,65
-8308,7484,-13688,-145,85,47
-8368,7528,-13512,-165,91,62
-8304,7660,-13568,-157,93,69
-8252,7496,-13624,-179,70,64
-8356,7560,-13628,-147,73,40
-8384,7600,-13480,-141,75,50
-8308,7496,-13700,-158,73,60
-8244,7500,-13628,-134,81,60
-8288,7516,-13640,-152,93,63
-8196,7516,-13636,-134,87,60
-8260,7504,-13788,-162,81,38
-8264,7520,-13604,-155,54,18
-8248,7568,-13584,-171,57,19
-8276,7544,-13644,-169,55,41
-8300,7464,-13584,-140,92,45
-8244,7596,-13452,-175,62,62
-8280,7560,-13508,-176,91,51
-8260,7580,-13616,-139,66,63
-8292,7496,-13652,-137,78,83
-8284,7520,-13588,-162,108,54
-8388,7540,-13784,-151,117,66
-8272,7568,-13608,-163,88,60
-8160,7508,-13576,-167,57,35
-8240,7508,-13620,-155,60,30
-8340,7564,-13696,-147,41,50
-8272,7556,-13548,-154,115,46
-8396,7548,-13572,-168,94,39
-8292,7608,-13592,-146,76,56
-8200,7440,-13696,-140,101,43
-8208,7528,-13664,-152,42,52
-8240,7512,-13724,-150,60,45
-8264,7444,-13656,-164,61,54
-8312,7640,-13736,-167,97,67
-8260,7516,-13700,-151,77,73
-8292,7496,-13760,-151,84,72
-8348,7528,-13540,-159,61,32
-8312,7584,-13688,-140,72,27
-8188,7548,-13744,-170,49,72
-8320,7512,-13584,-143,85,31
-8328,7456,-13740,-157,69,60
-8288,7568,-13684,-141,75,45
-13088,1312,-10312,-956,-479,-195
-12968,1328,-10272,-977,-490,-203
-13056,1256,-10312,-1032,-495,-146
-13012,1212,-10192,-1051,-521,-99
-13020,1368,-10396,-1017,-496,-102
-13004,1328,-10192,-1049,-467,-123
-12924,1520,-10268,-939,-475,-222
-12984,1228,-10332,-809,-466,-403
-12984,908,-10144,-965,-415,-169
-12912,1244,-10320,-1095,-523,1
-12860,1272,-10216,-1007,-529,-127
-12984,976,-10160,-1186,-585,86
-12664,1052,-10284,-1713,-1051,638
-13140,1688,-10240,-1703,-1008,635
-13056,1092,-10156,-1634,-1009,570
-13308,1748,-10096,-1706,-1077,596
-13188,1800,-10080,-1450,-980,207
-13256,1896,-9880,-1330,-808,86
-13212,2028,-10212,-1076,-648,-165
-13228,1632,-10064,-1074,-648,-174
-13116,1664,-10112,-1087,-628,-84
-13208,1692,-10056,-1099,-679,-44
-13200,1724,-9968,-1147,-605,85
-12952,1364,-10100,-1198,-632,189
-12296,1656,-12084,-1477,-2777,526
-14276,3024,-12152,-2082,-8526,1101
-15644,1416,-9900,-1474,-11009,-230
-14548,1472,-6960,-3354,-8839,993
-14092,6444,-3432,2989,-5012,2729
-16828,-1404,-4428,3604,7697,2829
-8896,376,-5364,-1098,13036,-1587
-5548,-400,-5316,-4391,5532,-7025
-32768,-19440,-19704,-9776,2796,14292
-26120,16956,10492,-512,-13658,3770
-14060,-2612,-11452,442,1511,-2967
-23880,5796,-11596,-2032,-2544,-397
-12368,1488,-10296,-568,-564,-660
-13156,2120,-9880,-1150,-565,28
-13228,2124,-10028,-1018,-535,-150
-13020,1924,-10144,-1040,-535,-130
-13176,2080,-10012,-992,-568,-141
-12856,2312,-10120,-1092,-565,-57
-13052,2128,-9996,-946,-665,-232
-13128,1828,-9868,-935,-687,-208
-12984,1868,-9980,-949,-892,-199
-11460,1792,-13296,-785,-4418,-994
-14780,4768,-15056,279,-13433,125
-19036,416,-11304,5095,-19008,-2582
-17888,5340,-464,6271,-17990,-801
-23220,-8348,16,558,-422,-898
-12908,-1756,-2232,-13907,10817,-843
-7092,-288,-4544,-12618,7045,-8292
-5864,784,-6068,-11511,2538,-8286
-6192,3312,-6968,-7221,69,-8894
-10748,4000,-6500,-2335,-1239,-7758
-14640,5364,-5280,3029,356,-4980
-32768,-32768,-7204,-9577,6998,21428
-19684,-9952,-31112,3435,24919,-3685
-15664,9228,-12008,-70,-12236,-602
-13044,3308,-7288,12121,-1002,-7474
-10732,-11256,-5768,19,939,-2312
-12436,872,-10876,-3505,-564,4802
-14332,1872,-9864,-4117,546,3754
-12892,-168,-10156,-1828,505,1423
-12848,400,-10136,-2745,-574,2293
-12816,540,-10068,-3560,-440,3607
-13568,1944,-10292,-2899,-720,2824
-13208,1744,-10252,-2335,-642,1848
-13472,2500,-10324,-1768,-765,964
-13224,2116,-10280,-1035,-708,-48
-12488,1808,-10932,-759,-1492,-848
-13132,2880,-12636,-174,-5191,-2682
-15528,3780,-12048,423,-11303,-6053
-16576,2660,-9564,-2558,-15272,-7976
-22740,-516,-2188,-350,-11150,1824
-16712,84,-4596,-2276,5349,10249
-11000,452,-5756,1339,7626,6341
-7880,-1108,-5876,3670,6546,2638
-5440,-952,-6672,2899,2488,15
-7720,-640,-6576,1287,-2178,-2262
-12600,1956,-5732,-43,-2241,-2971
-13284,2468,-5192,886,-1394,-3608
1824,7600,-4464,-22933,32767,6264
8416,-9968,-17648,-3158,-10454,1154
-11788,2840,-9880,6781,-3342,-4048
-13172,-5084,-6188,-1550,-487,1064
-11840,2092,-11472,-3210,967,3694
-13808,2780,-9868,-808,-472,-725
-13252,944,-9588,-1295,-67,364
-12792,2712,-10248,-1225,-32,303
-13196,1952,-9908,-1128,-703,1
-12504,2888,-10116,-872,-848,-333
-12976,2408,-10200,-957,-1243,-286
-12348,1856,-10508,-700,-1889,-520
-12628,2832,-13972,-1058,-8935,-561
-15652,4252,-11712,127,-14805,-2549
-16972,568,-9008,9,-15235,-4010
-15732,5316,-2696,-409,-13891,-340
-21664,-1264,-3184,4165,2603,877
-13648,-252,-4712,-2060,11374,2690
-8536,44,-5728,-265,9392,-2564
-6256,-876,-5652,-365,3540,-3420
-8132,260,-5484,-785,91,-2750
-10348,1720,-5808,-584,-371,-1907
-12124,2932,-5696,1909,386,-1592
-13408,1932,-5404,1664,529,26
-12724,2196,-4496,-619,-739,1684
-16660,13776,-18292,-11544,26503,3953
-19372,8412,-6520,1883,-1232,-660
-11532,-3020,-8244,-2384,-2206,-856
-15648,2612,-9240,-2329,600,2105
-13332,4064,-10384,-1065,33,-128
-13180,860,-9772,-998,-116,-83
-13132,2380,-10060,-1089,-542,-30
-13220,2084,-9796,-1069,-703,-111
-13116,1932,-9928,-1060,-482,-69
-13212,2024,-9940,-1113,-389,19
-12824,1988,-10536,-978,-905,-284
-12852,2356,-10892,-457,-2128,-983
-12488,2304,-12008,351,-5791,-2318
-14324,2000,-11740,792,-11656,-3117
-16032,1008,-9288,1192,-12860,-3404
-18112,1132,-5112,3386,-10931,-2324
-19476,-1976,-5592,708,3013,1471
-13960,-96,-6428,-1016,8610,-221
-9636,-1008,-6016,-442,6781,-2234
-7892,-120,-5496,-1334,3418,-1559
-7904,1232,-4912,-923,1268,-2902
-9020,944,-4376,-1420,-519,-3319
-9564,2440,-4508,-2591,-2777,-1249
-10404,4600,-4268,1272,-5511,-1786
-16296,27644,-16128,-7518,23973,5949
-27368,14264,-10520,6222,-5390,-4805
-14300,-7580,-5352,6372,-1521,-4785
-14064,2164,-10436,-5294,806,4339
-14576,2776,-10108,-3537,228,3513
-12892,2144,-10536,-547,-368,-961
-12924,64,-9588,-966,-312,-184
-13000,928,-9968,-2228,-486,1896
-13560,2900,-10244,-1744,-487,1129
-13032,1816,-10152,-866,-898,-386
-12428,1572,-10824,-439,-2095,531
-12580,3684,-12772,1695,-5614,42
-14016,1404,-12980,7009,-10745,-926
-16340,1748,-10484,10561,-14770,-2460
-16604,1512,-5436,15175,-13313,-6353
-19124,-3120,-2020,16053,-8105,-4079
-15976,-2184,-4048,4187,5866,196
-9640,792,-5204,2604,7508,-1507
-7736,712,-5712,2844,4559,606
-9796,416,-5756,2501,1857,2145
-11760,-140,-5720,294,2560,2598
-12148,20,-5220,-2738,5201,3925
-10760,348,-4476,-2340,4094,3741
-32768,-16152,-9412,-30647,32767,15827
-4112,-9732,-22128,-6282,2100,9853
-28524,11168,-8712,1664,-2916,-2439
-12348,-7604,-7760,-2035,1680,-1499
-13016,1504,-10316,-3742,-635,4277
-13184,3248,-10896,-874,-343,-452
-12920,1008,-9856,-755,-466,-658
-12716,780,-10132,-1751,-387,907
-13448,2684,-10388,-1668,-666,766
-13204,1800,-10056,-897,-603,-370
-13068,1844,-10020,-1088,-599,-36
-12520,2184,-10764,-663,-1714,-1053
-12092,1420,-11880,-1364,-4599,-1063
-15052,2796,-11872,282,-9675,-2090
-16272,2416,-10696,3929,-13227,-4488
-18284,308,-3828,5932,-13029,-5110
-20388,-4244,-4212,2252,-1572,-1284
-13396,-216,-6884,1188,2532,-4578
-9652,640,-7048,4438,-922,-6621
-10412,576,-6728,5015,-2194,-4513
-10228,1092,-6668,3797,138,-2166
-10008,-448,-6676,820,2323,-1474
-10628,416,-6188,-2832,3544,-1126
-10992,1096,-3612,-3445,3504,-837
-8680,1064,-2932,-4713,-1567,1231
-28476,6152,-12552,-16663,19887,-1160
-10384,-388,-14388,-696,-13220,4057
-17780,2436,-6772,4034,-988,-1710
-12100,-4832,-8332,-3972,2026,186
-12096,72,-10944,-1907,-655,3965
-15080,2912,-9484,-2620,-242,2345
-12800,44,-10132,-1133,226,143
-13176,188,-9720,-1839,-520,1424
-13564,2004,-10196,-1621,-328,1121
-13508,2048,-10444,-473,-738,-736
-13044,680,-10264,379,-1063,-811
-13008,832,-10200,1665,-1198,688
-13004,356,-10364,2091,-2091,1351
-12416,844,-12636,3701,-5972,2665
-14884,1148,-11940,9566,-10137,2037
-17136,608,-7488,14116,-12906,-2495
-17860,-4872,-1496,15453,-13575,-5816
-19796,-6628,-2444,4749,-6888,-4539
-14144,464,-5628,531,-384,-6739
-10188,96,-5904,3167,-671,-5479
-9060,-420,-6124,3020,-1305,-2021
-10576,-1076,-6432,1084,1096,-389
-10524,432,-6588,-630,4637,2051
-10684,928,-5440,440,4538,4530
-12844,352,-5028,1353,1800,7008
-3456,10932,-5000,-12981,18145,2926
-19520,-684,-5644,-7727,15227,-1907
-3880,-544,-19044,-1654,2740,-1443
-16136,-2552,-7712,-1618,-3945,842
-14188,-564,-8988,-697,1225,-1606
-11204,-3920,-10240,-1791,642,1409
-13352,-60,-10148,-3227,-483,3245
-13660,-308,-9996,-2430,-135,2003
-12748,-584,-10284,-2275,-246,1384
-13112,220,-10264,-2329,-957,1525
-13520,96,-9992,-2045,-977,374
-13592,-320,-10304,-3016,-2399,-1379
-16368,248,-10344,-1858,-7741,-5155
-17304,-940,-7380,7328,-14533,-8897
-19228,-4996,-6000,11169,-15542,-2073
-16908,-4872,-8772,1401,-8152,-3367
-13364,-2516,-9512,-1743,-3253,-8034
-11128,-1064,-8328,-2198,-18,-5698
-9104,1276,-7044,-136,1417,-2852
-8836,516,-5312,3440,-253,-860
-10112,220,-4136,4601,36,1971
-10772,-700,-4460,3462,669,3982
-11912,-192,-4192,2402,1583,4417
-12916,-1116,-3116,1340,2583,4844
-32768,-21784,-10968,-21619,18165,12292
-27708,-9880,-7352,-11792,17573,-4147
-2016,-1968,-16024,-3175,832,-2628
-13180,2116,-11032,-2363,-6616,1291
-14624,-504,-7452,4403,-1738,-746
-13852,-4624,-6092,-824,1721,-894
-13600,-1236,-10312,-5844,2489,-1138
-11868,-708,-12000,-1590,-535,-1135
-13324,-2268,-9328,119,-1761,-599
-13880,-1944,-8776,-1003,-542,-907
-13016,-2572,-9364,-1014,718,-1288
-12048,-3224,-10052,-1380,-31,712
-13100,-2316,-9520,-1476,-763,2140
-11712,-3328,-10180,-2658,-1630,2728
-13644,28,-12620,-2429,-7745,3907
-17576,3908,-10644,4381,-10156,-708
-19144,-3304,-560,14872,-15475,-5876
-20732,-8280,-2740,7113,-8050,1482
-13964,-5964,-6896,-2887,-4661,-8931
-8912,-1632,-9276,-7361,355,-9074
-5976,1132,-9004,-4078,1750,-6038
-6516,1664,-7388,2564,2818,-2630
-9132,604,-5128,4654,3054,4063
-10460,1392,-4552,5467,1754,9375
-15572,-1328,-4316,5524,62,10218
6360,18600,-3624,-15948,19164,3583
-11296,-15192,-12352,-3394,12795,-6678
-10848,-1072,-13632,856,-2342,2321
-15244,-1816,-7120,1304,27,1608
-12900,-2164,-9704,-2421,2685,-80
-11884,-4472,-9644,-2725,-343,2375
-13988,-952,-9664,-2377,-444,1581
-12464,-1372,-10220,-2521,42,1535
-13084,-1104,-10148,-2390,-487,1810
-12896,-1280,-10168,-1907,-619,1170
-13476,-600,-10244,-1845,-914,1016
-13500,-284,-10004,-1066,-1186,-239
-13484,-756,-9988,-503,-1161,-779
-12224,-1880,-10428,-976,-2355,-564
-12944,-100,-12084,-2537,-6486,1898
-15228,1088,-10744,2112,-9148,102
-16220,2492,-7636,8411,-11848,-4214
-17660,-1760,-1552,11985,-15222,-4233
-20692,-6820,-1284,9277,-12361,-970
-15920,-3984,-3968,-3443,-1453,-3865
-9228,-2664,-6044,-8487,1179,-4947
-6160,2760,-7520,-5945,2102,-2089
-7808,1816,-6968,-540,2609,2717
-9612,972,-6408,1953,2860,5820
-12776,756,-4656,340,3069,6424
-3412,13300,-3576,-16838,23823,793
-17572,-16348,-13748,-3209,16326,-13226
-12180,-1336,-13416,1167,-6266,2317
-16244,664,-6148,-585,-2983,-394
-14088,-1904,-7676,-2362,1970,-3400
-12076,-1996,-11980,-1096,1515,-2089
-14032,-1304,-9640,-468,-1423,-1792
-12544,-3660,-8808,-1660,-1490,-2575
-13088,-2616,-9532,-1719,-1125,-496
-12648,-2988,-9880,-582,-1876,1610
-12660,-2684,-9776,-347,-2669,3428
-12852,-3484,-9536,605,-3763,5333
-14648,-12,-10096,-1324,-6736,6145
-15628,528,-9044,4211,-6756,1909
-17344,216,-7392,5284,-10092,84
-17684,540,-2404,10705,-11656,-2444
-21384,-4384,-2208,6022,-7716,2217
-14676,-2188,-4648,-3810,-294,-614
-10380,-1100,-5388,-5521,178,-3827
-6460,3316,-5908,-2283,588,1591
-6560,564,-5868,2690,-756,6353
-11856,560,-5536,3378,128,7435
-13764,-1424,-4596,326,2691,5195
-11516,3564,-4968,-10521,16138,-1520
-17712,-1208,-8696,-6694,9388,-100
-12712,-1692,-11812,-817,3398,795
-13648,1348,-9364,651,417,2480
-14464,1444,-7860,-2628,503,1230
-13620,-480,-8520,-2712,516,-648
-13480,56,-9172,-2774,-93,-536
-13984,1000,-9140,-1680,-34,-143
-13892,152,-9072,-1621,-62,-146
-13856,200,-8976,-2032,-250,372
-13476,216,-8952,-1407,206,695
-13592,812,-9336,-1441,-10,719
-13712,980,-9288,-1166,-197,768
-13472,744,-9640,-873,-820,803
-13212,852,-10136,-181,-2168,1099
-14440,1424,-11800,557,-7058,433
-16344,2884,-10308,1725,-11405,-2066
-21232,2688,-5000,3502,-13006,-4268
-23876,-5396,-3752,-413,-2374,23
-13048,-4604,-5008,-5673,2104,-9076
-9420,-728,-7456,-6547,-383,-9418
-8420,664,-7920,-1756,-974,-3557
-7132,-248,-6976,772,-1359,-1850
-7788,8,-5720,454,-2977,-758
-10612,5316,-5840,1927,-2740,3675
-11480,2868,-4520,8209,-4336,5009
-32768,-18252,-2532,-15037,24941,11604
-22516,-2468,-6892,-10252,16979,4300
-7080,948,-15064,-3414,7130,1110
-13284,-408,-10912,836,-2077,1759
-14688,660,-7676,1014,-2189,617
-14324,464,-7700,-1645,-249,-505
-13656,-260,-9076,-1162,740,-788
-13380,-436,-9572,-964,-262,214
-14056,444,-8904,-953,-328,647
-13948,332,-9184,-1096,-64,342
-13576,232,-9208,-1388,-446,120
-13632,328,-9248,-856,-713,-177
-13568,-32,-9380,-745,-1357,165
-13456,48,-10408,457,-2589,683
-14804,912,-10656,1597,-5713,-91
-16508,2240,-9708,1621,-8694,-3008
-18004,656,-3796,6898,-11547,-4299
-21528,-4372,-3132,2610,-7371,2202
-14908,-3692,-4752,-4919,-2623,-4940
-11848,-1180,-6204,-9696,-1419,-6002
-8792,1012,-7016,-5098,-1555,-4271
-8700,1496,-6944,-704,-1401,-147
-9260,-188,-6668,1567,-1073,1647
-11752,168,-5652,1164,-303,2954
-13472,116,-4240,1398,-417,3230
-28464,-5676,-6656,-16938,20365,7394
-19352,-4800,-5772,-8454,13119,-672
-11612,1228,-14492,-5254,4547,1296
-12856,-684,-9784,-319,-822,3089
-15084,1540,-7764,619,-714,1308
-14340,644,-7704,-2207,899,562
-13796,-172,-8696,-1490,1932,283
-13596,1228,-10040,-741,1047,484
-13608,720,-10008,661,-615,3
-13640,-544,-8984,286,-2018,-90
-14024,236,-7988,-582,-1623,102
-13960,-32,-7976,-2154,-564,-13
-12588,-1552,-8524,-3413,-392,478
-15188,4292,-12684,-1911,-4223,1288
-15540,3940,-10848,-185,-8595,190
-17460,1340,-8636,1557,-10744,-2538
-18616,-2124,-3476,2722,-10682,-4759
-19908,-1852,-3616,1811,-8394,-2713
-15500,-848,-4272,-206,331,-4348
-11972,-36,-5320,-2354,809,-3000
-11220,732,-5832,135,144,-1458
-10916,-752,-5988,-930,2228,372
-9120,880,-5980,399,4131,-20
-9180,524,-5416,1450,3410,2321
-11736,560,-5452,2739,790,4638
-15232,-1268,-5124,2921,933,4660
-22884,-1708,-7248,-14471,21728,7351
-17292,-2836,-5388,-9092,10569,988
-11924,3680,-13824,-6187,2624,7
-12440,-1936,-10232,-736,-1274,1477
-14760,1744,-7932,1031,-1054,1769
-14432,60,-7392,-1443,1154,1019
-14052,140,-9020,-1696,2055,470
-13648,640,-9732,-1563,1388,1047
-13752,1332,-9664,-1630,225,1095
-13560,1500,-9756,-1437,-622,364
-13304,1036,-9800,-1081,-1810,546
-13244,688,-10292,-977,-3337,1243
-14540,2456,-11740,23,-7836,1537
-17136,1340,-8248,5469,-12520,-327
-21452,352,-2336,5228,-13651,-1789
-23792,-2032,-3024,-1905,-6187,-4078
-13736,-1232,-5416,-6028,-256,-10541
-9928,2504,-7940,-7528,68,-8427
-7368,3428,-7824,-2138,385,-3422
-6456,1972,-6744,3088,-635,1883
-9344,-528,-5944,2594,-314,3897
-11324,-584,-5680,640,1338,3691
-13432,972,-6116,1359,1371,4915
-17160,-764,-4292,2688,1895,5763
-13812,6116,-5328,-7313,18461,524
-17428,-1444,-6480,-6292,8197,1779
-13228,824,-12128,-286,2757,376
-13852,1812,-9284,193,394,1848
-13200,-48,-8024,388,1595,2508
-14328,1248,-8860,318,2525,2279
-13552,716,-10148,-1165,1821,1542
-13268,948,-10084,-835,-131,1083
-13624,1084,-9200,-1104,-1051,627
-13400,1200,-9752,-1248,-1152,262
-13380,720,-9532,-1611,-2124,494
-13932,1772,-9892,-1203,-3321,860
-14600,3220,-10840,530,-5132,-17
-15392,1600,-10076,2006,-8205,-1668
-16932,2124,-4928,2111,-10113,-95
-19704,-976,-5836,-1065,-1453,-3590
-12780,-564,-6648,-5836,-1291,-7134
-10600,1136,-7460,-3725,-635,-4958
-8820,1216,-6076,-497,-432,-2253
-9796,316,-5628,-94,-949,-68
-11864,1024,-6028,-798,-697,885
-14032,940,-5868,-1356,113,2032
-15432,968,-6436,-792,67,2612
-14676,-416,-6624,-826,478,2320
-11680,4276,-7228,-9546,11288,1731
-13112,400,-9584,-4432,6175,230
-13616,328,-10468,-909,2054,224
-14340,1276,-9100,-694,268,1214
-13840,472,-8124,72,876,1617
-14140,476,-7864,-894,2054,1747
-14076,2100,-9248,-2015,2934,1030
-13396,1004,-10184,-1884,1991,431
-13292,1196,-10008,-1671,267,763
-13644,1744,-9304,-1665,-25,397
-13624,1128,-9212,-2206,463,-167
-13136,1600,-10040,-2693,323,242
-13092,1512,-10112,-1326,-470,685
-13292,2116,-10040,-1289,-1627,372
-13104,1168,-11248,-1661,-4019,965
-14704,2516,-11976,524,-9705,217
-19376,-472,-7140,116,-12230,-366
-24240,516,-3008,-1102,-12729,-2988
-17656,-52,-4404,-1250,-1627,-8949
-9300,-364,-6112,-4664,-3310,-8589
-8476,3432,-7852,-236,-2494,-4895
-7400,2008,-7300,2509,-620,-441
-10236,1776,-7532,2712,506,1573
-12376,2828,-7392,3310,2337,4075
-15092,2596,-7380,5058,2825,5578
-18104,-260,-6152,2062,3806,6137
-17600,-2404,-4468,-676,8182,-2376
-16580,84,-7260,-2850,3691,1185
-14508,-1716,-8200,-1494,2505,216
-14084,148,-8384,-1408,2498,1547
-14268,412,-8124,-1872,3378,1622
-13540,1024,-9452,-2442,4046,1448
-13352,1952,-10068,-2151,2965,1611
-13196,1656,-10492,-1696,794,1071
-13180,1896,-9940,-1521,-112,417
-13364,1692,-9700,-1888,239,165
-13104,1924,-10184,-1588,-26,817
-12916,1228,-10128,-1653,-726,965
-12672,1848,-10512,-1388,-2009,1056
-13680,1552,-11060,-967,-6438,1553
-15852,1208,-10140,1699,-10120,2845
-17804,-744,-3224,-602,-10897,-2848
-19972,1840,-6012,234,-2156,-10596
-11908,964,-8248,-4160,-3497,-9607
-9912,3816,-9892,-1075,-2103,-5122
-7452,2548,-8856,2288,-1026,-1046
-7812,1988,-7140,3697,-1092,2365
-9692,656,-5888,3154,-584,3395
-11504,2052,-6152,2164,1153,3416
-14784,1680,-5596,1382,1634,4346
-32768,-25224,-11824,-9042,8231,4967
-17116,-2924,-5468,-7375,7676,-1800
-12540,1340,-11936,-4405,-47,-2160
-13188,-336,-8600,-1263,-794,303
-14244,884,-7724,-1729,1201,1717
-14212,1556,-9112,-1864,2716,586
-13096,1164,-10360,-2058,1701,416
-13244,1060,-10068,-1431,-249,624
-13644,1508,-9368,-1600,-580,-161
-13628,1144,-9372,-2916,-438,-808
-13356,1036,-9888,-3186,-924,-676
-12984,1540,-10680,-3188,-2329,369
-14024,1432,-10616,-862,-4923,499
-15920,968,-8240,2963,-8305,-2349
-22312,-1248,-5280,-1974,-8634,-1289
-15864,-612,-7184,-1331,-1936,-6606
-13920,2080,-9624,-4303,-2298,-6380
-10016,2400,-8912,-3247,448,-4075
-8440,1312,-7472,-397,-384,-1417
-8880,16,-5312,1767,-144,437
-8956,100,-4396,2022,-1470,121
-11824,1476,-5380,670,-2382,1210
-12840,1424,-6084,724,-5103,581
-32768,-22032,-16776,-14692,3213,6903
-19736,-5112,-9188,-5186,8318,-2941
-11624,720,-11712,-4135,2192,-65
-13692,-336,-9000,9,1436,2816
-13712,1692,-9224,3659,3100,4213
-14156,176,-9016,5412,2917,4934
-14240,2032,-10088,4059,973,3495
-13464,940,-9088,5474,631,1507
-13756,-612,-8440,1434,317,1360
-12960,-716,-8776,-1077,504,983
-12972,652,-10172,-2177,-895,1388
-12452,564,-10548,-3425,-3217,2845
-13936,1748,-10868,-2367,-6326,2662
-15624,2456,-10124,1173,-9979,300
-18652,1552,-6668,3797,-12051,-1503
-16476,1832,-3624,2677,-11079,-3155
-21880,1356,-5684,3278,-3211,-5091
-8928,-3040,-5636,-3262,2890,-5448
-11452,608,-8180,-2053,793,-5177
-10160,2560,-6036,3647,1689,-2577
-11360,1424,-6292,660,-420,1599
-15512,1308,-6700,-165,3039,4019
-12640,-244,-5144,-182,3553,4885
-10868,-1168,-4500,-1270,1074,3789
-14324,7356,-4228,-10857,12292,-308
-13480,-1604,-13696,-5577,9972,-1756
-11756,-1424,-11652,-1173,-1928,2364
-14404,2036,-7764,-2211,-686,1539
-13588,428,-9420,-2189,1348,1399
-13504,2048,-10068,-1630,347,840
-13536,1104,-9420,-1346,-669,255
-13688,1720,-8900,-1490,528,383
-13372,1592,-10040,-1354,374,198
-13316,2092,-9932,-1070,-526,-70
-13308,1508,-9712,-989,-1065,-346
-13552,1668,-9444,-975,-498,-262
-13268,1440,-9932,-880,-958,-287
-13440,1272,-9888,-1012,-1538,-42
-13284,1712,-10692,-944,-3772,178
-13720,2044,-10740,-510,-6886,-747
-16876,1288,-8052,1967,-10759,-2662
-19652,1268,-3552,1620,-13573,-4307
-23496,1300,-4968,387,-4394,-3336
-10616,160,-5192,-3763,-1080,-5459
-8344,2176,-7536,-4453,-1589,-3379
-6248,2092,-8008,85,-400,242
-8180,-920,-7076,1869,-805,2488
-13288,-1668,-6560,-602,499,1165
-15148,-1076,-4936,-1384,2242,-848
-20876,3328,-3596,-6902,10885,1890
-12432,200,-12860,-3782,7340,1915
-13904,1600,-10388,-2466,1759,2616
-14176,2712,-8568,-1775,900,304
-13804,716,-8912,-1801,1489,472
-13768,1548,-8812,-1759,1799,630
-13432,1668,-9908,-1512,1460,460
-13488,1632,-9628,-1365,289,389
-13544,1468,-9584,-1435,318,124
-13232,1592,-9988,-1202,-223,55
-13452,1492,-9472,-1200,-607,-138
-13532,1516,-9716,-1114,-517,-22
-13496,1816,-9504,-1145,-580,134
-13436,1584,-9640,-1102,-613,53
-13456,1536,-9656,-1064,-959,47
-13312,2012,-10280,-1022,-2264,-13
-13580,1444,-11028,-1004,-5723,-875
-15252,2804,-9088,510,-7611,-2333
-16392,-2408,-5528,-1537,-5760,-4846
-14268,904,-7716,-1547,-366,-5388
-11976,956,-8568,-1212,-1289,-3716
-10732,472,-7948,57,-1019,-1631
-9888,268,-6840,84,-687,571
-10340,224,-5864,-20,-1377,971
-11708,1272,-5792,-749,-828,1763
-13648,10792,-7364,-12243,16992,5691
-11376,1496,-12684,-4466,5311,1172
-13300,1224,-11020,-1538,-890,-146
-14120,920,-8180,-1228,-1631,148
-13816,724,-8060,-1440,359,55
-13656,1040,-9176,-1819,922,350
-13796,1260,-9496,-1741,369,161
-13652,1192,-9468,-1589,-160,24
-13724,1172,-9056,-2080,-241,169
-13756,1300,-9204,-1969,200,324
-13572,1120,-9412,-1625,182,532
-13716,1452,-9560,-1534,121,565
-13528,1888,-9716,-1242,-202,185
-13292,1644,-9712,-1066,-685,145
-13176,1644,-10428,-1096,-1833,-114
-13912,1268,-11260,-764,-6235,-1146
-15408,2912,-10312,2490,-9690,-1548
-17264,-2668,-4828,3208,-10283,-1877
-18748,-1200,-6548,915,-2583,-4897
-12492,1472,-7212,-244,-2748,-5611
-9580,1728,-7764,4138,-3275,-1606
-8040,1172,-7552,5811,-2544,478
-8500,3284,-6924,7579,-584,3649
-10300,864,-5740,5763,518,5063
-13352,964,-4828,1703,1818,3909
-18168,4392,-1404,-7059,13863,-909
-17876,-3556,-9896,-7129,5502,-2633
-13360,2768,-11872,-4359,179,-1886
-13980,1112,-9096,-2185,-1397,1314
-14760,1896,-7544,-1889,609,1181
-14084,1108,-8588,-1845,2052,603
-13688,1244,-9596,-1780,1382,555
-13732,1412,-9328,-1348,465,399
-14064,1152,-8568,-2158,433,-337
-13868,1384,-9288,-2393,678,-795
-13608,1512,-9696,-2303,322,-824
-13316,1076,-10000,-1252,-562,-80
-13788,1924,-9356,-1064,-1099,320
-13628,1084,-9520,-876,-1439,11
-13516,1080,-11224,-1501,-4367,266
-14688,2000,-10588,53,-9018,-98
-16320,716,-8728,3423,-10769,-1056
-19076,-1892,-3364,4011,-10243,-1753
-18992,-648,-2032,4903,-9572,-5178
-15024,312,-5704,173,-1612,-4180
-10148,3584,-7264,932,-956,-2854
-9632,2484,-7824,601,31,1439
-9036,1648,-7088,173,3252,3422
-8152,1108,-4656,992,2371,4829
-9760,384,-2868,511,-1783,5574
-11144,4812,-1672,-10178,15958,-854
-14364,-2892,-13976,-2385,5450,-1916
-13368,-1080,-8944,-586,-1468,35
-14128,1328,-6428,-396,-959,548
-14888,1636,-6748,-1749,2150,-100
-14632,1080,-7936,-2895,3605,172
-13772,552,-9416,-2674,2824,370
-13796,1252,-8960,-1860,1626,870
-13888,1860,-9004,-1865,1427,488
-13788,1508,-9244,-2227,961,-53
-13444,1444,-9496,-1768,306,-42
-13584,1008,-9404,-1008,-488,286
-13640,1616,-9212,-1073,-890,44
-13436,1036,-9912,-1067,-2106,252
-13900,1932,-10248,-614,-4795,185
-14920,1736,-9432,2125,-7331,-473
-16980,-2368,-6032,2939,-7391,-1735
-19128,-1112,-4872,-220,-6017,-5078
-14404,1700,-7668,-462,-902,-5592
-12764,2720,-7912,-1207,-439,-3218
-11608,1372,-7584,-898,9,-886
-11576,956,-6488,-605,594,285
-10844,604,-5540,-141,-801,967
-11740,1980,-5620,199,-2063,2489
-13260,1036,-6252,-958,-1044,3464
-12244,2736,-6812,-7391,8611,-1445
-15384,-352,-10292,-4875,5923,-1435
-13576,896,-10300,-1988,1794,474
-14632,2080,-8356,-1516,1204,1259
-14264,1088,-8736,-1829,2352,157
-13856,1128,-9272,-2562,2292,360
-13372,1624,-10184,-1783,1293,652
-13332,1472,-9884,-1295,-315,505
-13628,1564,-9448,-978,-1083,-169
-13824,1284,-9264,-889,-1107,-560
-13660,1028,-9436,-1117,-1479,-277
-13992,1252,-9968,-1047,-2677,-9
-14420,652,-9428,-1529,-4415,147
-15488,532,-7676,-2052,-3683,-284
-18624,-1060,-6612,-7679,-2491,-3502
-14720,2216,-7520,-1853,-1203,-3785
-15016,2672,-8860,-521,-4439,-2633
-13508,1840,-9424,-2466,-2396,-2203
-11524,1276,-8432,-655,-1745,-557
-11452,152,-8216,-683,-1086,-186
-9472,588,-7628,565,-369,54
-10032,1384,-7836,2039,-1009,1873
-11348,2244,-6856,3521,-403,3203
-12620,2544,-6668,2526,-443,4640
-32768,-4764,-3816,-1444,-611,8873
-24788,-5280,-5000,-3285,9173,-224
-11296,188,-11376,-241,2228,1905
-12552,4004,-10796,5298,1215,3171
-14128,-24,-8776,3830,885,4120
-13916,1332,-9764,2005,441,1960
-13828,540,-9208,-1239,-689,-86
-13648,924,-9268,-1826,182,128
-13456,1508,-10020,-1945,989,358
-13060,2148,-10244,-1311,411,216
-13236,1744,-10000,-1284,-542,-24
-13300,1588,-9736,-1211,-202,180
-13068,2068,-10260,-1054,-705,-70
-13220,952,-9784,-1413,-1351,-88
-12940,1216,-10356,-1172,-2278,180
-13588,1832,-10796,-1823,-6323,-25
-14740,2556,-9140,-3398,-8449,-971
-17592,-748,-4268,-4020,-6484,-4504
-20008,3840,-5880,-1175,-4673,-6161
-10948,268,-7084,-867,-1734,-4807
-12248,2028,-9784,-1273,-827,-2086
-10596,880,-9152,614,865,1012
-11372,336,-8808,559,1527,2158
-12660,936,-7472,2335,3886,2606
-11240,1304,-6616,1525,1825,3083
-7452,8684,-2952,-2118,13003,2242
-9916,5416,-14204,-2690,5101,506
-12880,2176,-10668,-1937,-117,857
-13776,744,-8960,-2150,1418,-207
-13080,1780,-10460,-1439,984,440
-13064,1148,-10296,-1091,-507,-347
-13332,1324,-9656,-1192,-267,70
-13060,1800,-10124,-1177,-235,-18
-13172,1468,-9888,-1154,-316,92
-13052,1952,-9872,-1026,-176,139
-12904,2192,-10036,-1013,-544,-84
-13028,1808,-10192,-841,-1117,-409
-13192,1812,-9896,-1201,-888,-287
-13108,1544,-10160,-1093,-1026,316
-12900,1080,-10888,-1249,-2813,272
-13640,2080,-10380,-1998,-4778,312
-14548,2832,-9888,-4018,-6556,-397
-17240,1680,-6872,-1277,-6913,-2037
-21096,924,-6944,408,-3471,-2557
-11852,-128,-7624,-2764,-2017,-5505
-10820,1796,-8520,105,-1369,-1043
-10196,-692,-8064,-675,478,-331
-9520,976,-8112,-385,3103,-792
-9812,2764,-6488,1647,2597,1569
-20480,-9296,-6012,2726,88,1154
-26740,3048,-13976,-652,8525,948
-14780,980,-6860,-3405,-619,-1883
-11336,4228,-13672,-1744,-1126,436
-12272,1624,-11900,-3637,2749,-921
-13260,5372,-10376,-1253,-285,84
-13476,616,-9820,-807,-1014,-590
-13296,880,-9764,-1215,-88,164
-13044,2052,-10312,-915,-628,-404
-13228,1404,-9732,-1210,-896,-451
-13180,1040,-9716,-1455,-622,-538
-12948,1520,-10148,-1394,-603,-97
-13316,1768,-9884,-1197,-508,160
-13272,1500,-9892,-1153,-591,197
-13100,1920,-10040,-1088,-773,265
-12780,1276,-10808,-712,-2369,210
-13484,1844,-11416,49,-5860,-65
-14728,2332,-10980,3717,-9641,-693
-19252,420,-5700,7679,-10336,62
-16324,-2140,-5628,2096,-1382,-2404
