-13428,1108,-9544,-1071,-513,-80
-13428,1096,-9548,-1069,-506,-98
-13528,1084,-9616,-1066,-511,-115
-13516,1008,-9612,-1069,-512,-95
-13452,1004,-9616,-1075,-491,-105
-13428,972,-9632,-1056,-504,-112
-13384,1080,-9560,-1053,-488,-121
-13528,964,-9536,-1057,-536,-115
-13496,1020,-9556,-1060,-528,-113
-13596,1060,-9660,-1057,-511,-96
-13440,1040,-9620,-1061,-491,-93
-13444,1016,-9544,-1062,-520,-85
-13456,1076,-9700,-1071,-518,-87
-13396,1152,-9580,-1086,-509,-108
-13404,1064,-9560,-1065,-510,-69
-13468,1180,-9616,-1062,-503,-94
-13468,1064,-9552,-1062,-496,-114
-13452,1132,-9420,-1071,-538,-112
-13476,1028,-9620,-1060,-515,-111
-13424,940,-9540,-1061,-521,-93
-13464,1092,-9416,-1057,-519,-83
-13528,1064,-9656,-1060,-495,-96
-13524,1112,-9588,-1071,-527,-100
-13448,1052,-9556,-1076,-520,-88
-13552,968,-9620,-1065,-528,-114
-13496,1036,-9628,-1066,-517,-80
-13492,1108,-9556,-1087,-524,-88
-13376,1128,-9616,-1066,-514,-90
-13448,936,-9604,-1046,-519,-80
-13516,1048,-9608,-1062,-500,-104
-13420,980,-9808,-1079,-504,-73
-13400,1036,-9676,-1090,-515,-77
-13408,1040,-9572,-1058,-524,-87
-13500,1088,-9576,-1054,-533,-97
-13428,1144,-9548,-1029,-481,-106
-13464,1052,-9652,-1060,-501,-108
-13544,976,-9480,-1062,-535,-108
-13472,1016,-9656,-1052,-510,-102
-13432,1120,-9492,-1079,-48,-13324
-13432,1120,-9492,-1079,-48,-13324
-13432,1120,-9492,-1079,-48,-13324
-13432,1120,-9492,-1079,-48,-13324
-13432,1120,-9492,-1079,-48,-13324
-13432,1120,-9492,-1079,-48,-13324
-13504,944,-9508,-1073,-510,-94
-13396,1052,-9468,-1067,-472,-108
-13460,1144,-9496,-1082,-509,-97
-13368,1000,-9496,-1076,-505,-99
-13504,1068,-9472,-1069,-502,-100
-13376,988,-9628,-1070,-515,-96
-13428,1052,-9384,-1063,-510,-113
-13564,1000,-9452,-1047,-520,-115
-13336,1184,-9576,-1054,-495,-87
-13480,1092,-9540,-1067,-499,-101
-13484,1060,-9520,-1063,-516,-90
-13436,1076,-9548,-1071,-492,-103
-13432,1100,-9596,-1062,-492,-104
-13480,1004,-9600,-1050,-516,-110
-13432,1016,-9620,-1062,-515,-95
-13464,1104,-9624,-1039,-528,-75
-13464,1084,-9548,-1054,-549,-92
-13416,1096,-9616,-1065,-523,-88
-13356,1116,-9472,-1071,-502,-90
-13420,1100,-9528,-1082,-526,-106
-13576,1032,-9620,-1068,-527,-106
-13548,1004,-9524,-1042,-497,-80
-13600,1136,-9400,-1063,-502,-94
-13360,1064,-9696,-1063,-518,-101
-13448,1052,-9536,-1049,-515,-104
-13536,1076,-9512,-1057,-511,-114
-13372,1116,-9512,-1057,-518,-101
-13496,1084,-9612,-1058,-491,-94
-13432,1016,-9592,-1060,-511,-95
-13412,1172,-9648,-1061,-488,-88
-13436,1088,-9632,-1042,-509,-95
-13512,988,-9624,-1059,-504,-94
-13404,1024,-9612,-1057,-500,-101
-13368,1184,-9616,-1066,-526,-81
-13468,1088,-9608,-1058,-515,-89
-13416,1076,-9652,-1051,-512,-93
-13416,1040,-9536,-1067,-512,-80
-13624,1076,-9632,-1083,-494,-95
-13448,1108,-9600,-1073,-510,-100
-13484,984,-9572,-1065,-501,-99
-13488,1148,-9632,-1067,-506,-78
-13452,1176,-9588,-1041,-488,-104
-13528,1012,-9648,-1060,-512,-105
-13508,1068,-9488,-1058,-505,-87
-13452,1096,-9540,-1082,-519,-97
-13360,1056,-9412,-1071,-506,-77
-13424,1004,-9664,-1054,-526,-96
-13584,1056,-9524,-1056,-523,-90
-13396,1052,-9624,-1049,-504,-89
-13544,1072,-9688,-1039,-536,-114
-13392,1068,-9524,-1078,-531,-117
-13412,1144,-9552,-1076,-492,-64
-13348,972,-9612,-1065,-489,-100
-13428,1044,-9516,-1061,-505,-106
-13400,1080,-9528,-1080,-504,-77
-13560,1116,-9588,-1066,-510,-74
-13344,1132,-9600,-1064,-508,-94
-13400,1056,-9532,-1065,-510,-88
-13508,1112,-9572,-1066,-524,-98
-13436,1056,-9560,-1053,-521,-107
-13544,1040,-9616,-1048,-511,-107
-13572,984,-9540,-1077,-497,-83
-13480,1092,-9528,-1069,-477,-90
-13496,1088,-9588,-1072,-498,-79
-13400,1088,-9620,-1076,-513,-93
-13488,1096,-9680,-1063,-512,-87
-13588,980,-9680,-1053,-528,-93
-13576,1136,-9628,-1071,-489,-119
-13440,984,-9568,-1066,-518,-117
-13476,996,-9620,-1056,-511,-75
-13416,1064,-9548,-1071,-505,-107
-13548,1132,-9652,-1065,-513,-65
-13432,1052,-9636,-1077,-498,-108
-13576,1092,-9604,-1080,-500,-83
-13448,1040,-9600,-1053,-505,-117
-13420,1088,-9488,-1063,-549,-91
-13492,1140,-9656,-1071,-521,-99
-13500,1004,-9580,-1085,-518,-109
-13376,1168,-9684,-1044,-529,-112
-13424,1092,-9500,-1056,-503,-89
-13424,1072,-9528,-1071,-526,-86
-13424,1092,-9604,-1089,-509,-80
-13400,1072,-9660,-1069,-509,-82
-13548,1032,-9580,-1069,-512,-101
-13440,1156,-9580,-1061,-483,-78
-13456,1064,-9548,-1047,-504,-113
-13436,1132,-9420,-1058,-509,-111
-13376,1060,-9544,-1061,-510,-91
-13520,1108,-9532,-1068,-504,-82
-13524,1076,-9552,-1065,-512,-62
-13560,1096,-9716,-1076,-498,-89
-13532,1092,-9484,-1071,-502,-85
-13416,1032,-9532,-1064,-548,-111
-13532,1092,-9484,-1055,-525,-116
-13488,1004,-9628,-1067,-530,-93
-13424,1012,-9528,-1060,-522,-107
-13308,996,-9488,-1087,-506,-88
-13428,1280,-9524,-1032,-622,-114
-13504,1196,-9684,-1237,-365,99
-13456,660,-9376,-936,-622,-326
-13516,960,-9576,-1164,-373,48
-13516,1224,-9500,-1079,-491,-16
-13532,936,-9568,-1083,-509,-66
-13356,1152,-9560,-1073,-489,-80
-13480,1060,-9388,-1034,-557,-169
-13372,1048,-9500,-1084,-491,-86
-13468,1080,-9640,-1069,-540,-102
-13380,1080,-9620,-1032,-556,-141
-13536,1120,-9564,-1065,-496,-131
-13456,896,-9508,-1061,-513,-112
-13512,1048,-9536,-1062,-508,-75
-13536,972,-9676,-1087,-496,-117
-13432,1076,-9572,-1053,-520,-120
-13524,1072,-9592,-1078,-512,-77
-13360,1136,-9460,-1047,-503,-101
-13432,1024,-9496,-1056,-502,-116
-13436,920,-9576,-1065,-514,-103
-13432,1140,-9516,-1085,-520,-101
-13500,1188,-9560,-1074,-507,-100
-13404,1088,-9580,-1065,-511,-96
-13504,1128,-9500,-1049,-492,-93
-13480,1128,-9520,-1073,-491,-95
-13508,1092,-9556,-1071,-488,-97
-13524,1012,-9476,-1076,-531,-100
-13568,952,-9492,-1071,-503,-110
-13640,1072,-9524,-1064,-526,-86
-13452,1080,-9532,-1071,-498,-85
-13480,1064,-9560,-1060,-527,-94
-13340,1100,-9520,-1040,-529,-118
-13568,1064,-9608,-1053,-537,-106
-13436,1060,-9596,-1056,-508,-96
-13492,1012,-9468,-1059,-480,-102
-13492,1104,-9432,-1053,-487,-107
-13396,996,-9540,-1065,-517,-78
-13364,1168,-9460,-1057,-504,-116
-13528,1068,-9668,-1042,-529,-134
-13464,1104,-9616,-1024,-520,-127
-13452,1096,-9464,-1030,-536,-115
-13544,996,-9616,-1072,-488,-77
-13480,1036,-9668,-1111,-494,-22
-13412,1072,-9556,-1102,-520,-65
-13488,1068,-9608,-1090,-491,-80
-13452,1064,-9576,-1067,-510,-78
-13412,1116,-9604,-1030,-522,-108
-13528,1084,-9528,-1052,-486,-107
-13432,1020,-9480,-1035,-494,-109
-13416,1036,-9604,-1061,-543,-122
-13520,968,-9576,-1094,-497,-77
-13468,1032,-9548,-1067,-536,-93
-13524,1088,-9532,-1063,-515,-88
-13480,1124,-9612,-1052,-512,-111
-13552,1000,-9704,-1043,-519,-127
-13440,1112,-9456,-1067,-505,-101
-13412,1084,-9676,-1068,-531,-126
-13516,1124,-9560,-1077,-518,-99
-13376,1084,-9488,-1069,-505,-67
-13420,1172,-9680,-1078,-510,-90
-13424,1104,-9464,-1066,-518,-96
-13364,1140,-9668,-1075,-497,-97
-13508,1068,-9620,-1060,-494,-104
-13380,1040,-9644,-1056,-528,-104
-13372,1192,-9516,-1068,-509,-98
-13368,1156,-9572,-1048,-514,-74
-13568,1120,-9560,-1058,-513,-107
-13388,1132,-9584,-1078,-512,-107
-13480,1092,-9580,-1077,-520,-106
-13476,1044,-9596,-1060,-518,-89
-13416,1000,-9636,-1076,-512,-94
-13444,1032,-9656,-1041,-503,-101
-13384,1108,-9512,-1036,-524,-128
-13456,1116,-9480,-1063,-534,-90
-13412,1160,-9672,-1068,-506,-94
-13392,1072,-9556,-1081,-514,-69
-13592,1212,-9620,-1062,-483,-106
-13688,996,-9504,-1044,-525,-103
-13592,1108,-9584,-1073,-513,-110
-13536,1056,-9592,-1086,-504,-107
-13412,1080,-9700,-1066,-484,-98
-13520,1164,-9684,-1043,-506,-92
-13284,1044,-9720,-1044,-492,-119
-13388,1104,-9432,-1080,-520,-97
-13448,1116,-9568,-1059,-530,-102
-13412,1156,-9564,-1075,-515,-91
-13472,1084,-9540,-1068,-506,-77
-13480,1016,-9636,-1065,-509,-107
-13432,1032,-9584,-1066,-496,-106
-13384,1076,-9624,-1067,-496,-130
-13452,1080,-9620,-1066,-515,-111
-13528,1036,-9588,-1057,-496,-84
-13580,1132,-9604,-1061,-494,-74
-13524,1020,-9632,-1083,-509,-87
-13388,1056,-9584,-1053,-513,-86
-13324,1076,-9512,-1066,-508,-97
-13480,1148,-9588,-1060,-507,-112
-13428,1140,-9656,-1079,-528,-89
-13388,1216,-9588,-1067,-528,-83
-13444,1112,-9604,-1054,-523,-103
-13440,1104,-9664,-1053,-506,-121
-13408,1064,-9668,-1047,-507,-114
4668,6960,-16248,-126,45,22
4656,6968,-16200,-126,36,-4
4504,6996,-16308,-148,-17,1
4604,6968,-16132,-142,102,29
4768,6912,-16252,-132,75,39
4632,7024,-16252,-108,174,96
4656,6872,-16204,-143,110,52
4960,6872,-16100,-124,11,32
4516,6984,-16352,-155,-42,-14
4588,6888,-16112,-81,123,77
4624,6724,-16220,-158,-32,4
4596,7024,-16208,-171,57,-8
4796,6952,-16020,-191,62,-17
4960,6632,-16096,-378,-221,-194
4868,7004,-16148,-520,-433,-330
4432,7180,-16024,-225,-432,-285
4312,7144,-16260,-153,-443,-290
4452,6784,-16284,-417,-167,-217
4352,7232,-16088,-469,-141,-197
4164,7108,-16380,-280,-209,-360
4500,6900,-16216,-283,-95,-272
4260,7016,-16396,-438,-116,-278
4336,7012,-16212,-622,-2,-308
4144,7304,-16320,-555,18,-199
4276,7360,-15976,-316,-20,-79
4252,7228,-16216,31,-122,-70
4380,7268,-16116,377,-262,-106
4152,7316,-16496,900,-379,-17
4244,7312,-16296,967,-358,-17
4100,6552,-16484,500,-190,19
4132,7120,-16260,84,11,122
4172,6828,-16440,30,7,126
4136,6816,-16452,-53,-59,-56
4104,6824,-16392,-216,10,-164
4280,6536,-16476,-821,176,-393
4596,5748,-16620,-1574,342,-474
6520,5856,-20876,-10128,237,-3009
2388,8744,-22248,-19069,3929,-3909
2308,16868,-13140,-21919,6966,-4269
12560,22456,-14520,226,6798,-2977
5652,10260,-11216,10241,-5058,7374
5044,4748,-9476,8081,1766,10837
5228,2352,-8916,1849,373,8298
2524,2384,-9656,-2716,142,4757
1696,2720,-10460,-3755,4992,2167
2644,5984,-12284,-2592,6724,-1164
2628,8628,-12672,1434,5295,-3819
4476,10236,-11560,3211,1439,-3402
3368,10184,-11148,35,-1749,-3391
32767,32767,-32768,-5703,-8436,-1656
5276,17396,-25120,16960,-14038,13261
-604,-5916,-17984,-1726,-5858,-6907
8752,8616,-14488,-2618,3876,-1583
4840,9064,-13972,1882,-2237,1672
6804,4584,-17184,4608,-3860,-1318
644,5980,-18032,421,-569,-496
5412,7164,-15944,-1061,913,405
4240,7404,-15988,-75,-231,-139
3644,7084,-16500,92,5,76
4324,6536,-16524,-498,312,73
4688,6256,-16804,-1663,528,-155
4984,5428,-19856,-6773,-298,-1345
1924,8572,-19284,-13458,894,-1631
4252,9844,-16592,-14088,1313,442
1340,13164,-10512,-12418,882,-98
2392,18236,-13120,899,8190,-4349
5744,11928,-11804,10978,8633,-2071
7432,8556,-11352,9044,1708,2603
6212,6160,-11584,3273,-1878,5306
5128,5992,-12644,-2064,-2203,5205
4876,6132,-12968,-1819,-1035,4236
4136,5280,-12516,-663,-987,2664
2836,5152,-12288,-478,-344,672
2852,6844,-11564,-23,195,-1834
1620,7572,-11340,-1494,1860,-3674
-10376,-21672,-13700,23528,-15868,10590
-5364,-4492,-20076,-7371,-1976,-3060
11600,8668,-13108,-2372,6338,-1922
3944,9784,-15016,2771,-1890,660
4432,4692,-17964,2016,-3764,-1901
3776,7128,-16620,-715,1066,518
4888,7460,-15896,-11,7,34
4460,6876,-16344,374,-771,-432
3128,7032,-16744,-109,-62,-125
4168,7048,-16124,-250,267,131
4044,6800,-16048,-100,117,-97
5452,5536,-17228,-2218,489,-930
4912,5600,-22276,-10661,-434,-3740
2792,9840,-20548,-18758,4601,-6070
3908,10228,-14352,-17847,7837,-7026
-2660,14432,-7288,-9802,16974,-5871
8800,14264,-9908,9453,8398,323
5128,9748,-8584,13080,587,10176
5040,5736,-8424,6719,-1967,11854
3716,5468,-9808,-2848,-7385,6118
1532,8948,-12784,-6040,-405,304
4364,9196,-13328,-2285,5875,-3293
7464,6820,-12584,-906,1336,-2017
5860,11548,-13904,3242,-5936,2401
4780,8248,-11604,15402,-21194,10076
724,10388,-26144,21641,-12353,12063
-9864,14548,-18240,-1356,5580,-1557
6500,8344,-13376,-1074,406,2059
6776,6064,-14964,1162,-2228,-786
2024,7340,-17228,-309,59,-114
4600,7188,-16212,-660,743,347
4812,7372,-15900,-190,21,-21
4272,7100,-16368,100,-469,-322
4052,7188,-16212,-188,4,-77
4436,7204,-16116,-104,-39,-133
4712,6820,-16248,-116,-295,-478
5124,5852,-17956,-2836,705,-1154
4232,7680,-18180,-7870,797,-2163
3748,8348,-18520,-11070,3068,-2421
4484,10736,-16324,-11692,5214,-3196
2664,19604,-15260,-1045,11793,-10557
8328,9296,-11948,8320,7982,-5968
6764,5892,-11984,3677,5766,1742
5108,6192,-12588,2751,1945,4030
2820,4700,-12540,2112,1580,3284
2896,5432,-12440,975,2524,1778
2848,6940,-13208,1299,1467,140
2916,7676,-11828,3067,448,-1228
3036,8144,-12440,794,-165,-3395
3380,9376,-12012,-1149,-231,-6395
-5300,1332,-11900,12626,-18798,11298
11628,-10468,-17352,1045,-6523,-3676
8380,8884,-15560,-2393,2892,-1128
6248,7588,-14296,496,-107,1213
6212,6412,-15636,2355,-1990,-510
2168,5948,-17628,601,-332,-94
4856,7388,-15900,-784,778,358
4900,7084,-15976,128,-342,-181
3584,6864,-16536,71,-164,-144
4300,6936,-16316,-647,422,50
4712,6376,-16160,-979,292,-415
5752,5040,-20564,-6351,191,-2209
2432,7552,-19612,-14367,1683,-5471
4604,10608,-16724,-14963,6568,-5809
2024,12616,-13004,-11570,10429,-4117
7320,16720,-10972,-1381,11811,-4251
4520,12308,-12232,9841,1237,6316
3620,7760,-11804,10335,3227,8772
3264,5324,-11916,6243,-726,3951
1524,8144,-14740,3853,2948,-1736
6296,5792,-13544,7528,7078,-4830
6824,5804,-13944,5676,1161,-6647
4936,6596,-14148,8007,4159,-6869
5596,4864,-12768,5362,2936,-8590
6324,6852,-12912,2996,1305,-7634
32767,32767,-26508,5514,-23870,-5114
2444,13176,-23612,1501,-6355,-3396
9140,8452,-13660,-2703,3986,2214
4304,8408,-15180,56,-3273,2531
4760,7360,-16564,870,-2667,-1182
3136,6484,-17240,-887,724,141
5156,7312,-15856,-1244,940,-89
4384,7476,-15852,-261,307,-626
3956,7348,-16040,239,73,262
4576,6480,-16768,-911,485,-89
4336,7084,-16592,-2137,878,-652
4792,6544,-17344,-4176,1037,-1376
5308,7200,-17824,-7068,1744,-3180
5652,8808,-17128,-9088,5669,-5646
4472,10524,-16012,-9173,10001,-6638
8640,11648,-11452,-7886,10277,-2683
7748,16376,-14244,-3961,2998,4621
4348,9824,-14548,5301,3949,6112
3308,6900,-12484,4358,2641,2408
4868,8668,-12532,3306,3146,-319
5756,7668,-11224,3253,1366,612
4508,7416,-10428,923,-428,44
4748,7212,-10448,-643,-577,-1051
3908,7080,-11832,-1223,-2464,-2117
2024,6604,-11364,-1884,-4501,-4755
6224,11776,-17104,21961,-26290,11221
384,9316,-17344,10794,-11406,9343
3588,4064,-21232,2212,-1011,-547
3220,7524,-15896,-1246,293,-2085
4084,8180,-15028,536,-289,-717
3844,8072,-15696,2377,-49,-103
5040,6920,-16344,2269,450,-198
4280,6028,-17500,483,2957,-2940
4944,6940,-16244,-409,6257,-6192
4880,8236,-15768,83,5861,-5366
5492,7912,-15104,930,5168,-3938
5620,7752,-15480,359,3265,-1958
4832,7072,-18268,-3503,316,-1074
5568,8056,-18132,-6946,2549,-3189
5980,9672,-16568,-8030,8441,-5070
14744,13460,-11192,-6743,9549,-3509
6992,9604,-12172,-356,2714,7465
3248,8088,-14028,-2755,6323,4245
3636,8084,-14476,-1252,3346,1519
3180,8760,-13796,612,380,781
4624,8440,-12604,888,-683,-1051
4816,8232,-11396,283,103,-2136
5908,7748,-12312,-299,362,-3333
4848,8048,-13788,2689,2463,-4048
3696,5812,-12608,5522,1181,-7172
7056,6240,-11944,5435,1931,-8590
7032,9612,-10908,4688,-942,-4464
-2740,11484,-8584,13079,-7415,8148
5568,5736,-20884,8545,-8298,4085
6792,5016,-16148,-686,-946,-1780
6500,7856,-13452,-293,-640,234
6460,7148,-15000,1451,-1568,-226
3636,7064,-16868,897,-488,-142
5172,6792,-16464,-821,1111,245
5264,7440,-15392,-930,1408,252
5692,7252,-15508,-483,931,166
5316,7136,-15728,-645,931,-105
5768,7108,-15788,-1042,905,-370
5876,7216,-15808,-1290,1216,-1090
5208,6780,-17884,-4153,1138,-2120
6036,7840,-17156,-6983,4546,-3749
5868,9296,-15724,-7367,7463,-4127
6608,12268,-12388,-6160,10576,-3231
6424,12176,-14324,1066,3239,2298
5176,7456,-12540,-503,3499,2888
5760,7368,-13008,634,2685,-334
7096,6936,-10960,1743,1390,1547
5524,7400,-10712,1721,472,2176
5980,6908,-10884,-17,1073,-689
5852,8120,-10376,-894,94,-310
5620,6980,-9240,-5815,136,-1783
-8096,1848,-15284,8087,-20578,11982
7664,7236,-17284,2282,-7156,4764
10136,7800,-14504,1475,-1855,811
7136,8108,-14232,1907,1687,-3270
5952,8652,-14132,2853,2399,-3901
5212,8928,-14612,3253,1979,-2231
6316,8844,-14184,2997,-465,143
6684,7924,-15376,2286,-871,1082
6764,7236,-15512,1289,-383,326
6192,7608,-15212,720,208,-147
6504,7872,-15032,318,-69,145
6396,7964,-14864,327,-179,732
6092,8024,-15468,669,940,867
6420,7704,-15692,876,1652,727
6552,8068,-16884,-845,1777,912
6440,8964,-15212,-2576,3416,1872
10860,14348,-16468,-2084,-1384,1204
10256,9308,-14524,-3213,1634,3126
9000,8296,-14744,-3939,2722,3260
7244,6000,-14632,-4388,3766,2292
5544,5380,-13708,-3675,2410,2371
5420,4568,-12576,-3286,222,1019
5092,5520,-11756,-2179,762,-717
5536,5444,-10940,-1493,527,-589
5040,7396,-11384,-56,604,-2808
5112,7348,-11328,-641,1029,-4248
4840,9676,-12328,1547,-1066,-6601
4440,9172,-11340,36,-2813,-8597
32767,32767,-29900,-3462,-26717,4176
5396,12520,-17432,6528,-14623,7279
8824,8848,-18880,1908,-3212,-1601
4068,8828,-15368,439,-204,-4131
2144,9188,-15156,1503,-2318,-208
6572,7756,-15628,1365,-1135,51
4012,8368,-16156,93,-280,-446
5100,8316,-15264,-290,94,102
5136,8508,-14676,282,40,164
5308,8300,-15328,777,-31,-14
4952,8548,-15304,949,54,123
5052,8196,-15480,954,232,-204
4740,8056,-15536,1438,854,-310
5836,7636,-15576,2006,2528,-2009
5324,7212,-15912,1716,4299,-4220
4900,7596,-16272,-14,4844,-3714
4952,8120,-17572,-3884,5333,-1872
5684,9644,-16832,-2810,8322,-2846
5708,11732,-12404,155,11427,-4066
9424,10432,-12596,2157,1509,5857
7392,10608,-15972,741,1807,8914
4264,6568,-10888,-327,1857,5330
6360,4432,-12020,-2943,913,217
6572,4056,-12368,-2863,-679,1309
3332,544,-11424,-3468,-923,-1805
3724,1924,-10756,-7208,-1525,-7882
8020,10136,-8028,-17692,-1231,-6042
24436,14904,-11252,8797,-1852,3101
2012,7544,-18560,1852,-4132,3380
5220,8528,-15996,1002,-1490,-822
3268,10144,-13496,3007,-938,-629
6184,8932,-15252,5314,-1820,2630
6668,6824,-17288,3612,-1020,457
4500,7804,-16328,784,34,-250
5056,8492,-15064,1138,603,989
5164,7804,-15696,2790,1804,346
5500,6816,-16896,1329,807,147
5624,7404,-16176,-750,2682,1163
6520,6888,-15572,-1285,2781,463
7036,6248,-15932,-3650,2285,-163
6260,7800,-17388,-6398,3675,-1109
4956,8692,-16080,-5379,7981,-1865
1408,12884,-12432,-1640,11763,-9024
9652,13352,-15332,1356,-1588,-3692
4856,8168,-13184,-983,-5177,5787
4768,8296,-14272,258,-5582,613
7396,4972,-13828,-48,-3633,-718
7488,4608,-12556,-753,-780,-4407
8988,6900,-13616,-138,1636,-5658
7472,6340,-11764,-1415,2570,-4161
6216,8532,-13000,1220,3620,-5664
6668,7688,-11436,1962,1813,-3489
8404,14112,-12940,5829,-1004,1186
6040,10044,-16832,4488,-3450,802
6592,8900,-15512,3147,-2123,766
5212,8764,-15940,2344,-1927,49
5016,7800,-16024,1678,-1219,-423
5008,8248,-15808,1100,-698,-33
5128,7968,-15244,911,-772,-140
6088,8200,-15344,1594,-713,394
4068,7668,-16216,1042,-327,-163
5424,7364,-15632,378,19,280
3956,7832,-15956,235,312,-169
4872,8012,-15772,658,541,641
4432,6940,-16616,-210,412,-68
5040,6932,-16740,-1566,977,-113
6032,7688,-17636,-3596,2760,-947
3980,8940,-15856,-4421,4307,-1217
7404,14424,-19076,-2832,-311,1119
8096,8236,-17616,-2078,-2549,7916
4564,7072,-14532,-1569,56,5186
6092,7680,-12600,-1408,-918,3756
4916,6584,-8528,-3956,-1620,4443
4684,4500,-7544,-9557,-32,-140
3796,6416,-8316,-13095,-323,-1519
2900,11644,-13392,-14363,-2165,-2168
7568,25520,-28084,15065,-7196,2164
9164,12248,-15424,7749,-7072,2480
7448,7824,-15908,5096,-745,-628
5608,9404,-14108,4271,1894,-4131
4148,10332,-13724,5341,298,-4358
2736,10472,-15160,6364,-2025,-226
5936,7708,-16908,5169,-1637,1700
5656,7708,-16512,1626,-955,-434
3588,8496,-15268,906,-781,-83
5060,8520,-15228,1470,-778,743
4860,8060,-15536,1799,-485,228
3928,7316,-16492,1153,-138,254
4576,7440,-16332,-716,222,326
5148,7728,-15492,-1086,26,-482
4808,7856,-15720,-1201,-387,-1067
4072,7680,-17108,-2927,-558,-1234
4176,8144,-17472,-6382,195,-1573
5084,10148,-15932,-6486,3735,-2453
7400,11716,-12284,-6003,4189,562
5120,9696,-15664,-2619,3348,6498
4996,7460,-15464,-1783,2388,5012
4272,7096,-14524,194,1635,4402
4216,8176,-12548,1593,497,1692
4348,7452,-10156,-69,1677,-628
3508,8880,-11344,-2559,2063,-2431
3240,9724,-12400,-269,3080,-4077
3092,8644,-13504,-1107,-411,-3688
1332,9248,-13616,1960,-405,-6619
11228,12460,-15308,5097,-4581,5686
8896,10252,-16472,3181,-3034,3852
7720,8216,-14940,768,-51,-582
4352,8976,-14792,552,103,-1014
4088,9080,-14676,1093,-751,705
5664,8828,-14704,1710,-1250,638
5104,8428,-15152,2032,-1101,-340
4340,8580,-15364,2356,-931,447
5300,8196,-15436,2638,-794,311
4868,7800,-15880,2192,-555,97
4468,7868,-15900,1419,-98,295
4748,7384,-16092,1180,-54,-257
5244,6648,-16872,-714,542,-1287
5788,6876,-18056,-5576,1282,-3394
4972,9944,-17992,-9096,4037,-5378
5636,13952,-12956,-7290,6403,-4746
8324,15196,-15236,-1814,2061,6042
2580,8584,-14120,-2240,2056,11154
3136,8040,-15404,18,1378,3411
4416,7692,-14120,1549,1537,60
4480,7488,-13176,1469,1881,-1359
5184,4048,-11072,553,1543,-3310
4272,4416,-11756,-823,605,-3565
4520,4120,-9976,-1139,1086,-5370
5996,7480,-11260,-4812,-1396,-4208
32767,32767,-18648,-10661,-9363,4944
15232,20104,-13724,7019,-5478,3199
5184,6796,-18532,2849,201,1284
4688,8292,-15760,909,768,-1166
4916,9308,-13240,1471,-112,-691
4260,9036,-14592,2931,-1416,610
5700,8788,-15696,3336,-1482,864
5356,7484,-16660,1839,-1057,-413
4756,7952,-15592,317,-447,-161
5244,8412,-14836,718,-425,90
4396,8144,-15440,1261,-200,208
5400,7684,-15844,1283,-278,192
4804,7544,-16072,299,-355,-408
4920,7176,-16524,-1160,-321,-855
5188,7648,-17176,-4185,-142,-1932
4364,8656,-17304,-7035,1739,-3027
4404,12708,-13528,-7190,2576,-1989
5812,14968,-13072,-5943,3653,855
4884,9084,-13328,-1997,1447,8100
3980,9092,-15228,-3125,1353,6716
3612,6572,-13676,370,-411,4076
4368,5372,-11672,180,-37,115
5436,5684,-11752,113,-1449,-555
4916,5344,-12408,228,-2900,1698
2600,7568,-13432,760,-1110,-254
3580,8644,-14060,1599,-85,-4693
27432,26740,-24464,-1468,-4963,128
12888,16104,-13240,4108,-5931,3900
4308,6552,-17912,2159,-2607,1936
5404,7876,-15332,1127,-1274,-1023
3816,8604,-15452,1660,-1082,-34
4456,8160,-15680,1636,-327,447
4320,7824,-15924,1848,-396,12
4604,7780,-15756,1828,-185,137
4176,7544,-16200,1529,74,-140
4340,7484,-16268,945,130,-170
4848,7120,-16444,186,243,-954
6604,6076,-17816,-2606,-353,-2425
5864,7256,-18116,-8495,640,-6158
3944,10168,-16812,-10690,2585,-7291
4384,12796,-13788,-7245,6548,-5673
7496,14460,-15376,-648,1205,7948
1360,7492,-13228,16,4566,5101
3456,7840,-13740,970,4422,-712
4496,8564,-14244,793,1768,1119
4452,7680,-12972,2646,2306,460
3656,7168,-11076,1155,761,-1152
3328,7608,-11012,1074,1267,-2869
1968,9384,-11736,1326,1204,-6021
3968,9136,-11536,653,-1151,-4878
2236,10472,-13696,14151,-9233,8460
7912,7272,-19472,6148,-2349,2898
5228,7684,-16776,1004,-796,-842
3752,9072,-14320,1101,-119,56
5320,8964,-14248,3074,-792,1432
4864,7740,-15984,3552,-516,783
4856,7096,-16876,1928,-298,699
5240,7472,-15932,219,11,239
4828,8012,-15360,214,-64,112
4628,7672,-15564,971,-325,485
5044,6912,-16448,370,-371,-37
4484,7044,-16468,-693,-97,-367
4700,6784,-16912,-2719,-71,-760
4116,7844,-17380,-5464,165,-1290
3928,9680,-16216,-5804,1423,-676
4456,13292,-13824,-3834,4153,-34
5956,10608,-14644,-1282,2274,1267
5176,10188,-15180,-3809,2467,1953
6748,8212,-15908,-2402,1681,1689
5992,6960,-15296,-1768,1439,3935
5248,6904,-15216,-722,2284,2045
5232,6352,-13260,1089,1828,530
4776,6368,-12740,713,2128,43
3300,6456,-12328,1719,2182,-1103
2816,6912,-12436,580,2071,-3119
2716,8364,-13020,825,3244,-6845
5948,8788,-14000,1811,1776,-7647
6108,8956,-14672,2431,-673,-4751
2196,5136,-10600,5371,-1137,1665
8336,13812,-15004,1500,1077,-619
4892,9036,-14368,266,560,-452
4756,8840,-13148,1166,-1787,1737
5136,9456,-14356,2884,-3463,3745
6584,7472,-16624,4179,-2136,1663
4040,8000,-16964,2650,-1126,-70
5348,7436,-15984,1718,-891,241
4888,7116,-16036,1147,-999,-70
4332,7016,-16400,62,-590,-501
5800,6608,-17188,-1977,-963,-1365
3580,7372,-17684,-6153,-1593,-3668
3876,8464,-15516,-6170,-273,-3720
3156,9152,-15132,-5004,1274,-2797
6452,11400,-11608,-4884,2072,3819
3552,14368,-14052,-4450,5198,4633
5284,7848,-14100,-1699,2577,2399
5308,8884,-16116,-1643,2225,4070
5364,7468,-15188,308,1877,4682
3044,7284,-14080,-43,11,2437
4280,8620,-13480,1158,1603,-689
5944,7696,-12176,520,994,624
4868,7980,-12680,35,-828,1272
4164,7488,-12960,845,182,-469
5376,7836,-13396,1366,-526,-1382
16356,21224,-15540,8302,-9616,-327
6928,11568,-14576,2617,-3495,1678
6072,7796,-15780,341,-197,-234
5248,8432,-14272,374,-1394,-11
5472,8912,-14424,1260,-2765,751
5384,8432,-15688,2276,-2414,608
4784,7832,-16388,1733,-1348,12
5132,7844,-15544,1091,-936,459
5012,7448,-15708,1179,-1124,558
5040,7384,-15860,861,-575,-98
4880,7216,-16292,-371,-119,-430
5256,7508,-16092,-1655,35,-907
5032,7508,-16916,-3087,-621,-1574
4716,8300,-16852,-5244,695,-2414
6196,10472,-15228,-6035,4808,-1755
10664,14660,-12848,-5897,5181,6204
4268,7692,-13444,-2214,4484,7147
5464,8496,-16228,-3274,5167,3208
5032,6736,-15148,-563,2773,3391
4244,6588,-13144,823,1482,2618
4600,7064,-11580,1035,442,1648
3224,6676,-10452,156,-344,-997
3948,7420,-11480,-886,-472,-3480
5196,7496,-12844,-867,-2109,-2198
5284,7760,-13596,-131,-2542,-2605
-496,8592,-11656,5313,-8139,7993
6612,5732,-19316,2441,-5550,5201
8560,7160,-16040,450,1828,-265
6028,8044,-14484,-105,2060,-2408
4936,9208,-14580,671,792,-1177
5904,8900,-14008,785,-2403,1517
6192,7712,-15472,1001,-3012,2222
6152,6716,-15876,186,-2699,934
6100,6932,-16272,-1241,-1302,-1159
3660,8572,-17228,-3087,1933,-1195
4688,8980,-16628,-3519,3740,-665
7716,10260,-12772,-2306,8341,-562
5788,10344,-14260,420,1294,1349
7248,10072,-14140,-1006,1914,1835
6796,8828,-14696,-1879,2298,1721
6008,8372,-14824,-1295,2028,1424
5976,7440,-15532,-1888,2807,-562
7060,5856,-13688,-877,3649,-2243
6824,5424,-13568,683,3194,-2063
5180,3168,-11776,1539,3776,-4346
4588,5896,-11900,2405,2805,-5466
4832,7476,-11176,1210,361,-3359
1340,10896,-11532,-533,-860,-5734
3964,13452,-13168,-438,724,-6859
19440,18020,-15120,821,-7792,9098
6368,5940,-18248,1366,-4792,5053
8020,7452,-14812,1457,-130,-1453
4520,9004,-13696,2724,-1334,-2718
3784,8500,-16072,3504,-2785,369
6188,7404,-16804,1795,-2084,-128
3968,7984,-16120,248,-1271,-611
5096,8104,-15192,691,-1111,-167
4872,7816,-16020,977,-814,-247
4424,7732,-15996,22,-143,-225
4988,7944,-15372,178,-83,-33
4720,7916,-15160,1103,-274,19
5340,7192,-16204,1140,-228,-243
4360,7136,-16876,-936,792,-575
4992,6936,-17036,-2928,2477,-2259
4820,8448,-17756,-5424,5241,-3478
5664,10292,-15612,-4995,9465,-4855
10276,14408,-16288,-2303,3747,-253
5020,8968,-13564,-1140,617,6837
4036,8864,-12968,-190,1255,2870
4504,7128,-11020,-1799,29,2596
5060,6872,-10848,-2711,-1125,1534
4272,6340,-11152,-3742,-1048,-301
5448,6064,-11332,-5593,-1789,-2364
32767,28196,-29916,-10342,-12872,5106
12464,13236,-15736,5912,-6306,4909
5044,7992,-16624,3698,-3118,2564
6652,8728,-15348,2622,-1775,-887
4192,9340,-14732,3320,-1704,-525
5940,8036,-15480,3993,-1962,736
4812,7612,-16780,2874,-1373,-51
4340,7428,-16544,841,-677,-41
4576,7916,-15592,140,-296,-8
5020,7772,-15448,675,-463,64
4768,7772,-15944,947,-448,-15
4652,7724,-15732,1148,-391,72
4416,7292,-16104,760,-206,-51
4712,7472,-15940,74,24,-98
4840,7380,-16012,-256,33,-564
4240,7256,-16508,-1210,341,-839
4820,7580,-16260,-2571,1339,-2017
4208,8244,-17508,-5393,4676,-3552
5772,11220,-14208,-4357,8741,-4036
7716,10844,-13188,-4662,7418,1453
4200,10260,-16332,-1190,1540,6451
4340,7916,-15712,-2009,1624,4071
5548,6768,-14504,-89,-75,3711
5648,6564,-12456,-273,-848,3637
5584,6452,-11924,-1600,-98,1010
4408,6288,-11652,-686,594,-1585
4832,6800,-10796,-1344,41,-2476
4536,6428,-10496,-4443,-2027,-1945
17768,32767,-16640,4814,-17767,-99
7884,11360,-16972,6068,-10098,6014
7372,6940,-17456,2451,-1957,1430
5512,8124,-15416,496,-646,-1238
4520,8896,-14508,1170,-1299,52
5772,8292,-14920,1924,-1863,1148
5004,7412,-16296,1482,-1292,955
5256,7500,-16280,-71,153,73
4988,7916,-15628,-856,495,-185
5356,8064,-15028,-629,45,34
5028,7852,-15400,-475,-237,-214
5364,7748,-16120,-998,-485,-753
4964,7972,-16220,-2379,-54,-1228
4720,8320,-16304,-3472,1721,-2069
5380,9092,-15760,-3717,3864,-2411
8116,10244,-13376,-4058,4717,1288
5912,11736,-16504,-168,2613,4743
4476,8624,-14960,-1087,2646,2943
4944,8652,-14496,-772,2176,589
5856,8356,-13484,-239,1545,886
5280,6752,-11696,-1141,484,1448
4928,6864,-11812,-1490,-200,777
4096,7228,-12624,-1120,1048,-1226
3920,7608,-12556,-367,1001,-3256
4820,8868,-13076,-342,-581,-2669
4008,9220,-12364,-984,-2454,-2892
8264,11828,-13852,1892,-8282,7391
6000,6392,-18328,2431,-4047,4056
7916,7512,-15036,467,66,-1540
5012,8664,-14520,1237,2321,-3245
4892,9500,-13780,2318,203,-1536
3832,8772,-16044,2865,-1463,662
5928,7660,-16104,2220,-579,259
4840,7172,-16248,1135,362,-1048
5424,7924,-15692,-163,1403,-1442
5384,7996,-15668,-1145,960,-1101
5124,8120,-15220,-1271,782,-1372
5780,8460,-15288,-1280,854,-1879
6168,8492,-15324,-1557,2031,-3459
6048,8684,-16124,-2680,3829,-5056
6976,9364,-15928,-5859,4758,-2791
6092,14424,-14304,-4922,8836,2623
5720,13216,-15144,1573,1897,4167
5272,9016,-14628,-2426,4598,1358
5796,7292,-14428,1145,3192,1418
5600,6396,-13040,765,779,3046
6320,4332,-11516,-110,371,1351
4300,5252,-11916,635,1512,-1398
4552,7276,-13080,1362,2653,-5438
4316,7292,-12460,2320,702,-6927
6020,9268,-13156,2634,1452,-8776
5648,10736,-14036,3113,670,-7960
13632,20848,-17796,8397,-9530,-5903
5748,16128,-12720,2483,-5489,3234
4256,7856,-17432,743,-3177,2283
5868,8696,-15200,763,-2063,806
5256,8868,-14692,880,-1888,589
5348,8760,-14784,1488,-1777,1023
4368,8136,-16004,2056,-663,252
4928,8356,-15136,2949,-588,280
5232,7464,-15924,2256,-724,299
5348,7284,-16528,70,-158,-433
5084,7688,-16084,-1538,934,-1064
5160,7968,-16168,-2602,1610,-2124
5596,8964,-15232,-2361,4348,-3295
5576,9432,-14424,-902,5466,-3395
6088,10368,-12768,-1278,3784,-163
4344,10556,-14944,-3280,3215,1591
4584,9772,-16420,-1428,1204,1675
6448,9036,-15800,-702,287,3601
6512,8228,-14540,267,212,4975
6064,7288,-12808,-791,433,3606
6312,6852,-13788,-1331,927,-558
5128,4492,-13188,-10,-377,449
5196,5072,-13192,-467,218,-2719
4424,7296,-13896,1643,-1118,-5069
5920,8852,-12956,1407,-861,-5797
-480,10164,-10624,3742,-2091,3360
2296,4796,-18296,761,-3358,2907
6784,8580,-15024,-425,-1801,1348
5908,8872,-13976,224,-1468,437
5472,8632,-14440,1426,-1770,852
5428,8432,-15120,2071,-1934,795
5500,7984,-15580,2070,-1975,754
5128,7940,-15580,1821,-1793,562
5000,7696,-15688,1751,-1785,440
4692,7220,-16308,1199,-984,-243
4800,7388,-16228,137,-363,-335
4416,7516,-16288,-720,79,-641
4524,7744,-16544,-1509,751,-999
5364,8076,-15280,-1252,2270,-2089
6328,9600,-14812,-1540,3220,-1634
6888,10692,-13596,-4303,2779,2196
7612,10960,-16096,-5203,2120,3991
4976,8280,-16676,-3573,2215,3843
5440,7952,-15644,-2446,1889,1509
6140,5948,-14456,-1739,38,3359
3176,5692,-13220,116,-279,1850
3848,5908,-12976,724,1575,-3343
4532,6308,-11852,1448,226,-3412
4624,7604,-11440,1093,414,-3729
21928,23792,-16524,-2589,-571,-1058
6404,10036,-17396,1905,-4595,3881
7420,8424,-15724,-508,967,945
5628,7248,-13900,-1064,162,353
5760,8380,-13512,-1323,-1993,858
5376,8928,-15012,-1012,-2509,2457
5340,9456,-15908,-1299,-1590,2870
5872,8408,-14772,-1495,-1109,1844
6152,8460,-14132,-795,-1045,886
5604,8548,-14560,-46,-1221,367
5380,8696,-15016,272,-1058,549
5484,8456,-15540,258,-650,443
6324,7764,-14952,-224,-406,-439
5552,8208,-17056,-2503,-92,-2096
5156,8412,-18044,-5155,1764,-3457
5884,9816,-17096,-7614,5995,-5031
5068,10684,-14556,-5194,11507,-5967
10460,11644,-15836,2030,5638,-4397
6252,7760,-11768,2740,3236,6097
2236,9156,-12456,3569,3479,2086
4568,11728,-10984,6204,2626,-1683
4740,9060,-7664,1812,634,1053
2916,10628,-10784,-1642,-2191,531
2636,9316,-11828,-2564,-2874,-1067
4872,8552,-14104,-2803,-5150,-1084
32767,26700,-28112,-4582,-12552,3514
11192,10416,-16948,4746,-9409,6400
7088,7700,-15600,3401,-1821,19
3152,9596,-15104,3607,-1531,-968
3704,9120,-15460,5671,-2122,1819
6048,6924,-17060,4995,-2180,1333
3948,6796,-17436,706,-574,-331
4852,7988,-15432,-627,101,-71
4984,8048,-15364,809,-538,94
4756,7456,-15960,1189,-505,99
4620,7196,-16200,473,-296,-55
4548,7332,-15984,-109,40,46
4612,7472,-16008,-161,25,-40
4528,7424,-15984,-473,246,-181
4692,7228,-16364,-816,190,-725
4776,7196,-17032,-3211,969,-1049
4268,7524,-16948,-4664,1750,-541
4740,10732,-17336,-5081,7693,-2491
11240,14056,-17360,727,3360,-1172
7080,6708,-12244,-2387,2494,6349
2332,6924,-13008,-2313,1964,2670
3196,7360,-13696,-314,1255,-347
3208,6708,-13144,1160,-1900,179
3456,7116,-13708,829,-1949,-2045
4096,7048,-13096,2109,-2065,-2207
5232,7284,-13504,-907,-984,-2260
7468,13060,-19248,6658,-6701,6272
3316,4964,-18660,795,-792,-619
5292,8420,-14600,870,1194,-2739
4028,9788,-13504,2176,-1728,-450
5448,8412,-15720,4366,-3019,2209
6948,5600,-17508,1679,-1618,-726
4156,7776,-16048,-688,623,352
4816,7732,-15400,235,-604,444
4676,7420,-16028,613,-497,-93
4596,7372,-15892,75,-190,-173
4572,7576,-15764,250,-253,-50
4836,7308,-15856,373,-349,-69
4420,7248,-16180,248,-304,-168
4332,7168,-16168,-241,-82,-367
4884,6776,-16744,-1655,555,-865
4576,7404,-16412,-3130,373,-1361
3712,9352,-16464,-3205,4401,-2943
5896,11440,-13416,-2384,6609,-3957
8620,12228,-16564,-4386,1886,3333
6064,7536,-16780,-3044,-253,7705
3608,7048,-17004,-1103,-307,6324
4364,5128,-13752,-536,-444,2682
4060,5012,-12772,-788,-1113,2204
2344,4640,-11920,-161,136,17
2772,3876,-12224,-1494,346,-3366
4656,8112,-14064,-1140,116,-2852
-5312,10728,-17008,11359,-8474,3306
2572,3824,-21104,1306,-2267,-763
6884,8324,-14240,-332,2972,-3998
4164,9172,-12940,1357,-494,-2749
2868,8968,-16220,4024,-2854,1152
5676,6136,-17732,2498,-1445,-36
3956,7592,-16348,-590,67,-209
5020,7896,-15380,-224,-545,-430
