-5984,8728,-13780,-1056,-515,-120
-6028,8748,-13844,-1063,-455,-98
-6008,8832,-13860,-1030,-483,-94
-5948,8732,-13864,-1045,-505,-85
-6228,8712,-13876,-1044,-508,-112
-5936,8608,-13820,-1076,-494,-128
-5940,8684,-13792,-1105,-493,-96
-6072,8620,-13780,-1087,-487,-118
-5976,8640,-13832,-1080,-517,-111
-5936,8704,-13856,-1057,-491,-108
-5996,8616,-13828,-1051,-489,-113
-6040,8792,-13796,-1035,-532,-103
-6148,8608,-13824,-1058,-500,-110
-6144,8668,-13820,-1065,-512,-93
-5968,8648,-13824,-1076,-514,-97
-5976,8716,-13836,-1084,-521,-72
-5952,8660,-13832,-1092,-495,-101
-5952,8776,-13720,-1073,-508,-101
-5900,8704,-13884,-1031,-496,-113
-5972,8652,-13876,-1022,-478,-117
-6108,8540,-13828,-1026,-496,-99
-5928,8644,-13900,-1083,-533,-59
-5916,8440,-13948,-1016,-494,-110
-6100,8904,-13836,-947,-494,-125
-5904,8292,-13932,-1215,-598,-50
-6156,9024,-13648,-1217,-553,-38
-6080,8640,-13972,-1065,-499,-103
-6064,8876,-13740,-1017,-454,-91
-5888,8600,-13900,-795,-403,-178
-6008,8500,-13964,-914,-430,-153
-5888,8536,-13892,-1071,-507,-85
-5884,8568,-13692,-1136,-520,-95
-5888,8848,-13788,-1180,-557,-67
-6048,8528,-13860,-1066,-562,-85
-6108,8620,-13756,-1260,-585,-83
-5972,8880,-13684,-1029,-526,-109
-6064,8504,-13764,-932,-484,-141
-6068,8504,-13904,-1191,-574,-85
-5920,8596,-14028,-1204,-560,-77
-6004,8696,-13916,-1276,-569,-62
-6140,8668,-13808,-1270,-592,-74
-5920,8684,-13776,-1386,-602,-33
-6044,8904,-14048,-1408,-691,8
-6116,8700,-13692,-1347,-588,-58
-6100,8584,-13916,-1366,-601,-8
-6100,8584,-13916,-1366,-601,-8
-6064,8932,-13708,-1381,-65,-6196
-6064,8932,-13708,-1381,-65,-6196
-6064,8932,-13708,-1381,-65,-6196
-6064,8932,-13708,-1381,-65,-6196
-6064,8932,-13708,-1381,-65,-6196
-6064,8932,-13708,-1381,-65,-6196
-6048,8824,-13636,-1362,-633,9
-6180,8816,-13768,-1657,-601,96
-6076,8704,-13740,-1511,-686,36
-5984,9144,-13532,-1596,-707,79
-6004,8984,-13604,-1517,-713,87
-6100,9004,-13720,-1473,-661,83
-6080,9208,-13672,-1619,-733,92
-6240,9136,-13520,-1340,-565,57
-6108,8988,-13548,-1340,-577,57
-6152,9268,-13296,-1497,-603,124
-5936,9400,-13344,-1202,-532,8
-6068,8892,-13632,-1326,-559,30
-6176,9276,-13296,-1357,-574,24
-6016,9420,-13396,-1107,-528,-53
-6008,9472,-13264,-902,-474,-156
-5972,9160,-13284,-785,-453,-229
-6196,9244,-13356,-769,-378,-232
-6144,8928,-13448,-751,-384,-214
-6084,9124,-13476,-910,-486,-162
-6016,9008,-13444,-963,-474,-145
-6040,8928,-13752,-1151,-547,-76
-6128,9136,-13464,-1273,-570,-31
-6036,9160,-13456,-1222,-533,-21
-6080,9296,-13524,-1299,-593,-15
-6088,9188,-13480,-1192,-565,-41
-6068,9316,-13452,-1151,-535,-47
-5972,9184,-13400,-1064,-495,-101
-6104,9156,-13400,-1002,-508,-100
-6096,9348,-13500,-1126,-538,-75
-5936,9092,-13608,-1029,-498,-123
-6096,9284,-13376,-1054,-531,-102
-6072,9268,-13536,-1004,-498,-112
-6056,9248,-13372,-1032,-512,-113
-6192,9116,-13504,-1007,-462,-101
-5972,9096,-13532,-1064,-499,-107
-5944,8996,-13484,-1132,-526,-83
-6096,9072,-13552,-1283,-558,1
-6188,9212,-13440,-1099,-509,-60
-6156,9328,-13340,-1096,-503,-81
-5952,9200,-13484,-963,-502,-150
-6096,9408,-13540,-947,-484,-178
-6084,9040,-13444,-862,-438,-198
-6156,9080,-13548,-941,-457,-151
-6004,9136,-13436,-1140,-545,-70
-6240,9116,-13448,-1024,-388,-81
-5992,9144,-13428,-1374,-547,15
-6092,9252,-13528,-1287,-563,8
-5988,9168,-13360,-1360,-551,31
-6196,9264,-13344,-1427,-567,76
-6228,9276,-13404,-1390,-627,93
-6184,9260,-13344,-1406,-594,51
-6088,9504,-13312,-1310,-649,34
-6000,9448,-13212,-1223,-551,-19
-6184,9420,-13260,-1214,-570,-23
-6088,9456,-13328,-1137,-540,-38
-6184,9356,-13308,-1167,-535,-35
-5944,9440,-13184,-1107,-518,-65
-6076,9384,-13132,-1011,-489,-116
-5980,9404,-13456,-996,-486,-137
-6164,9404,-13400,-905,-448,-160
-6180,9292,-13324,-922,-472,-163
-6120,9340,-13248,-953,-476,-134
-5996,9304,-13400,-999,-472,-126
-5964,9408,-13224,-996,-484,-109
-6200,9308,-13256,-1037,-499,-115
-6068,9316,-13268,-974,-503,-131
-6012,9364,-13560,-1005,-507,-157
-6040,9340,-13436,-967,-492,-146
-6160,9280,-13324,-1004,-498,-136
-6020,9244,-13468,-969,-492,-148
-6120,9336,-13388,-970,-490,-159
-6144,9292,-13416,-924,-463,-175
-5860,9216,-13332,-1008,-482,-153
-5984,9144,-13368,-927,-462,-147
-5952,9076,-13500,-935,-447,-130
-6132,9232,-13496,-987,-461,-114
-6104,9280,-13464,-1096,-490,-89
-6164,9200,-13304,-1167,-520,-76
-6056,9280,-13320,-1109,-547,-90
-6056,9336,-13320,-1082,-531,-104
-6072,9156,-13280,-1064,-527,-120
-6016,9244,-13436,-1027,-509,-117
-6016,9280,-13328,-1018,-478,-142
-6088,9400,-13404,-977,-506,-149
-5980,9152,-13224,-792,-380,-182
-6104,9200,-13324,-928,-459,-176
-6056,9336,-13364,-940,-496,-162
-6120,9172,-13496,-1017,-516,-125
-6012,9152,-13412,-1084,-491,-127
-6064,9208,-13600,-1060,-478,-109
-6084,9292,-13376,-1074,-500,-96
-6056,9048,-13504,-1008,-471,-108
-6052,9316,-13504,-1001,-514,-129
-6108,9136,-13388,-1008,-418,-114
-6128,9144,-13248,-1055,-420,-100
-5928,9136,-13392,-1015,-472,-122
-6164,9228,-13476,-949,-510,-135
-6060,9112,-13388,-1022,-512,-122
-6112,9172,-13420,-1056,-496,-103
-6084,8984,-13620,-989,-453,-119
-5976,9192,-13364,-1069,-468,-84
-6008,9028,-13612,-1109,-515,-76
-6184,9004,-13496,-1187,-527,-50
-6080,9224,-13536,-1226,-522,-36
-6016,9256,-13380,-1168,-545,-74
-6180,9128,-13596,-1104,-509,null
-6180,9128,-13596,-1104,-509,null
-6004,9208,-13524,-994,-488,-155
-5956,9152,-13408,-965,-486,-134
-6112,9148,-13388,-949,-493,-146
-6112,9176,-13548,-981,-488,-133
-5964,9120,-13508,-897,-473,-155
-6116,9068,-13480,-995,-491,-136
-6160,8940,-13464,-1079,-505,-104
-6008,9076,-13516,-1037,-532,-101
-6044,9060,-13476,-1024,-503,-123
-6148,9104,-13516,-996,-481,-93
-6128,9072,-13596,-1018,-499,-113
-6116,9064,-13416,-1108,-523,-98
-6132,9096,-13540,-1074,-532,-101
-6112,9132,-13392,-1035,-478,-111
-6096,9080,-13516,-1057,-525,-81
-6224,9108,-13556,-1078,-515,-120
-6108,9076,-13560,-1043,-494,-138
-6024,9172,-13304,-1075,-520,-78
-6024,9148,-13504,-1079,-504,-102
-6176,9028,-13528,-1072,-487,-87
-6056,9140,-13412,-1051,-508,-79
-6088,9080,-13516,-1066,-507,-101
-5916,9016,-13480,-1078,-515,-98
-5936,9188,-13564,-1026,-498,-94
-6156,9172,-13592,-1126,-534,-93
-6140,9120,-13460,-1082,-510,-89
-5972,9164,-13500,-1060,-518,-104
-6096,9152,-13628,-1070,-515,-104
-6112,9176,-13400,-1113,-517,-81
-6044,9236,-13504,-1048,-494,-98
-6012,9020,-13604,-1101,-506,-90
-6116,9144,-13572,-1117,-507,-80
-6048,9128,-13516,-1093,-513,-112
-6084,9096,-13336,-1102,-537,-109
-6264,9080,-13520,-1078,-487,-87
-6132,9076,-13528,-1093,-486,-110
-6096,9008,-13420,-1070,-492,-85
-6132,9072,-13488,-1051,-499,-95
-6008,9104,-13468,-1060,-522,-104
-6040,9232,-13456,-1061,-514,-104
-6184,9096,-13508,-1071,-527,-78
-5916,9044,-13568,-1062,-550,-90
-6072,9056,-13528,-1120,-535,-111
-6028,9152,-13552,-1075,-531,-116
-6056,9156,-13532,-1113,-529,-110
-6072,9212,-13468,-1011,-493,-109
-6168,9028,-13460,-1023,-497,-105
-6168,9144,-13360,-1074,-517,-79
-6048,9168,-13588,-1060,-492,-96
-6076,9152,-13504,-1124,-508,-69
-6012,9092,-13360,-1024,-507,-116
-6008,9128,-13504,-1065,-485,-79
-5940,9096,-13572,-948,-515,-141
-6188,9136,-13432,-1287,-577,-40
-6032,9124,-13516,-1276,-621,-41
-6048,9128,-13432,-1201,-524,-35
-5948,9364,-13352,-1406,-622,13
-6068,9048,-13460,-1248,-583,-22
-6044,9392,-13376,-1178,-531,-39
-6236,9348,-13296,-1010,-508,-110
-6168,9228,-13404,-952,-501,-157
-6072,9128,-13640,-1065,-484,-129
-6176,9220,-13412,-964,-475,-128
-6024,9280,-13084,-917,-464,-160
-6060,9296,-13372,-897,-443,-174
-6148,9084,-13496,-856,-424,-182
-6072,9068,-13496,-945,-477,-155
-6080,9020,-13444,-913,-478,-178
-5924,9048,-13440,-982,-463,-132
-6160,9100,-13504,-1075,-474,-99
-6108,9048,-13456,-1199,-499,-52
-6032,9000,-13432,-1169,-552,-59
-5972,9072,-13436,-1303,-596,-20
-6016,9248,-13296,-1374,-630,-14
-6168,9332,-13360,-1083,-508,-95
-6080,9424,-13528,-1015,-502,-97
-5920,9184,-13296,-946,-488,-148
-6148,9168,-13524,-938,-518,-144
-6068,9212,-13484,-949,-440,-166
-5928,9056,-13484,-935,-472,-152
-6180,9092,-13416,-918,-424,-171
-6076,9128,-13436,-843,-417,-183
-6092,9260,-13580,-783,-399,-227
-6036,9096,-13564,-600,-329,-271
-5984,9092,-13444,-816,-413,-208
-6048,9212,-13600,-564,-347,-289
-6024,8728,-13620,-765,-392,-220
-6192,9008,-13596,-837,-457,-139
-6044,8932,-13468,-848,-419,-188
-6072,8912,-13600,-853,-459,-165
-5988,9000,-13588,-852,-407,-172
-6132,9080,-13700,-840,-444,-207
-6000,8872,-13536,-720,-379,-219
-5976,8868,-13756,-888,-451,-182
-6060,8868,-13720,-919,-488,-168
-6136,8848,-13612,-881,-454,-148
-6016,8736,-13700,-1011,-478,-129
-6108,8748,-13604,-1077,-506,-113
-6056,8916,-13812,-1132,-534,-77
-6148,8896,-13696,-1117,-515,-86
-5932,8908,-13636,-1144,-531,-82
-6048,8876,-13680,-1112,-510,-101
-6052,8876,-13652,-1062,-523,-89
-6048,8932,-13652,-1085,-508,-127
-6008,8920,-13820,-1114,-539,-93
-6052,8908,-13692,-1098,-513,-105
-6048,8880,-13900,-1068,-521,-102
-6072,8864,-13616,-1009,-491,-105
-6104,8816,-13760,-1025,-486,-140
-6032,8780,-13620,-1025,-501,-115
-6112,8836,-13620,-1059,-495,-90
-6080,8988,-13672,-1062,-527,-95
-6008,8900,-13576,-1041,-491,-101
-6064,8940,-13760,-1057,-481,-116
-6068,8868,-13804,-1097,-510,-91
-5984,8880,-13604,-1086,-514,-99
-6056,8864,-13752,-1139,-520,-85
-6128,8896,-13708,-1105,-521,-96
-6160,8952,-13640,-1095,-513,-96
-6024,8828,-13512,-1100,-499,-83
-6096,8912,-13516,-1099,-491,-116
-6096,8792,-13632,-1078,-501,-71
-6032,8896,-13760,-1075,-512,-121
-6196,8824,-13676,-1131,-555,-88
-6164,8784,-13732,-1153,-505,-72
-5964,9064,-13640,-1087,-507,-83
-6048,8872,-13720,-1009,-502,-111
-5984,8884,-13728,-1028,-480,-124
-6040,8900,-13536,-1036,-514,-111
-6020,8796,-13720,-1101,-561,-110
-6076,8916,-13660,-1118,-509,-82
-6016,8912,-13612,-1028,-492,-100
-6056,8836,-13748,-1016,-506,-126
-6036,8860,-13624,-1046,-493,-121
-6036,8916,-13796,-1042,-494,-120
-6032,8900,-13708,-1050,-465,-99
-6096,8816,-13700,-1071,-516,-81
-6000,8868,-13804,-1081,-542,-89
-6024,8764,-13548,-1072,-509,-86
-6080,8964,-13600,-1072,-513,-103
-6040,8864,-13580,-1064,-483,-101
-5984,8932,-13744,-1066,-515,-71
-6148,8904,-13692,-1097,-493,-85
-6156,8808,-13700,-1061,-519,-115
-6108,8868,-13672,-1061,-507,-91
-6068,8952,-13588,-1085,-505,-111
-6112,8860,-13488,-1052,-524,-120
-6124,8896,-13712,-1096,-506,-96
-5960,8972,-13588,-1081,-500,-89
-6068,9000,-13600,-1032,-499,-98
-6044,8928,-13684,-1043,-514,-114
-6036,8900,-13556,-1064,-499,-89
-6152,8916,-13604,-1069,-507,-101
-5972,8844,-13584,-1079,-515,-104
-6040,8864,-13580,-1047,-493,-110
-6020,8952,-13748,-1065,-522,-92
-6188,8804,-13648,-1078,-498,-110
-6076,8860,-13768,-1106,-514,-73
-6088,8872,-13632,-1077,-513,-104
-6008,8888,-13648,-1035,-492,-98
-6120,8904,-13536,-992,-442,-107
-6056,8864,-13684,-1010,-461,-101
-6080,8952,-13820,-1283,-485,-81
-6080,8836,-13716,-1058,-492,-103
-5944,8856,-13596,-1180,-577,-87
-5948,8960,-13640,-1175,-532,-83
-6156,8912,-13560,-1135,-529,-96
-6128,8960,-13520,-1114,-502,-108
-6100,8908,-13500,-1076,-508,-76
-5980,8812,-13576,-1048,-496,-98
-5992,8952,-13660,-1052,-463,-93
-5992,8928,-13588,-1026,-491,-118
-6092,8920,-13748,-1010,-490,-116
-6044,8840,-13704,-1015,-501,-136
-6072,8944,-13556,-1044,-505,-96
-5944,8908,-13672,-1088,-509,-107
-6044,8820,-13692,-1082,-499,-79
-6008,8828,-13532,-1109,-528,-88
-6116,8808,-13844,-1103,-524,-88
-6200,8856,-13608,-1105,-503,-105
-5984,8872,-13600,-1112,-513,-108
-6060,8876,-13544,-1102,-537,-90
-6124,8832,-13584,-1136,-528,-79
-6160,8932,-13608,-1105,-511,-94
-5960,8940,-13660,-1065,-489,-89
-6148,8972,-13720,-1058,-498,-114
-6044,9040,-13636,-1050,-475,-104
-5996,8896,-13644,-1042,-507,-100
-6012,8804,-13612,-1053,-497,-100
-6080,8920,-13760,-1070,-510,-96
-5976,8892,-13584,-1067,-501,-111
-6084,8796,-13616,-1049,-525,-104
-6048,9008,-13624,-1085,-497,-99
-6008,8896,-13624,-1069,-490,-87
-6000,8912,-13664,-1048,-488,-112
-6176,8888,-13752,-1078,-493,-118
-6012,8952,-13680,-1054,-506,-103
-6032,8840,-13616,-1080,-532,-111
-6072,8924,-13700,-1047,-493,-104
-6168,8880,-13752,-1039,-500,-123
-5980,8880,-13544,-1041,-492,-116
-6192,8952,-13748,-1042,-512,-111
-5964,8868,-13688,-1054,-497,-111
-6048,8932,-13672,-1081,-494,-102
-6080,8984,-13720,-1082,-532,-97
-6028,8944,-13688,-1061,-519,-97
-6080,8828,-13704,-1061,-514,-87
-6168,8900,-13680,-1058,-525,-106
-6136,8824,-13520,-1063,-496,-119
-6000,8884,-13712,-1093,-503,-94
-6132,8904,-13720,-1065,-491,-111
-6120,8928,-13568,-1069,-485,-107
-6088,8932,-13600,-1043,-491,-97
-6152,8860,-13728,-1075,-519,-107
-6088,8780,-13580,-1065,-504,-64
-6136,8900,-13724,-1087,-516,-95
-6116,8780,-13652,-1073,-493,-117
-6056,8852,-13692,-1083,-516,-82
-6048,8888,-13684,-1067,-500,-103
-6084,8928,-13624,-1073,-500,-108
-6004,8852,-13676,-1067,-518,-114
-6092,8872,-13616,-1100,-528,-114
-6240,8872,-13548,-1061,-510,-85
-6132,8824,-13724,-1080,-529,-105
-6120,8824,-13620,-1069,-520,-91
-5972,8784,-13600,-1090,-523,-91
-6068,8880,-13780,-1069,-485,-114
-6020,8832,-13744,-1097,-505,-103
-5988,8964,-13572,-1077,-511,-121
-6104,8920,-13640,-1053,-494,-91
-6044,8816,-13552,-1054,-481,-114
-6056,8876,-13640,-1087,-493,-113
-6008,8832,-13516,-1043,-528,-101
-6092,8916,-13580,-1074,-498,-100
-5984,8944,-13672,-1045,-495,-99
-6100,8856,-13704,-1035,-496,-101
-6156,8828,-13604,-1074,-499,-113
-5964,8948,-13540,-1061,-518,-95
-6092,8856,-13548,-1063,-493,-99
-6000,8848,-13604,-1049,-492,-129
-6136,8844,-13484,-1073,-507,-77
-5980,8952,-13604,-1085,-492,-114
-6196,8844,-13736,-1080,-516,-83
-6096,8944,-13756,-1071,-514,-105
-6024,8940,-13684,-1052,-503,-104
-5984,8972,-13784,-1101,-500,-88
-6064,8936,-13596,-1077,-494,-98
-6096,8872,-13508,-1089,-514,-101
-5976,8960,-13704,-1046,-522,-99
-6132,8864,-13612,-1055,-514,-105
-5972,8952,-13672,-1067,-500,-96
-6028,8948,-13540,-1054,-488,-111
-5972,8948,-13828,-1066,-517,-81
-6112,8864,-13536,-1043,-499,-104
-6052,8796,-13708,-1054,-524,-103
-6164,8836,-13768,-1072,-488,-112
-5996,8928,-13708,-1070,-530,-101
-6028,8916,-13680,-1066,-509,-116
-6068,8904,-13660,-1023,-492,-106
-6032,8940,-13564,-1069,-515,-106
-6036,8860,-13628,-1077,-514,-115
-6088,8948,-13608,-1044,-509,-91
-6088,8880,-13676,-1058,-491,-129
-6108,8912,-13588,-1057,-517,-84
-6112,8788,-13572,-1077,-516,-95
-6020,8924,-13656,-1052,-487,-112
-5960,8784,-13692,-1039,-503,-99
-5956,8940,-13628,-1052,-530,-98
-6156,8896,-13588,-1075,-531,-87
-5996,8864,-13524,-1079,-489,-80
-5976,8832,-13692,-1052,-498,-111
-6104,8852,-13580,-1055,-509,-105
-6004,8844,-13576,-1061,-493,-94
-6028,8852,-13616,-1062,-508,-95
-6128,8880,-13560,-1061,-502,-96
-5996,8848,-13580,-1071,-487,-96
-5984,8960,-13672,-1062,-524,-89
-6024,9028,-13616,-1058,-502,-88
-6020,8916,-13668,-1054,-546,-94
-6092,8844,-13696,-1069,-496,-84
-6024,8888,-13608,-1032,-521,-117
-6136,8880,-13612,-1075,-526,-104
-6044,8840,-13700,-1064,-492,-106
-6072,8892,-13632,-1076,-529,-91
-6060,8920,-13684,-1063,-496,-95
-6120,8868,-13664,-1046,-498,-110
-6088,8956,-13560,-1042,-503,-103
-6136,8844,-13664,-1021,-480,-98
-6000,8948,-13608,-1060,-503,-108
-6128,8764,-13548,-1062,-488,-103
-5980,8740,-13720,-1083,-524,-87
-6064,8864,-13720,-1068,-507,-85
-6072,8780,-13528,-1052,-507,-102
-5908,8872,-13608,-1054,-512,-108
-6052,8900,-13740,-1044,-496,-117
-6228,8788,-13496,-1067,-485,-112
-6132,8872,-13684,-1049,-497,-98
-6064,8944,-13640,-1100,-501,-101
-6120,9020,-13652,-1081,-511,-100
-6136,8888,-13636,-1058,-520,-86
-6048,8844,-13532,-1074,-494,-101
-6132,8928,-13720,-1058,-489,-105
-6096,8996,-13720,-1075,-522,-105
-6004,8892,-13528,-1064,-494,-96
-5992,8956,-13724,-1058,-488,-97
-6096,8844,-13616,-1056,-501,-99
-6092,8812,-13620,-1050,-510,-92
-6032,8840,-13704,-1074,-482,-96
-6080,8928,-13532,-1056,-489,-102
-6096,8,-10860,-1359679,-533,-114
-5964,8900,-13648,-1062,-496,-91
-6056,8964,-13756,-1085,-483,-95
-6140,8856,-13696,-1078,-508,-99
-6012,8908,-13596,-1051,-469,-104
-6036,8836,-13768,-1066,-499,-90
-6056,8856,-13700,-1068,-515,-100
-6040,8856,-13700,-1087,-515,-101
-6124,8916,-13636,-1069,-512,-76
-5984,8896,-13644,-1069,-506,-116
-6112,8960,-13668,-1077,-476,-100
-6124,8868,-13660,-1082,-503,-91
-5936,8912,-13824,-1061,-499,-83
-6236,8872,-13676,-1060,-518,-91
-6096,8924,-13812,-1068,-531,-85
-5900,8892,-13712,-1066,-510,-115
-6024,8996,-13664,-1086,-519,-105
-6092,8884,-13612,-1083,-524,-92
-6012,9052,-13676,-1064,-510,-85
-6016,8748,-13596,-1056,-495,-102
-5928,8896,-13756,-1060,-518,-101
-5948,8872,-13552,-1064,-507,-107
-5992,8920,-13692,-1061,-495,-82
-5988,8928,-13692,-1066,-488,-102
-5960,8844,-13720,-1065,-516,-91
-6008,8980,-13668,-1069,-504,-81
-6136,8848,-13672,-1081,-497,-107
-6024,8940,-13656,-1072,-488,-104
-6060,8948,-13496,-1071,-511,-90
-6164,8900,-13720,-1055,-484,-113
-5964,8908,-13592,-1083,-507,-106
-5940,8964,-13656,-1073,-514,-101
-6072,9012,-13708,-1046,-516,-116
-6104,8916,-13720,-1082,-494,-94
-6080,9040,-13624,-1041,-510,-107
-5968,8880,-13632,-1073,-536,-87
-6012,8908,-13772,-1058,-501,-79
-6148,8904,-13768,-1074,-520,-109
-5972,8828,-13604,-1071,-515,-105
-6008,8988,-13680,-1060,-502,-95
-6068,8856,-13652,-1031,-501,-94
-6080,8792,-13508,-1080,-516,-95
-6152,8948,-13808,-1043,-482,-109
-6088,8880,-13700,-1067,-506,-98
-6060,8784,-13576,-1075,-515,-101
-5960,8952,-13716,-1063,-501,-88
-6012,8836,-13508,-1073,-519,-102
-6064,8800,-13644,-1051,-504,-96
-6004,8840,-13624,-1066,-508,-94
-6100,8832,-13688,-1064,-515,-109
-6084,8872,-13620,-1075,-494,-100
-6112,8892,-13664,-1046,-524,-106
-5968,8848,-13588,-1060,-529,-95
-6088,8900,-13632,-1073,-487,-109
-5996,8888,-13596,-1076,-515,-120
-6080,8880,-13604,-1054,-513,-85
-6084,8828,-13576,-1061,-499,-106
-6140,8964,-13708,-1049,-535,-108
-6032,8912,-13664,-1042,-515,-118
-6036,8848,-13664,-1081,-524,-103
-6108,8964,-13576,-1082,-498,-113
-6128,8952,-13568,-1060,-498,-101
-6192,8884,-13672,-1063,-502,-94
-6168,8896,-13640,-1040,-497,-97
-6060,8892,-13696,-1049,-510,-89
-5976,8892,-13752,-1061,-481,-87
-6112,8868,-13728,-1044,-509,-100
-6104,8944,-13652,-1088,-518,-107
-6132,8884,-13668,-1083,-549,-87
-6016,8868,-13692,-1132,-522,-81
-6024,8872,-13656,-1117,-512,-65
-6088,8996,-13560,-1063,-494,-92
-6064,8856,-13584,-1013,-491,-94
-6184,8896,-13680,-1004,-460,-100
-6048,8968,-13672,-1016,-483,-115
-6048,8968,-13672,-1016,-483,-115
-6048,8968,-13672,-1016,-483,-115
-6044,8928,-13796,-1082,-493,-103
-5996,8968,-13672,-1092,-508,-112
-6004,8932,-13696,-1101,-480,-77
-6096,8836,-13576,-1111,-509,-83
-6064,8920,-13648,-1099,-523,-86
-6184,8788,-13648,-1068,-516,-92
-6000,8936,-13592,-1025,-503,-105
-6156,8960,-13688,-1043,-508,-116
-6124,8912,-13748,-1040,-481,-105
-6140,8824,-13592,-1073,-523,-110
-6088,8852,-13548,-1086,-523,-91
-6124,8872,-13540,-1078,-498,-70
-5952,8828,-13748,-1059,-497,-86
-5936,9000,-13532,-1056,-506,-94
-6024,8912,-13612,-1058,-530,-108
-6048,8964,-13592,-1060,-488,-100
-5988,8860,-13580,-1047,-510,-124
-6016,8772,-13532,-1072,-515,-96
-6056,8860,-13708,-1059,-510,-106
-6124,8928,-13736,-1098,-517,-109
-6080,8940,-13616,-1073,-502,-98
-6044,8896,-13644,-1082,-524,-105
-6124,8872,-13692,-1069,-527,-103
-6096,8848,-13660,-1068,-507,-80
-5976,9004,-13592,-1065,-517,-94
-6152,8928,-13720,-1056,-507,-117
-5964,9028,-13508,-1063,-496,-105
-6044,8932,-13784,-1089,-490,-90
-5956,8816,-13528,-1100,-539,-86
-6176,8952,-13672,-1066,-515,-124
-6048,8928,-13560,-1077,-508,-108
-6016,8884,-13672,-1066,-507,-106
-5996,8924,-13684,-1067,-513,-86
-6068,8852,-13688,-1067,-498,-111
-5996,8988,-13660,-1068,-491,-97
-6120,8856,-13700,-1056,-516,-97
-6124,8912,-13648,-1069,-519,-102
-6128,8896,-13724,-1068,-517,-95
-6120,8844,-13640,-1056,-509,-107
-6060,8776,-13712,-1053,-501,-128
-6140,8832,-13624,-1054,-497,-68
-6056,8968,-13672,-1049,-497,-81
-5996,8856,-13624,-1050,-496,-114
-6040,8924,-13728,-1086,-517,-99
-6024,8976,-13612,-1047,-500,-103
-6056,8912,-13584,-1066,-515,-114
-6076,9000,-13668,-1079,-518,-109
-5988,8888,-13596,-1074,-506,-113
-6060,8840,-13724,-1103,-489,-122
-6024,8984,-13684,-1049,-506,-108
-5996,8804,-13616,-1055,-518,-120
-5992,8888,-13636,-1090,-522,-97
-6160,8908,-13576,-1093,-509,-79
-6136,8864,-13564,-1098,-509,-75
-5952,8996,-13556,-1068,-489,-103
-6084,8892,-13672,-1039,-497,-120
-6056,8832,-13688,-985,-467,-133
-6016,8972,-13576,-1011,-497,-128
-6048,8748,-13604,-1050,-502,-111
-6116,8908,-13708,-1096,-512,-101
-6128,8888,-13644,-1111,-526,-88
-5976,8868,-13700,-1114,-525,-79
-6020,9004,-13632,-1088,-502,-97
-5960,8920,-13624,-1057,-511,-124
-5984,8856,-13680,-1034,-493,-116
-6040,8916,-13620,-1040,-496,-131
-6036,8828,-13612,-1056,-478,-112
-6044,8804,-13760,-1078,-515,-94
-6024,8904,-13564,-1089,-514,-83
-5944,8936,-13548,-1113,-512,-87
-6000,8908,-13588,-1076,-507,-73
-6080,8728,-13612,-1109,-511,-96
-5936,8940,-13580,-1053,-514,-105
-6032,8880,-13548,-1063,-528,-86
-6016,8856,-13616,-1048,-536,-105
-5976,8940,-13608,-1062,-504,-98
-6092,8868,-13656,-1067,-501,-88
-6140,8884,-13684,-1067,-524,-93
-5968,8920,-13624,-1057,-506,-101
-6084,8880,-13736,-1066,-499,-84
-5988,8920,-13600,-1057,-528,-76
-5972,8904,-13580,-1073,-495,-92
-6040,8908,-13616,-1059,-515,-98
-6108,8912,-13572,-1063,-528,-104
-6120,8872,-13576,-1037,-504,-99
-6048,8824,-13640,-1075,-506,-90
-6004,8840,-13628,-1079,-518,-89
-6024,8816,-13644,-1086,-519,-101
-6116,8972,-13600,-1062,-527,-99
-6124,8916,-13760,-1055,-514,-108
-6188,8860,-13632,-1096,-494,-103
-5996,8980,-13676,-1065,-511,-99
-6136,8892,-13672,-1069,-520,-95
-6000,8924,-13556,-1071,-497,-80
-6024,8936,-13524,-1081,-497,-101
-5992,8932,-13652,-1104,-503,-100
-6024,8880,-13604,-1078,-515,-108
-6220,8984,-13540,-1065,-481,-104
-6036,8912,-13688,-1066,-506,-107
-6096,8896,-13636,-1045,-512,-125
-6056,8880,-13600,-1060,-509,-121
-5964,8768,-13688,-1051,-502,-94
-6116,8844,-13632,-1075,-492,-72
-5984,8904,-13768,-1058,-520,-90
-6040,8880,-13668,-1085,-508,-106
-6140,8872,-13732,-1120,-509,-95
-6120,8940,-13660,-1079,-512,-97
-5964,8836,-13740,-1039,-493,-122
-6152,8912,-13660,-1027,-484,-116
-5980,8820,-13648,-1056,-498,-97
-6140,8864,-13568,-998,-485,-102
-6060,8928,-13644,-1063,-526,-102
-5980,8916,-13728,-1097,-523,-89
-6060,8884,-13848,-1078,-520,-116
-6028,8984,-13640,-1069,-507,-113
-6080,8824,-13576,-1057,-511,-90
-6060,8892,-13684,-1058,-503,-84
-5992,8856,-13608,-1073,-505,-106
-6232,8896,-13564,-1087,-514,-111
-6088,8840,-13644,-1057,-523,-100
-5992,8888,-13768,-1063,-541,-102
-6060,8896,-13716,-1083,-509,-110
-6032,8864,-13628,-1055,-490,-119
-6060,8824,-13688,-1027,-494,-87
-5940,8984,-13608,-1052,-503,-86
-6016,8980,-13500,-1039,-506,-81
-6140,8880,-13684,-1097,-533,-88
-6092,8820,-13688,-1070,-490,-85
-5956,8936,-13640,-1062,-504,-99
-6152,8864,-13572,-1055,-517,-116
-5968,8872,-13648,-1079,-525,-81
-6172,8896,-13660,-1066,-498,-105
-6004,8872,-13640,-1084,-519,-99
-6004,8808,-13676,-1062,-495,-118
-6080,8820,-13688,-1076,-531,-102
-6092,8972,-13616,-1053,-517,-108
-6000,9012,-13656,-1054,-500,-112
-6068,8852,-13652,-1078,-509,-96
-6072,8880,-13628,-1055,-497,-91
-6120,8884,-13600,-1073,-514,-92
-6136,8840,-13708,-1069,-510,-102
-6056,8944,-13580,-1081,-508,-109
-6132,8804,-13560,-1048,-499,-98
-6160,8868,-13552,-1085,-479,-84
-6036,8900,-13528,-1080,-517,-89
-5980,8904,-13624,-1062,-536,-110
-6064,8972,-13540,-1056,-5228936,-136
-6064,8972,-13540,-1056,-5228936,-136
-6024,8908,-13600,-1063,-510,-84
-6096,8936,-13736,-1053,-505,-99
-6100,8912,-13608,-1066,-507,-91
-6048,8812,-13584,-1060,-522,-91
-6092,8924,-13672,-1066,-520,-109
-5960,8812,-13560,-1084,-532,-97
-6016,8896,-13796,-1065,-487,-103
-6072,8892,-13656,-1052,-486,-83
-6116,8836,-13776,-1082,-486,-84
-6120,8832,-13804,-1068,-525,-121
-6056,8880,-13584,-1081,-504,-90
-6104,8764,-13592,-1065,-514,-96
-6008,8860,-13688,-1076,-529,-93
-6048,8844,-13684,-1073,-508,-86
-6104,8852,-13628,-1087,-492,-101
-6052,8932,-13612,-1034,-518,-112
-6180,8928,-13552,-1088,-491,-88
-6240,8840,-13764,-1049,-491,-87
-5912,8968,-13768,-1059,-509,-112
-6060,8832,-13540,-1082,-517,-90
-6120,8864,-13592,-1043,-494,-107
-6068,8980,-13684,-1092,-536,-89
-6172,8844,-13632,-1068,-522,-99
-6044,8968,-13764,-1075,-502,-104
-6056,8920,-13616,-1061,-481,-101
-5992,8940,-13528,-1066,-516,-86
-6156,8924,-13656,-1053,-528,-115
-6068,8896,-13696,-1043,-502,-86
-6112,8900,-13632,-1060,-510,-102
-6008,8856,-13616,-1072,-508,-106
-6056,9040,-13652,-1072,-506,-98
-6016,8808,-13652,-1044,-497,-96
-6188,8880,-13672,-1057,-522,-117
-6112,8964,-13488,-1058,-530,-110
-5988,8904,-13660,-1062,-496,-105
-6112,8872,-13576,-1058,-499,-113
-5992,8852,-13528,-1069,-507,-100
-6048,8840,-13644,-1085,-504,-116
-6172,8908,-13628,-1063,-502,-100
-6164,8892,-13672,-1073,-494,-102
-6108,8888,-13568,-1068,-491,-93
-6052,8804,-13612,-1065,-522,-106
-6156,8852,-13812,-1062,-515,-79
-5972,8924,-13680,-1083,-532,-110
-6180,8856,-13608,-1076,-504,-90
-5996,8960,-13752,-1043,-505,-106
-6072,8920,-13608,-1054,-502,-86
-6048,8876,-13608,-1041,-497,-99
-5996,8904,-13580,-1071,-516,-94
-6112,8848,-13468,-1068,-511,-106
-5952,8872,-13632,-1086,-515,-93
-6056,8896,-13780,-1059,-501,-115
-6088,8880,-13636,-1066,-510,-98
-6020,9004,-13740,-1041,-492,-114
-6072,8804,-13704,-1089,-493,-91
-6812,8920,-13204,-1022,-499,-89
-6772,9068,-13328,-1036,-466,-99
-6780,8916,-13288,-1045,-503,-102
-6772,8896,-13224,-1095,-515,-106
-6796,9036,-13228,-1075,-513,-111
-6808,8928,-13224,-1060,-504,-99
-6824,8952,-13352,-1120,-533,-80
-6840,8948,-13276,-1132,-553,-76
-6808,9064,-13244,-1107,-506,-81
-6528,9084,-13152,-1069,-504,-111
-6744,9108,-13112,-1028,-488,-97
-6832,8948,-13316,-1047,-516,-69
-6780,9052,-13116,-1069,-478,-97
-6816,8992,-13248,-1047,-491,-116
-6700,9072,-13132,-1059,-503,-102
-6716,8960,-13268,-1042,-515,-113
-6916,8928,-13232,-1023,-512,-123
-6832,8920,-13280,-1069,-506,-101
-6692,9044,-13372,-1079,-526,-79
-6776,8976,-13192,-1109,-534,-108
-6672,9016,-13132,-1091,-509,-71
-6872,9048,-13268,-1103,-516,-101
-6732,8976,-13308,-1077,-516,-91
-6744,8988,-13232,-1082,-522,-92
-6824,8984,-13216,-1073,-494,-101
-6720,9028,-13132,-1071,-534,-104
-6704,8988,-13292,-1063,-519,-92
-6768,9000,-13216,-1082,-504,-84
-6744,8908,-13364,-1077,-493,-106
-6688,8976,-13256,-1064,-511,-87
-6856,9012,-13160,-1063,-504,-118
-6728,9032,-13252,-1050,-512,-97
-6840,9104,-13316,-981,-501,-67
-6652,9032,-13232,-1070,-497,-70
-6648,8884,-13416,-1018,-498,-47
-6700,8872,-13208,-1042,-547,-67
-6680,8960,-13240,-1271,-558,-7
-6776,8948,-13148,-1366,-600,-8
-6752,9012,-13228,-1369,-613,8
-6732,9032,-13240,-1365,-634,13
-6720,9736,-12896,-1521,-528,-146
-6880,9132,-13116,-1167,-533,-37
-6888,9108,-13160,-1120,-488,-96
-6556,9076,-13112,-813,-500,-220
-6712,9232,-13184,-958,-474,-170
-6652,8964,-13280,-828,-523,-221
-6656,8984,-13204,-977,-567,-198
-6676,8912,-13140,-918,-541,-196
-6848,8936,-13260,-1088,-578,-156
-6796,9072,-13212,-1148,-515,-97
-6768,9056,-13092,-998,-526,-142
-6656,8964,-13136,-901,-472,-186
-6648,9260,-13012,-780,-392,-242
-6824,9056,-13108,-553,-419,-367
-6860,9064,-13344,-289,-382,-415
-6560,9060,-13140,-59,-412,-526
-6724,8820,-13396,174,-483,-510
-6812,8696,-13464,258,-470,-432
-6692,8452,-13284,319,-550,-403
-6840,8384,-13428,185,-510,-474
-6900,8192,-13452,-56,-394,-507
-6776,8124,-13584,-446,-456,-283
-6884,8116,-13536,-338,-357,-444
-6748,8028,-13880,-599,-544,-109
-6868,8020,-13652,-929,-613,137
-6776,8444,-13708,-786,-643,222
-6996,8120,-13772,-527,-814,302
-6616,7952,-13728,-468,-702,243
-7132,8164,-13720,-617,-665,145
-6856,8000,-13760,-821,-602,22
-6808,7944,-13920,-958,-624,35
-6972,7836,-13712,-1187,-559,-82
-6924,8072,-13820,-1313,-565,-48
-6756,7964,-13660,-1486,-591,76
-6880,8112,-13696,-1658,-664,158
-6992,8112,-13696,-1797,-663,197
-6960,8008,-13548,-2112,-768,341
-6732,7936,-13712,-2538,-802,617
-6888,8244,-13628,-3145,-927,959
-7192,8476,-13360,-3412,-1028,1194
-6380,9368,-13180,-3257,-1005,979
-6760,9596,-13144,-2397,-1078,589
-7164,9112,-13100,-2282,-996,535
-6980,9520,-12980,-2188,-1075,488
-6900,9684,-12928,-1844,-938,377
-6792,9472,-12684,-1726,-766,215
-6956,9648,-12648,-1645,-718,172
-6756,9608,-12916,-1403,-638,114
-6716,9588,-12848,-1429,-663,93
-6732,9860,-12624,-1419,-656,87
-6780,9744,-12788,-1298,-626,44
-7008,9704,-12676,-1213,-490,-5
-6896,9696,-12740,-1321,-592,22
-6832,9640,-12800,-1078,-507,-17
-6908,9728,-12812,-1190,-505,-44
-6752,9436,-12644,-1023,-483,-105
-6780,9620,-12900,-1036,-490,-93
-6576,9732,-12736,-1246,-554,-14
-6960,9632,-12888,-1108,-522,-31
-6976,9808,-12620,-999,-437,-122
-6948,9672,-12808,-1151,-487,-64
-6784,9488,-12628,-1136,-524,-64
-6756,9608,-12744,-1041,-514,-102
-6932,9720,-12668,-1079,-503,-116
-6788,9732,-12640,-1158,-493,-70
-6904,9496,-12888,-1135,-494,-73
-6896,9784,-12636,-1116,-499,-49
-6704,9780,-12656,-1210,-533,0
-6800,9692,-12780,-1105,-550,-31
-6940,9820,-12636,-1166,-565,-16
-6936,9760,-12740,-1162,-549,-43
-6824,9732,-12628,-1093,-512,-80
-6768,9748,-12736,-1045,-492,-114
-6920,9720,-12612,-984,-496,-129
-6772,9812,-12512,-982,-476,-119
-6756,9604,-12760,-1009,-471,-104
-6704,9660,-12732,-1072,-509,-95
-6724,9752,-12608,-1053,-505,-95
-6840,9764,-12676,-1048,-514,-107
-6904,9768,-12680,-1061,-499,-129
-6960,9652,-12620,-1023,-480,-138
-6836,9680,-12644,-1043,-530,-84
-6864,9696,-12708,-1029,-511,-132
-6940,9532,-12724,-1104,-489,-75
-6912,9788,-12724,-1150,-534,-60
-6856,9716,-12604,-1151,-498,-45
-6812,9732,-12676,-1126,-540,-64
-6800,9668,-12592,-1147,-534,-78
-7032,9900,-12764,-972,-645,-45
-6996,9808,-12780,-1133,-525,-98
-6960,9684,-12652,-1060,-523,-89
-6748,9696,-12664,-1056,-529,-109
-6880,9664,-12620,-974,-491,-133
-6852,9620,-12588,-942,-523,-183
-6780,9560,-12660,-1055,-486,-127
-6820,9532,-12768,-1007,-469,-100
-6904,9872,-12688,-986,-490,-83
-6744,9868,-12668,-1065,-540,-112
-6868,9768,-12456,-994,-448,-167
-6468,9828,-12852,-844,-534,-217
-7040,9884,-12748,-801,-546,-234
-6712,9628,-12768,-793,-569,-221
-6972,9680,-12588,-927,-459,-200
-6876,9460,-12800,-834,-459,-216
-6848,9620,-12848,-928,-421,-170
-6800,9812,-12628,-1126,-467,-111
-6796,9608,-12744,-1144,-478,-120
-6840,9452,-12652,-1124,-511,-102
-6832,9556,-12912,-1104,-502,-99
-6884,9580,-12776,-1079,-499,-81
-6776,9576,-12652,-1017,-519,-119
-6876,9668,-12692,-1028,-489,-118
-6820,9624,-12676,-1031,-497,-120
-6824,9668,-12704,-1078,-522,-102
-6828,9552,-12784,-990,-494,-154
-6736,9532,-12788,-1003,-505,-117
-6912,9636,-12768,-970,-492,-138
-6804,9524,-12728,-1020,-519,-114
-6828,9364,-12668,-1029,-509,-115
-6896,9552,-12752,-1042,-531,-106
-6768,9564,-12724,-1085,-551,-90
-6952,9520,-12704,-1071,-512,-91
-6780,9544,-12768,-1129,-488,-69
-6824,9552,-12916,-989,-496,-115
-6704,9512,-12720,-1096,-511,-90
-6868,9540,-12800,-1094,-495,-102
-6668,9468,-12836,-1047,-523,-114
-6664,9536,-12732,-1038,-545,-94
-6760,9508,-12788,-1073,-514,-102
-6776,9576,-12808,-1066,-512,-105
-6852,9592,-12660,-1078,-519,-90
-6804,9492,-12772,-1058,-548,-97
-6768,9588,-12800,-1024,-514,-96
-6944,9612,-12832,-1125,-515,-48
-6828,9540,-12800,-1086,-549,-101
-6980,9500,-12788,-1078,-515,-107
-6708,9624,-12788,-1093,-519,-102
-6732,9536,-12744,-1100,-499,-106
-6844,9504,-12728,-1040,-524,-107
-6872,9624,-12860,-1054,-511,-111
-6816,9532,-12680,-1049,-501,-100
-6876,9584,-12856,-1058,-519,-107
-6720,9560,-12796,-998,-524,-124
-6868,9588,-12708,-926,-543,-163
-6872,9532,-12916,-903,-486,-183
-6848,9352,-12800,-987,-502,-189
-6956,9460,-12884,-940,-499,-159
-6772,9604,-12912,-1095,-490,-105
-6848,9480,-12880,-1143,-504,-64
-6816,9628,-12656,-1096,-515,-80
-6712,9572,-12808,-1109,-473,-90
-6824,9596,-12772,-981,-489,-124
-6840,9460,-12780,-904,-443,-165
-6860,9496,-12808,-1040,-533,-89
-6800,9460,-12732,-951,-534,-185
-6928,9580,-12724,-952,-457,-195
-6820,9480,-12736,-710,-437,-261
-6976,9492,-12892,-867,-424,-230
-7144,9296,-12920,-901,-388,-218
-6948,9388,-12740,-911,-453,-191
-6616,9456,-12948,-923,-439,-210
-6896,9420,-12816,-782,-400,-238
-6832,9476,-12988,-663,-439,-310
-6948,9432,-12752,-656,-402,-356
-6864,9216,-12804,-495,-323,-391
-6904,9288,-12980,-552,-346,-362
-6724,9268,-12920,-514,-422,-366
-6816,9224,-12908,-508,-468,-391
-6852,9244,-13052,-315,-478,-399
-6820,8924,-13180,-201,-354,-323
-6340,8920,-13256,-352,-334,-443
-6988,8572,-13368,-866,-543,-334
-6916,8312,-13016,-1819,-589,301
-7044,9180,-13256,-1991,-709,394
-6940,9288,-12936,-1734,-685,301
-6716,9284,-13192,-1781,-602,298
-6836,9572,-12940,-1382,-596,62
-6812,9168,-13028,-1211,-533,4
-6836,9404,-12852,-1041,-476,-81
-6796,9168,-13024,-966,-473,-159
-6880,9220,-12920,-982,-468,-114
-6828,9120,-13036,-977,-486,-164
-6932,9148,-13108,-1026,-530,-128
-6952,9200,-13152,-983,-523,-171
-6960,9208,-12980,-946,-498,-172
-6848,9132,-13120,-988,-539,-167
-6872,9184,-13124,-1120,-490,-38
-6980,9132,-12956,-1074,-517,-85
-6944,9252,-12860,-1150,-506,-12
-6988,9188,-12932,-1131,-495,-31
-6720,9164,-13016,-1156,-561,-37
-6896,9168,-12960,-1135,-572,-56
-6892,9116,-13024,-1139,-546,-79
-6824,9212,-12948,-1175,-572,-71
-6920,9312,-13004,-1082,-551,-141
-6968,9252,-12828,-1066,-519,-142
-6980,9300,-12884,-967,-514,-156
-6924,9204,-13060,-915,-455,-166
-6880,9220,-13020,-942,-424,-110
-6900,9128,-13116,-1041,-466,-81
-6796,9248,-13040,-1057,-518,-124
-6824,9276,-13048,-956,-475,-152
-6860,9268,-12972,-862,-490,-218
-6740,9132,-13212,-841,-465,-221
-6912,9004,-13052,-1085,-510,-70
-6932,9024,-12940,-897,-480,-197
-6864,9200,-13032,-1281,-552,21
-7016,9232,-12900,-1385,-532,22
-6884,9272,-12952,-1367,-541,67
-6908,9284,-13000,-1156,-448,-8
-6764,9284,-12980,-1035,-453,-58
-6712,9172,-12852,-1058,-529,-52
-6800,9280,-13156,-1078,-445,-44
-6804,9164,-12968,-1171,-536,-37
-6708,9224,-12940,-1227,-591,-69
-6796,9328,-13032,-1217,-629,-65
-7040,9260,-12940,-1133,-561,-125
-6884,9396,-12940,-1044,-487,-123
-6852,9328,-12904,-1000,-455,-111
-6768,9344,-12888,-962,-439,-150
-6704,9280,-13112,-1038,-485,-111
-6980,9100,-12956,-1038,-493,-123
-6964,9252,-13044,-1065,-495,-92
-7000,9244,-12972,-1099,-510,-103
-7028,9244,-12944,-1107,-500,-83
-7008,9240,-13072,-1104,-509,-87
-6816,9236,-13084,-1095,-525,-100
-6968,9132,-12840,-1070,-533,-109
-6880,9156,-13008,-1030,-502,-114
-6916,9248,-13064,-1023,-512,-108
-6780,9248,-13104,-1037,-508,-122
-6896,9300,-13188,-1001,-480,-124
-6872,9192,-13000,-1005,-510,-130
-6840,9308,-13080,-1016,-522,-122
-6732,9116,-12972,-1045,-512,-114
-6788,9388,-13140,-1047,-503,-133
-6880,9216,-12960,-1068,-514,-118
-6896,9260,-13120,-1081,-502,-98
-6944,9212,-12968,-1081,-501,-92
-6980,9160,-13136,-1092,-529,-76
-6840,9272,-13092,-1072,-498,-105
-6856,9168,-13072,-1039,-507,-99
-6772,9248,-13176,-1037,-523,-105
-6832,9280,-13032,-1036,-508,-113
-6912,9204,-12944,-1030,-510,-128
-7020,9220,-13048,-1059,-483,-98
-6892,9160,-13052,-1082,-522,-97
-6892,9220,-12972,-1130,-541,-61
-6816,9276,-13012,-1110,-514,-84
-6900,9236,-12864,-1095,-497,-106
-6796,9280,-12996,-1030,-509,-91
-6828,9200,-13008,-1041,-514,-110
-6864,9264,-12928,-1045,-472,-103
-6812,9256,-13128,-1031,-506,-103
-6832,9244,-12912,-1073,-505,-120
-7008,9264,-13056,-1057,-496,-97
-6924,9316,-12976,-1058,-525,-105
-6868,9260,-13136,-1051,-484,-108
-6876,9216,-12972,-1062,-535,-91
-6896,9228,-13060,-1065,-531,-87
-6900,9296,-12860,-1075,-515,-109
-6824,9304,-13000,-1062,-507,-104
-6808,9284,-13112,-1071,-504,-102
-6852,9268,-13112,-1074,-505,-109
-6840,9172,-12988,-1066,-531,-99
-6852,9304,-12984,-1077,-511,-118
-6904,9156,-12852,-1084,-542,-93
-6900,9248,-12992,-1070,-535,-115
-6868,9152,-13036,-1083,-506,-94
-6868,9152,-12968,-1066,-512,-83
-6864,9292,-12980,-1092,-521,-92
-6736,9236,-13020,-1038,-500,-93
-6796,9152,-13088,-1057,-523,-82
-6856,9128,-13064,-1065,-515,-114
-7040,9192,-13000,-1037,-512,-113
-6912,9252,-12960,-1081,-501,-98
-6936,9200,-12984,-1084,-493,-97
-6856,9284,-12920,-1030,-532,-105
-6912,9172,-12924,-1066,-512,-118
-6900,9272,-12992,-1069,-507,-107
-6804,9204,-12840,-1073,-515,-106
-6964,9132,-12988,-1085,-508,-97
-6828,9164,-12948,-1074,-529,-89
-6892,9196,-12968,-1060,-503,-113
-6820,9208,-13156,-1060,-503,-92
-6844,9172,-13092,-1062,-521,-69
-6872,9256,-13044,-1067,-500,-112
-6828,9320,-13216,-1066,-521,-99
-6716,9212,-12944,-1095,-526,-88
-6868,9200,-12984,-1078,-527,-103
-6824,9232,-13048,-1082,-513,-107
-6812,9148,-12956,-1066,-507,-94
-6864,9228,-12936,-1044,-479,-102
-6820,9308,-12960,-1050,-496,-88
-6828,9232,-13016,-1050,-525,-102
-6896,9280,-13100,-1057,-527,-106
-6924,9328,-13108,-1078,-527,-80
-6772,9156,-12992,-1104,-522,-86
-6820,9284,-13064,-1092,-507,-96
-6916,9248,-13104,-1051,-498,-76
-6928,9228,-13100,-1074,-505,-82
-6944,9180,-13000,-1061,-510,-107
-6856,9260,-12968,-1056,-488,-94
-6976,9180,-13056,-1024,-500,-98
-6884,9220,-13108,-1045,-506,-105
-6996,9076,-12944,-1055,-498,-96
-6716,9268,-13012,-1091,-508,-93
-6792,9108,-12988,-1071,-487,-103
-6876,9228,-13072,-1088,-504,-96
-6856,9160,-12956,-1083,-514,-113
-6756,9164,-13072,-1090,-516,-79
-6808,9176,-12932,-1062,-528,-108
-6848,9228,-13140,-1063,-520,-95
-6872,9120,-12968,-1050,-500,-97
-6844,9204,-12892,-1041,-490,-99
-6852,9168,-12976,-1057,-528,-114
-6868,9200,-13020,-1059,-497,-98
-6816,9192,-13032,-1053,-464,-102
-6892,9192,-12916,-1060,-542,-93
-6900,9232,-12980,-1059,-509,-103
-6808,9204,-13012,-1067,-525,-95
-6900,9328,-12968,-1112,-493,-96
-6832,9196,-12984,-1087,-448,-76
-6984,9104,-13004,-1073,-478,-94
-6680,9160,-12944,-1200,-532,-30
-6716,9320,-12948,-1153,-558,-44
-6916,9296,-12944,-1131,-547,-82
-6832,9192,-13004,-1178,-531,-46
-6876,9276,-13012,-1087,-520,-92
-6880,9320,-12744,-999,-377,-131
-6644,9192,-12872,-1038,-507,-107
-6836,9396,-13092,-966,-466,-148
-6868,9208,-12992,-1054,-464,-108
-6824,9340,-13112,-1002,-496,-154
-6940,9180,-13028,-1011,-518,-139
-6832,9168,-13008,-1026,-566,-134
-6996,9352,-12948,-1073,-573,-117
-6812,9256,-13096,-1064,-495,-118
-6844,9344,-13112,-1114,-497,-44
-6740,9348,-13020,-1072,-487,-69
-6980,9208,-13052,-1061,-496,-92
-6768,9268,-12932,-1053,-520,-101
-6872,9192,-12936,-1046,-494,-104
-6784,9180,-12960,-1037,-523,-113
-6804,9292,-12888,-1073,-519,-103
-6932,9180,-13092,-1076,-521,-120
-6852,9324,-13148,-1063,-551,-126
-6728,9328,-12876,-980,-482,-134
-6828,9156,-13008,-1035,-485,-92
-6984,9300,-12884,-1041,-470,-90
-6876,9244,-13120,-1102,-530,-85
-6796,9340,-13036,-1065,-494,-131
-6996,9300,-12884,-1029,-526,-130
-6884,9228,-12984,-1046,-538,-140
-6860,9220,-12996,-1027,-526,-134
-6792,9288,-13080,-1075,-514,-122
-6964,9192,-13004,-1107,-537,-93
-6932,9204,-13112,-1160,-569,-75
-6916,9340,-12908,-1243,-478,-43
-7048,9264,-12920,-1272,-538,-8
-7088,9308,-12932,-1257,-509,-10
-6936,9124,-13008,-1266,-564,7
-6840,9424,-12928,-1238,-543,27
-6904,9300,-12808,-1351,-528,46
-6996,9272,-12804,-1266,-605,97
-6704,9616,-12596,-1341,-589,103
-6828,9192,-12984,-1369,-572,62
-6800,9700,-12776,-1119,-394,-15
-6628,9572,-12764,-837,-364,-202
-6724,9568,-12820,-819,-371,-283
-6792,9336,-12964,-498,-350,-388
-6884,9120,-12976,-557,-394,-300
-6888,9396,-13000,-738,-396,-192
-6856,9112,-12952,-807,-362,-147
-6452,8968,-13388,-857,-315,-172
-6728,9768,-12980,-1173,-332,-4
-6964,9260,-13056,-578,-376,-231
-6608,8944,-13124,-1089,-535,-33
-7084,9316,-13080,-1130,-348,-61
-6860,9108,-13012,-1227,-505,9
-6748,9076,-13052,-1206,-598,-36
-6776,9284,-13000,-1122,-522,-40
-6672,9188,-13016,-1288,-601,-21
-6900,9484,-12928,-967,-555,-1
-6900,9484,-12928,-967,-555,-1
-6900,9484,-12928,-967,-555,-1
-6852,9120,-13116,-1017,-543,-137
-6956,9204,-13120,-912,-509,-191
-6960,9320,-12888,-903,-540,-118
-6840,9432,-12868,-1040,-518,-63
-6724,9128,-13092,-1244,-631,-3
-6836,9112,-13092,-985,-490,-128
-6848,9200,-13104,-1121,-485,-53
-6808,9260,-12920,-1189,-527,-22
-6876,9104,-13000,-1486,-618,64
-6620,9184,-13092,-1485,-694,97
-6812,9232,-13160,-1346,-606,58
-6780,9604,-12772,-1386,-641,45
-6836,9332,-12812,-1425,-620,70
-6952,9572,-12668,-1311,-608,24
-6792,9416,-12896,-1191,-558,-16
-6696,9588,-12732,-1099,-539,-56
-6940,9472,-12888,-1134,-521,-64
-6884,9464,-12812,-1097,-496,-89
-6844,9380,-12772,-1072,-491,-86
-6796,9488,-12816,-998,-480,-121
-6864,9396,-12852,-1068,-482,-119
-6820,9244,-13008,-1026,-511,-119
-6892,9468,-12752,-1020,-516,-139
-6784,9520,-12712,-920,-497,-181
-6832,9408,-12936,-905,-458,-189
-6788,9368,-12872,-967,-494,-158
-6880,9380,-13020,-1048,-485,-107
-6796,9344,-12868,-1151,-483,-65
-6848,9424,-12976,-1176,-516,-38
-6732,9368,-12932,-1161,-528,-52
-6788,9520,-12808,-1092,-506,-104
-6944,9420,-12796,-1054,-507,-107
-6772,9412,-13004,-959,-479,-153
-6812,9408,-12900,-890,-469,-184
-6916,9452,-12860,-919,-466,-189
-6924,9408,-12956,-914,-458,-161
-6756,9404,-12900,-981,-454,-161
-6788,9328,-12768,-1017,-484,-120
-6700,9256,-13004,-1112,-499,-79
-6768,9440,-13124,-1182,-528,-60
-6876,9288,-12788,-1208,-555,-20
-6868,9444,-12816,-1196,-532,-36
-6836,9384,-12720,-1163,-511,-49
-6896,9412,-12840,-1122,-487,-63
-6700,9316,-12788,-1081,-518,-87
-6716,9360,-12884,-1056,-501,-116
-6980,9472,-12788,-1051,-511,-115
-6808,9368,-13072,-1054,-495,-128
-6820,9416,-12848,-1066,-502,-96
-6904,9372,-12892,-1077,-540,-100
-6836,9412,-12964,-1057,-515,-111
-6832,9404,-12816,-1070,-514,-105
-6860,9432,-12972,-1050,-513,-93
-6796,9460,-12944,-1029,-490,-110
-6884,9388,-13016,-1030,-491,-107
-6844,9312,-12876,-1060,-508,-117
-6824,9356,-12972,-1094,-507,-120
-6804,9428,-12844,-1080,-520,-80
-6860,9356,-12892,-1062,-495,-88
-6828,9452,-12940,-1067,-513,-105
-6672,9308,-12964,-1082,-499,-88
-6764,9340,-12992,-1075,-482,-108
-6832,9396,-12824,-1106,-510,-90
-6808,9436,-12832,-1050,-479,-94
-6764,9268,-12988,-1034,-511,-100
-6840,9356,-12908,-1045,-512,-123
-6760,9468,-12984,-1087,-520,-111
-6856,9324,-12880,-1081,-506,-120
-6760,9396,-12736,-1069,-514,-78
-6876,9312,-12936,-1060,-528,-105
-6824,9424,-12964,-1058,-503,-117
-6816,9468,-12932,-1054,-472,-106
-6856,9364,-12852,-1059,-516,-91
-6796,9380,-12956,-1061,-502,-100
-6888,9444,-12952,-1088,-517,-91
-6872,9504,-12924,-1057,-495,-90
-6884,9380,-12884,-1066,-516,-112
-6748,9468,-12940,-1055,-505,-99
-6748,9336,-12792,-1057,-490,-114
-6732,9432,-12928,-1065,-501,-99
-6796,9412,-12920,-1057,-507,-130
-6732,9384,-12836,-1062,-526,-116
-6820,9396,-12848,-1095,-496,-116
-6892,9380,-12916,-1069,-500,-94
-6836,9368,-12804,-1084,-504,-86
-6736,9384,-12908,-1066,-496,-77
-6924,9484,-12944,-1099,-517,-88
-6760,9384,-12956,-1050,-500,-99
-6812,9564,-12824,-1063,-520,-103
-6800,9448,-12944,-1065,-511,-100
-6772,9396,-12908,-1076,-495,-108
-6972,9448,-12748,-1066,-510,-116
-6848,9332,-12864,-1083,-512,-115
-6828,9452,-13024,-1060,-528,-87
-6852,9392,-12928,-1066,-510,-90
-6840,9348,-12948,-1073,-514,-111
-6832,9292,-12920,-1056,-500,-88
-6796,9264,-12964,-1060,-521,-80
-6804,9384,-12932,-1079,-505,-92
-6728,9328,-12888,-1080,-520,-95
-6760,9360,-12924,-1093,-564,-75
-6940,9408,-12948,-1087,-494,-109
-6768,9432,-12948,-1053,-520,-115
-6828,9392,-12856,-1034,-498,-103
-6808,9376,-12876,-1037,-507,-95
-6848,9388,-12836,-1049,-504,-121
-6880,9412,-12876,-1082,-510,-103
-6768,9312,-12980,-1094,-516,-99
-6760,9456,-12908,-1079,-506,-93
-6796,9396,-12924,-1078,-505,-110
-6796,9360,-12996,-1068,-544,-106
-6808,9408,-12880,-1051,-480,-133
-6724,9376,-12936,-1071,-492,-104
-6780,9376,-12876,-1070,-514,-106
-6728,9484,-12916,-1055,-510,-88
-6768,9372,-12932,-1068,-493,-79
-6956,9412,-12860,-1068,-507,-102
-6808,9528,-12844,-1048,-478,-104
-6628,9276,-12964,-1078,-548,-112
-6920,9332,-12828,-1057,-523,-95
-6764,9376,-12876,-1076,-515,-95
-6788,9380,-12832,-1059,-534,-86
-6892,9340,-12848,-1062,-499,-92
-6824,9476,-12848,-1050,-499,-91
-6732,9412,-12880,-1050,-497,-98
-6868,9388,-12884,-1054,-525,-121
-6848,9404,-12856,-1067,-518,-90
-6884,9432,-12888,-1082,-511,-103
-6904,9320,-12976,-1069,-507,-93
-6908,9352,-12932,-1058,-526,-95
-6764,9464,-12984,-1057,-520,-106
-6812,9460,-12860,-1066,-493,-97
-6620,9424,-12828,-1059,-548,-112
-6868,9420,-13016,-1063,-513,-109
-6780,9352,-12952,-1097,-520,-92
-6820,9400,-12988,-1089,-526,-58
-6852,9376,-12828,-1097,-520,-81
-6820,9384,-12856,-1106,-545,-65
-6932,9352,-12864,-1077,-488,-87
-6928,9436,-13032,-1089,-524,-97
-6772,9288,-12796,-1074,-510,-84
-6892,9400,-12976,-1069,-498,-83
-6740,9416,-13004,-1060,-499,-112
-6676,9384,-12996,-1058,-522,-96
-6724,9408,-12780,-1028,-501,-107
-6776,9396,-12960,-1039,-501,-117
-6908,9264,-12876,-1073,-516,-103
-6904,9372,-12836,-1078,-534,-100
-6860,9396,-12792,-1070,-505,-76
-7000,9348,-12932,-1072,-506,-90
-6836,9336,-12940,-1083,-493,-76
-6764,9444,-13032,-1043,-500,-87
-6736,9464,-12888,-1015,-506,-143
-6988,9400,-12832,-1039,-489,-137
-6656,9364,-12948,-1017,-493,-125
-6800,9260,-12936,-1056,-510,-104
-6728,9324,-12816,-1055,-520,-97
-6812,9356,-12896,-1107,-526,-78
-6932,9352,-12948,-1124,-509,-87
-6660,9420,-13076,-1093,-518,-56
-6708,9440,-12968,-1072,-507,-92
-6908,9424,-12920,-1089,-524,-96
-6932,9404,-13044,-1057,-536,-95
-6816,9472,-12944,-1050,-539,-111
-6880,9436,-12988,-1036,-497,-85
-6816,9412,-12948,-1011,-513,-124
-6852,9392,-12780,-1033,-527,-122
-6876,9412,-12872,-1033,-502,-105
-6712,9336,-12796,-1060,-532,-100
-6812,9408,-12860,-1111,-508,-60
-6780,9468,-12900,-1096,-538,-88
-6840,9388,-12920,-1057,-505,-88
-6764,9404,-12896,-1116,-499,-61
-6888,9340,-12936,-1043,-499,-82
-6796,9396,-12920,-1057,-504,-95
-6648,9372,-12864,-1034,-511,-84
-6856,9492,-12840,-1032,-513,-121
-6764,9400,-12928,-1021,-507,-116
-6860,9444,-12936,-1043,-505,-122
-6864,9356,-12896,-1032,-493,-106
-6884,9268,-12916,-1022,-505,-127
-6820,9300,-12992,-1021,-515,-105
-6780,9428,-12868,-1066,-499,-107
-6812,9296,-12880,-1005,-498,-94
-6816,9316,-12832,-1043,-515,-115
-6820,9364,-12916,-1012,-493,-118
-6948,9360,-12960,-980,-497,-141
-6936,9336,-12884,-1020,-510,-115
-6928,9424,-12820,-1006,-515,-118
-6728,9364,-12924,-1079,-518,-119
-6820,9376,-12780,-1123,-508,-85
-6768,9424,-12888,-1107,-532,-78
-6956,9424,-12956,-1103,-519,-80
-6908,9432,-12748,-1072,-506,-86
-6724,9440,-12896,-1045,-496,-103
-6968,9472,-12864,-1058,-505,-106
-6884,9352,-12828,-1044,-523,-105
-6884,9452,-13008,-1054,-507,-103
-6760,9356,-12856,-1040,-505,-92
-6704,9408,-12896,-1082,-530,-99
-6888,9316,-12836,-1095,-514,-120
-6764,9432,-12932,-1075,-543,-99
-6900,9432,-12984,-1043,-502,-101
-6800,9308,-12932,-1023,-509,-96
-6796,9408,-13064,-1050,-488,-116
-6712,9332,-12888,-1062,-535,-94
-6832,9460,-12944,-1055,-524,-100
-6836,9448,-12888,-1082,-508,-94
-6920,9304,-12840,-1098,-526,-96
-6784,9396,-12968,-1080,-487,-92
-6800,9456,-12820,-1068,-536,-111
-6804,9336,-12944,-1060,-496,-111
-6860,9372,-12968,-1053,-505,-118
-6780,9436,-12764,-1066,-512,-116
-6740,9328,-12848,-1056,-522,-98
-6736,9344,-12864,-1078,-503,-99
-6956,9360,-12848,-1064,-509,-115
-6892,9436,-13016,-1079,-500,-87
-6764,9364,-12932,-1056,-534,-94
-6748,9424,-12848,-1061,-497,-125
-6860,9300,-12836,-1052,-495,-99
-6792,9392,-12924,-1032,-539,-93
-6868,9352,-13024,-1063,-518,-98
-6876,9392,-12852,-1094,-499,-106
-6912,9308,-13024,-1084,-502,-83
-6828,9420,-12880,-1078,-527,-106
-6856,9412,-12896,-1079,-508,-97
-6836,9444,-12836,-1091,-492,-98
-6860,9376,-12984,-1122,-483,-81
-6716,9428,-12856,-1138,-483,-91
-6928,9308,-12948,-1026,-500,-106
-6744,9368,-12944,-1004,-503,-106
-6740,9444,-12908,-985,-529,-144
-6716,9356,-12968,-940,-487,-146
-6920,9520,-13060,-894,-506,-171
-6916,9392,-12912,-874,-418,-217
-6456,9112,-13072,-1115,-610,-124
-7112,9372,-12912,-964,-463,-123
-6936,9388,-12968,-997,-477,-138
-6932,9424,-13132,-901,-478,-164
-6756,9300,-12864,-934,-479,-137
-6888,9488,-12860,-1043,-472,-109
-6744,9244,-12928,-780,-438,-211
-6784,9280,-12956,-866,-458,-143
-6924,9112,-13068,-793,-464,-156
-6784,9212,-12960,-782,-454,-153
-6788,9244,-13064,-858,-485,-161
-6736,9112,-13080,-911,-502,-139
-6792,9124,-13064,-990,-487,-109
-6908,9264,-13100,-973,-509,-127
-7048,9172,-13100,-1092,-502,-101
-6940,9212,-13088,-1032,-457,-125
-6876,9332,-13008,-1040,-453,-97
-6796,9116,-13040,-965,-479,-120
-6968,9264,-13076,-1042,-481,-115
-6820,9064,-13060,-889,-534,-87
-6748,9236,-13040,-840,-563,-91
-6792,9188,-12984,-944,-545,-54
-6728,9028,-13032,-1083,-508,-105
-6856,9200,-13024,-1150,-507,-82
-6796,9068,-13032,-1078,-515,-106
-6816,9096,-13160,-1058,-518,-89
-6780,9076,-13072,-1091,-542,-99
-6832,9108,-13052,-1036,-515,-121
-6864,9140,-13072,-1039,-508,-112
-6808,9152,-13024,-1070,-535,-94
-6844,9136,-13092,-1084,-528,-83
-6732,9056,-13104,-1094,-514,-78
-6936,9096,-13124,-1049,-515,-122
-6872,9192,-13176,-1069,-499,-113
-6816,9212,-13164,-1077,-503,-77
-6792,9132,-13020,-1061,-505,-124
-6788,9128,-13096,-1055,-495,-112
-6892,9152,-13144,-1030,-481,-114
-6816,9112,-13116,-1066,-533,-102
-6796,9108,-13048,-1014,-469,-122
-6736,9144,-13080,-1000,-463,-103
-6832,9088,-13024,-1003,-509,-119
-7000,9228,-13188,-846,-471,-129
-6804,9188,-13220,-847,-669,6
-6968,9076,-13036,-1058,-518,-62
-6908,9116,-13328,-1166,-541,-104
-6960,9080,-13144,-1206,-563,-53
-7032,9136,-12960,-1205,-541,-39
-6896,9128,-13096,-1205,-550,-39
-6852,9196,-13084,-1132,-550,-40
-6844,9108,-13000,-1128,-506,-76
-6840,9200,-12928,-1069,-515,-101
-6812,9092,-12972,-1074,-514,-74
-6844,9228,-13124,-1098,-522,-78
-6844,9216,-13008,-1099,-514,-84
-6804,9104,-13068,-1123,-514,-74
-6876,9212,-13096,-1083,-529,-97
-6888,9288,-13060,-1040,-524,-103
-6696,9228,-13180,-1052,-515,-90
-6856,9132,-12968,-1056,-509,-97
-6892,9116,-13180,-1072,-515,-93
-6888,9172,-12952,-1089,-519,-86
-6860,9180,-12972,-1079,-531,-102
-6904,9172,-12956,-1090,-518,-87
-6792,9172,-12972,-1055,-514,-84
-6852,9152,-13080,-1045,-504,-105
-6796,9164,-13132,-1069,-515,-85
-6880,9100,-13104,-1068,-494,-93
-6776,9212,-13100,-1069,-495,-98
-6804,9196,-13148,-1075,-518,-95
-6960,9120,-12992,-1076,-516,-95
-6936,9180,-12968,-1068,-507,-120
-6784,9156,-12988,-1081,-486,-107
-6812,9168,-13020,-1071,-527,-130
-6856,9144,-13028,-1095,-551,-114
-6848,9204,-13052,-1098,-510,-80
-6876,9224,-13012,-1049,-515,-97
-6760,9200,-12992,-1045,-484,-107
-6328,9192,-13236,-1125,-521,-89
-6352,9260,-13372,-1117,-524,-65
-6260,9328,-13364,-1129,-541,-73
-6396,9248,-13276,-1078,-503,-91
-6448,9256,-13272,-1086,-525,-103
-6340,9332,-13288,-1062,-543,-106
-6336,9208,-13336,-1061,-472,-109
-6336,9252,-13180,-1043,-487,-78
-6376,9320,-13260,null,null,null
-6528,9308,-13276,-916,-481,-93
-6240,9368,-13328,-657,-432,-123
-6320,9340,-13264,-750,-500,-77
-6264,9052,-13380,-923,-503,-15
-6452,9160,-13400,-1262,-530,-47
-6344,9008,-13336,-1176,-522,-25
-6220,9344,-13192,-1296,-598,-2
-6516,9232,-13428,-1334,-584,-18
-6372,9300,-13292,-1277,-637,-45
-6356,9480,-13212,-1155,-596,-83
-6344,9412,-13296,-959,-512,-146
-6444,9316,-13324,-755,-378,-181
-6408,9212,-13148,-721,-367,-192
-6184,9096,-13360,-857,-458,-177
-6316,9224,-13336,-782,-511,-122
-6260,9340,-13368,-792,-608,-30
-6264,9152,-13364,-726,-709,141
-6372,8952,-13476,-814,-730,211
-6308,9000,-13460,-1114,-649,82
-6480,9224,-13472,-1187,-537,-66
-6308,9064,-13416,-1145,-566,-76
-6380,9196,-13364,-1237,-580,-50
-6344,9164,-13324,-1239,-549,-36
-6296,8880,-13304,-1395,-707,25
-6352,9528,-13160,-1503,-727,30
-6404,9468,-13212,-1225,-622,-78
-6364,9280,-13116,-1168,-560,-93
-6408,9500,-13120,-952,-457,-141
-6380,9348,-13268,-884,-453,-144
-6460,9384,-13216,-865,-429,-160
-6440,9256,-13312,-743,-347,-175
-6404,9056,-13372,-775,-361,-156
-6256,8892,-13416,-988,-457,-112
-6340,8972,-13304,-1107,-498,-73
-6404,9148,-13400,-1172,-563,-83
-6452,9260,-13204,-1185,-543,-63
-6424,9088,-13276,-1254,-595,-21
-6268,9264,-13292,-1334,-612,-14
-6204,9232,-13360,-1190,-613,-35
-6512,9232,-13276,-1184,-568,-76
-6484,9408,-13168,-1014,-481,-98
-6312,9308,-13204,-887,-486,-179
-6388,9336,-13164,-885,-477,-163
-6392,9224,-13188,-845,-489,-183
-6284,9088,-13332,-936,-547,-89
-6404,9164,-13300,-1030,-472,-93
-6320,9180,-13484,-1150,-456,-31
-6560,9352,-13288,-1186,-515,-54
-6368,9260,-13352,-1053,-524,-93
-6332,9180,-13196,-977,-484,-120
-6384,9424,-13384,-1004,-485,-114
-6208,9232,-13408,-978,-483,-112
-6196,9232,-13516,-1017,-515,-113
-6272,9288,-13444,-1092,-523,-108
-6436,9256,-13284,-1113,-544,-94
-6296,9292,-13216,-1105,-516,-95
-6320,9264,-13376,-1084,-524,-98
-6380,9328,-13288,-1072,-526,-90
-6460,9240,-13332,-1078,-545,-80
-6336,9340,-13408,-1098,-533,-113
-6424,9172,-13292,-1084,-528,-100
-6364,9232,-13256,-1093,-511,-105
-6256,9368,-13192,-1072,-514,-91
-6440,9188,-13212,-1056,-514,-95
-6464,9244,-13316,-1059,-485,-110
-6540,9248,-13296,-1053,-513,-126
-6380,9216,-13184,-1064,-480,-93
-6404,9188,-13500,-1078,-502,-102
-6304,9324,-13268,-1059,-481,-97
-6436,9204,-13192,-1040,-506,-112
-6312,9276,-13384,-1057,-479,-107
-6356,9160,-13184,-1085,-518,-101
-6472,9272,-13296,-1085,-513,-99
-6444,9216,-13416,-1058,-508,-119
-6508,9212,-13272,-1076,-513,-86
-6268,9300,-13276,-1078,-507,-82
-6452,9288,-13144,-6348,9236,-13284
-6452,9288,-13144,-6348,9236,-13284
-6452,9288,-13144,-6348,9236,-13284
-6452,9288,-13144,-6348,9236,-13284
-6420,9208,-13288,-1067,-542,-110
-6304,9348,-13288,-1069,-559,-112
-6416,9316,-13176,-1043,-514,-92
-6356,9304,-13248,-1030,-493,-104
-6420,9256,-13252,-1021,-468,-122
-6440,9176,-13268,-1017,-503,-106
-6324,9312,-13332,-1028,-504,-121
-6336,9248,-13252,-1033,-516,-128
-6452,9144,-13284,-1059,-519,-101
-6496,9252,-13204,-1067,-513,-105
-6312,9228,-13212,-1063,-562,-78
-6456,9204,-13228,-1074,-536,-87
-6468,9196,-13232,-1079,-506,-82
-6296,9292,-13336,-1054,-506,-87
-6228,9336,-13164,-1066,-489,-100
-6244,9124,-13160,-1065,-526,-81
-6336,9168,-13192,-1055,-523,-114
-6292,9216,-13388,-1033,-541,-110
-6396,9200,-13020,-1058,-507,-106
-6472,9232,-13188,-1058,-529,-85
-6480,9200,-13196,-1084,-526,-98
-6332,9220,-13248,-1085,-494,-98
-6368,9200,-13268,-1051,-507,-109
-6376,9172,-13200,-1041,-487,-126
-6400,9148,-13416,-1044,-498,-95
-6432,9272,-13164,-1045,-538,-96
-6264,9228,-13396,-1061,-508,-80
-6396,9204,-13276,-1073,-499,-100
-6352,9252,-13180,-1053,-501,-101
-6340,9268,-13092,-1052,-495,-100
-6348,9240,-13384,-1098,-529,-82
-6300,9256,-13216,-1055,-491,-90
-6304,9292,-13216,-1052,-510,-92
-6392,9300,-13272,-1056,-505,-91
-6296,9188,-13196,-1042,-527,-90
-6468,9296,-13188,-1081,-516,-111
-6280,9232,-13292,-1091,-511,-106
-6384,9200,-13252,-1092,-515,-108
-6392,9232,-13192,-1086,-514,-83
-6260,9280,-13252,-1062,-521,-103
-6420,9196,-13276,-1066,-504,-125
-6300,9200,-13388,-1052,-517,-84
-6332,9232,-13300,-1084,-495,-102
-6348,9136,-13212,-1064,-516,-97
-6424,9280,-13352,-1076,-523,-102
-6388,9356,-13364,-1053,-497,-106
-6556,9284,-13144,-1061,-524,-95
-6376,9264,-13316,-1072,-497,-111
-6464,9292,-13256,-1077,-541,-111
-6328,9248,-13212,-1056,-530,-97
-6368,9344,-13388,-1069,-531,-133
-6308,9260,-13244,-1069,-503,-105
-6300,9160,-13276,-1113,-517,-96
-6344,9244,-13284,-1076,-514,-120
-6408,9268,-13320,-1084,-519,-93
-6432,9212,-13216,-1100,-506,-80
-6364,9216,-13248,-1088,-487,-79
-6364,9088,-13256,-1064,-507,-92
-6320,9172,-13384,-1031,-487,-78
-6412,9248,-13204,-1079,-504,-104
-6332,9244,-13228,-1045,-505,-93
-6424,9192,-13184,-1074,-520,-94
-6272,9268,-13276,-1060,-538,-99
-6268,9232,-13252,-1091,-524,-98
-6512,8948,-13352,-1122,-524,-51
-6192,9260,-13104,-1530,-468,-29
-6228,9300,-13264,-1115,-517,34
-6364,9532,-13140,-995,-580,-61
-6408,9344,-13360,-959,-402,-93
-6308,9236,-13412,-817,-371,-156
-6484,9544,-13276,-570,-229,-172
-6620,9732,-13408,68,325,-89
-6896,9504,-13348,687,795,237
-5632,10092,-13016,1246,763,961
-5512,9480,-13344,2060,-392,2005
-4832,9604,-13332,2952,-1501,1696
-6772,8352,-14464,3913,-1954,1141
-6312,7316,-14444,3288,-1464,952
-6188,6840,-14372,2229,-1388,444
-6176,6696,-14608,1002,-1284,279
-6184,6924,-14572,-68,-1092,179
-6192,7060,-14372,-783,-951,167
-6156,7296,-14420,-1334,-996,298
-6344,7616,-14256,-1505,-997,365
-6288,6436,-14372,-3268,-1242,909
-6128,8072,-14168,-4297,-1343,1060
-6792,8768,-14012,-4808,-936,832
-7732,8884,-14388,-3663,740,-43
-7284,6464,-14644,-4484,3778,-4787
-5404,8268,-13668,-6593,4081,-6698
-4580,11064,-13000,-5203,2660,-5035
-5676,9588,-12788,-4309,705,-3149
-6048,9880,-13104,-3734,-180,-1927
-5808,10020,-12852,-3448,-1072,-1102
-7956,10352,-12948,-2087,-920,9
-6236,9664,-12908,-1352,-806,-3
-6300,9828,-13100,-1727,-888,-6
-6476,10128,-12744,-1220,-667,-123
-6340,9756,-13052,-846,-472,-217
-6360,9776,-13024,-782,-458,-235
-6188,9612,-13068,-562,-338,-273
-6396,9604,-12936,-650,-366,-224
-6428,9784,-12936,-508,-288,-299
-6352,9500,-13252,164,-309,-565
-6276,9716,-13056,-350,-294,-302
-6648,10328,-12996,1210,356,-1071
-6688,9184,-13464,1359,615,-1086
-6604,10180,-13392,2696,1090,-1407
-6420,9500,-13632,4718,1305,-2274
-6036,7784,-14100,4932,1470,-2254
-6008,7596,-14456,4691,1123,-2360
-6332,7000,-14556,4822,1230,-2092
-5732,6200,-14968,4541,1028,-1978
-5756,4956,-15284,3629,815,-1602
-5564,4364,-15332,2065,355,-868
-5536,3896,-15636,-17,-334,407
-5280,4484,-15472,-1946,-1248,1658
-5376,5888,-15104,-2807,-2160,3429
-5356,6460,-14976,-2878,-3057,5023
-6028,5912,-15144,-2696,-3289,5184
-6276,5132,-14928,-4116,-3243,4559
-6316,5196,-14832,-6197,-3041,4091
-6324,6568,-14408,-8443,-2783,3616
-6236,9996,-13496,-8009,-2469,2566
-5824,11388,-12320,-4353,-2279,716
-6148,9324,-13468,-2175,-874,439
-6172,9408,-13436,-2198,-969,249
-6396,9600,-13308,-1918,-855,136
-6404,9356,-13184,-1319,-609,-4
-6148,9120,-13288,-1435,-584,21
-6308,9300,-13312,-1518,-660,-17
-6272,9472,-13284,-1342,-620,-35
-6240,9336,-13328,-1271,-592,-78
-6368,9412,-13284,-1271,-592,-80
-6296,9404,-13120,-1033,-533,-117
-6272,9484,-13152,-859,-488,-173
-6328,9404,-13260,-782,-448,-210
-6300,9360,-13312,-741,-413,-226
-6212,9292,-13276,-650,-377,-234
-6244,9196,-13312,-644,-377,-240
-6276,9208,-13288,-672,-381,-241
-6340,9176,-13424,-678,-358,-210
-6212,9160,-13380,-588,-353,-182
-6280,8964,-13528,-658,-360,-190
-6392,8960,-13424,-735,-432,-141
-6176,8972,-13448,-855,-465,-119
-6356,8940,-13416,-904,-501,-120
-6316,8920,-13472,-946,-498,-119
-6256,9048,-13576,-1043,-492,-97
-6188,8996,-13456,-1120,-516,-90
-6332,8964,-13452,-1133,-540,-70
-6272,8952,-13496,-1121,-549,-100
-6284,9036,-13380,-1106,-535,-84
-6284,9020,-13508,-1146,-535,-73
-6388,9132,-13508,-1166,-521,-61
-6228,8928,-13456,-1196,-525,-54
-6236,9132,-13348,-1199,-539,-77
-6224,9140,-13428,-1163,-540,-80
-6344,9132,-13356,-1111,-536,-74
-6356,9188,-13436,-1069,-546,-85
-6300,8992,-13432,-1012,-519,-106
-6340,9172,-13424,-1035,-489,-116
-6360,9080,-13448,-1029,-503,-131
-6284,9192,-13396,-1043,-502,-109
-6236,8956,-13436,-1025,-507,-108
-6324,9056,-13500,-1039,-520,-112
-6240,8968,-13412,-1051,-504,-104
-6228,9052,-13456,-1061,-495,-82
-6292,9036,-13464,-1096,-515,-107
-6256,9036,-13428,-1058,-507,-104
-6244,9096,-13504,-1043,-506,-86
-6212,9136,-13476,-1062,-528,-97
-6436,9068,-13412,-1094,-555,-94
-6380,9024,-13500,-1081,-534,-82
-6284,9136,-13396,-1084,-524,-75
-6212,9080,-13404,-1069,-503,-91
-6308,9176,-13364,-1013,-487,-97
-6256,9064,-13436,-1044,-490,-102
-6344,9072,-13300,-1038,-503,-113
-6216,8960,-13364,-1079,-505,-89
-6260,9088,-13368,-1078,-509,-77
-6268,9096,-13432,-1075,-509,-117
-6236,9100,-13404,-1077,-523,-116
-6336,9088,-13396,-1056,-508,-104
-6276,9052,-13472,-1033,-502,-129
-6264,9072,-13516,-1053,-508,-111
-6252,9152,-13500,-1064,-518,-106
-6228,9116,-13484,-1079,-536,-97
-6232,9152,-13520,-1095,-534,-103
-6152,9132,-13320,-1078,-502,-90
-6116,9132,-13540,-1050,-511,-109
-6172,9164,-13540,-1058,-524,-89
-6208,9116,-13492,-1060,-478,-84
-6356,9032,-13332,-1083,-502,-82
-6264,9008,-13492,-1066,-519,-100
-6376,9144,-13476,-1074,-525,-102
-6284,9100,-13520,-1053,-516,-105
-6212,9152,-13332,-1075,-513,-90
-6128,9088,-13348,-1083,-519,-99
-6292,9012,-13440,-1069,-506,-105
-6300,9104,-13304,-1059,-521,-97
-6324,9104,-13364,-1063,-510,-98
-6200,9228,-13364,-1092,-507,-104
-6268,9016,-13512,-1069,-496,-124
-6364,9076,-13452,-1049,-498,-79
-6288,9024,-13324,-1052,-490,-95
-6200,9036,-13468,-1060,-530,-140
-6260,9028,-13460,-1080,-495,-106
-6292,9140,-13356,-1090,-518,-115
-6388,9148,-13476,-1061,-515,-82
-6336,9064,-13468,-1035,-488,-126
-6356,9036,-13228,-1034,-507,-97
-6300,9104,-13484,-1062,-485,-109
-6376,9136,-13484,-1071,-520,-106
-6284,9008,-13316,-1067,-507,-65
-6272,9072,-13532,-1060,-503,-94
-6312,9072,-13472,-1074,-495,-94
-6268,9112,-13416,-1086,-471,-110
-6276,9040,-13428,-1081,-536,-103
-6260,9092,-13472,-1063,-516,-98
-6280,9116,-13540,-1071,-520,-94
-6272,9204,-13384,-1067,-489,-103
-6300,8984,-13432,-1066,-507,-70
-6312,9072,-13472,-1081,-532,-83
-6284,9144,-13236,-1060,-6304,9064
-6284,9144,-13236,-1060,-6304,9064
-6284,9144,-13236,-1060,-6304,9064
-6284,9144,-13236,-1060,-6304,9064
-6284,9144,-13236,-1060,-6304,9064
-6284,9144,-13236,-1060,-6304,9064
-6260,9096,-13552,-1065,-518,-87
-6264,9116,-13404,-1059,-511,-84
-6264,9128,-13316,-1073,-529,-111
-6280,9148,-13384,-1075,-508,-119
-6336,9108,-13428,-1053,-507,-86
-6356,9052,-13480,-1049,-513,-103
-6304,9096,-13440,-1040,-507,-140
-6328,9076,-13376,-1076,-499,-108
-6256,9036,-13480,-1059,-503,-95
-6328,9124,-13392,-1059,-482,-66
-6264,9076,-13480,-1069,-539,-88
-6256,9056,-13404,-1057,-519,-94
-6368,8996,-13444,-1067,-525,-96
-6252,9176,-13404,-1030,-507,-96
-6244,9108,-13488,-1068,-497,-105
-6156,9112,-13480,-1053,-515,-110
-6336,9048,-13384,-1069,-493,-110
-6260,9140,-13344,-1060,-507,-74
-6312,9052,-13416,-1059,-496,-99
-6392,9076,-13412,-1093,-518,-121
-6428,9100,-13392,-1075,-509,-111
-6280,9168,-13480,-1074,-531,-90
-6352,9024,-13612,-1086,-534,-91
-6320,9080,-13404,-1188,-585,-96
-6316,9100,-13496,-1138,-590,-101
-6420,9172,-13276,-1099,-485,-77
-6280,9292,-13268,-946,-442,-93
-6316,9084,-13384,-879,-429,-144
-6192,8952,-13456,-1017,-494,-125
-6304,9044,-13432,-1096,-540,-108
-6400,9112,-13408,-1130,-502,-85
-6260,9076,-13432,-1059,-479,-96
-6316,9056,-13436,-1022,-460,-99
-6300,9008,-13376,-1003,-495,-108
-6276,9068,-13528,-991,-486,-125
-6344,9008,-13384,-1020,-485,-117
-6312,8920,-13408,-1068,-477,-80
-6300,8936,-13480,-1276,-609,-45
-6228,9004,-13512,-1445,-710,-24
-6548,9340,-13356,-1450,-849,67
-6048,9196,-13332,-1455,-684,-28
-6308,9332,-13388,-981,-440,-95
-6384,9188,-13324,-743,-352,-149
-6300,9152,-13460,-679,-292,-199
-6216,9072,-13508,-731,-357,-177
-6188,8960,-13596,-881,-443,-140
-6252,9068,-13488,-938,-456,-129
-6308,8948,-13420,-952,-479,-128
-6332,9072,-13392,-1032,-493,-107
-6296,8964,-13416,-1041,-511,-110
-6284,9032,-13444,-1105,-535,-82
-6308,9000,-13480,-1214,-567,-56
-6288,9044,-13556,-1258,-603,-69
-6292,9068,-13380,-1236,-601,-59
-6412,9276,-13340,-1068,-477,-75
-6300,9184,-13456,-943,-395,-107
-6192,9080,-13276,-853,-440,-182
-6132,9008,-13492,-841,-497,-209
-6384,8932,-13476,-1037,-596,-101
-6372,8876,-13544,-1177,-585,-49
-6280,9248,-13372,-1078,-474,-82
-6392,9064,-13428,-1262,-585,-19
-6188,9096,-13396,-1094,-460,-61
-6352,9200,-13400,-958,-401,-148
-6348,10348,-12792,-487,-394,-290
-5272,9708,-12920,382,-1422,1613
-6128,7004,-13616,-589,-2422,2995
-7708,5960,-14656,-3063,-1136,-144
-6832,10244,-13100,-3242,108,-1223
-7292,9172,-12284,-3773,-245,-1098
-9692,9924,-11616,-5606,-2168,500
-13768,8456,-11232,-8310,1806,-887
-11076,13112,-7924,-11898,1549,-1397
-5936,14272,-7560,-2862,-3978,-866
-7688,11348,-12092,4132,-4627,800
-4816,8768,-14340,3299,-63,2861
4968,12840,-16984,11875,-4031,2587
-4200,9880,-14636,-6142,-6331,-1028
-148,13508,-12520,-898,-33,-469
-6716,10868,-11724,3009,648,-1424
-6416,9272,-12976,-310,-312,-502
-6456,10284,-12524,-660,-399,-377
-6576,9940,-12756,-413,-314,-477
-6632,9896,-12612,-810,-429,-312
-6524,10016,-12700,-828,-426,-275
-6648,9880,-12832,-682,-355,-233
-6456,9704,-12820,-753,-322,-286
-6496,9760,-12804,-916,-416,-185
-6384,9848,-12800,-881,-435,-167
-6604,9852,-12720,-882,-446,-187
-6620,9708,-12744,-889,-448,-197
-6536,9884,-12800,-876,-426,-181
-6628,9704,-12636,-969,-482,-141
-6496,9728,-12648,-1100,-516,-87
-6612,9788,-12796,-1207,-516,-51
-6588,10004,-12688,-1057,-501,-85
-6640,9864,-12604,-919,-495,-159
-6836,9916,-12832,-1007,-447,-114
-8204,11280,-12588,7,927,863
-6848,9500,-13884,1294,3117,1610
-5848,9188,-13004,282,3302,2171
-3740,9032,-12836,93,1482,1125
-4416,8920,-13128,-664,34,174
-4400,9108,-12800,-1340,-1321,-727
-3100,8396,-12248,-1198,-3765,-2955
-11728,9776,-16452,-7578,-6511,-188
-5220,13252,-11416,2766,415,-977
-6196,8332,-13648,-1262,-940,-153
-6444,10536,-12488,-1135,-726,-112
-6252,9720,-12816,-1149,-584,-150
-6468,9852,-12728,-974,-511,-148
-6424,9784,-12888,-977,-508,-161
-6464,9752,-12880,-976,-503,-152
-6420,9684,-12736,-1048,-522,-126
-6404,9792,-12596,-1047,-513,-133
-6308,9772,-12916,-1102,-632,-168
-6568,9724,-12652,-1155,-653,-173
-6388,9900,-12832,-1235,-696,-234
-6432,10140,-12888,-1306,-616,-260
-6728,9784,-12704,-1059,-508,-160
-6724,9844,-12684,-988,-274,-43
-6392,9504,-12752,-1027,-344,13
-6172,9180,-12544,-934,-785,-284
-6644,9876,-12736,-1014,-820,-234
-6492,9888,-12736,-1075,-790,-337
-6572,10060,-12708,-1104,-614,-202
-6636,9976,-12808,-1108,-483,-92
-6548,9900,-12844,-1243,-299,92
-6312,9616,-12396,-960,-101,201
-6376,9244,-12780,-780,-162,28
-6500,9172,-12648,-946,-841,-239
-6472,10204,-12792,-1007,-586,-16
-6384,9776,-12908,-985,-552,-129
-6552,9856,-12720,-1118,-592,-118
-6516,9684,-12716,-1072,-560,-108
-6532,9732,-12676,-1072,-573,-149
-6592,9848,-12860,-1176,-575,-141
-6636,9936,-12744,-1167,-528,-113
-6608,10092,-12632,-1286,-396,86
-6812,10156,-13124,-1608,-248,372
-6592,9680,-12700,-915,-259,64
-6228,9484,-12728,-993,-814,-284
-6708,10332,-12732,-1165,-794,-178
-6492,9668,-12872,-853,-559,-188
-6724,9920,-12748,-1071,-527,-113
-6592,9888,-12784,-1041,-490,-80
-6544,9748,-12728,-868,-431,-115
-6332,9820,-12684,-928,-472,-69
-6436,9716,-12904,-750,-562,-98
-6484,9872,-12768,-825,-521,-73
-6552,9692,-12756,-991,-560,-62
-6448,9872,-12844,-918,-554,-70
-6440,9752,-12952,-788,-499,-49
-6464,9812,-12856,-871,-452,1
-6268,10024,-12788,-1133,-441,-25
-6116,9168,-13104,-1446,-178,-39
-6908,10232,-12680,-1636,-407,-15
-6208,9240,-12572,-1320,-518,-159
-6572,9716,-12320,-1039,-1039,-730
-6408,9016,-13352,-629,-888,-1620
-8592,11772,-11836,321,221,-1236
-5316,7896,-13828,570,1155,-947
-6072,9336,-12676,-900,199,-110
-6500,8796,-13236,-487,249,448
-5988,9264,-12832,-1137,-281,577
-5736,8940,-12768,-975,-780,589
-5540,8600,-13228,-2428,-2260,66
-7264,10816,-12776,-2351,-1398,146
-6748,9644,-13080,-925,-749,-108
-6644,9788,-12800,-1354,-858,-43
-6480,9972,-12820,-1221,-645,-64
-6608,9808,-12820,-1133,-598,-58
-6644,9756,-12800,-1050,-471,-64
-6592,9728,-12796,-1101,-495,-78
-6536,9692,-12664,-1119,-528,-56
-6740,9832,-12788,-1351,-618,-24
-6592,9696,-12608,-1006,-571,-100
-6648,9656,-12776,-834,-583,-187
-6508,9904,-12652,-866,-491,-128
-6516,9664,-12712,-932,-551,-82
-6456,9780,-12852,-899,-520,-84
-6596,9848,-12836,-859,-570,-86
-6532,9688,-12804,-1036,-483,61
-6184,9688,-12644,-729,-506,98
-6528,9664,-12836,-773,-489,87
-6468,9660,-12868,-833,-474,-35
-6488,9724,-12740,-1110,-418,-48
-6444,9636,-12704,-1454,-512,-103
-6512,9964,-12828,-1613,-665,-210
-6660,9904,-12848,-1200,-713,-517
-6652,9232,-12744,-1026,-744,-533
-6760,10456,-12716,-886,-762,-725
-6776,9772,-12816,-868,-715,-716
-7088,10076,-12740,-787,-255,-562
-6568,9208,-12576,-712,-120,-371
-6792,9436,-12572,-1024,-441,-428
-6752,9116,-12936,-988,-340,-192
-6860,9388,-12936,-1246,-593,181
-7456,9160,-12872,-1224,-533,855
-6240,9836,-12932,-1317,-704,756
-6488,9868,-12784,-834,-453,252
-6584,9592,-13072,-1137,-518,106
-6660,9728,-12708,-1098,-522,-33
-6640,9596,-12728,-1118,-517,-62
-6588,9792,-12768,-1117,-511,-51
-6524,9792,-12732,-1037,-521,-76
-6600,9712,-12816,-1077,-520,-90
-6700,9796,-12768,-1021,-510,-116
-6672,9740,-12728,-1063,-502,-111
-6568,9740,-12896,-1070,-507,-112
-6564,9720,-12792,-1092,-529,-85
-6584,9752,-12832,-1076,-508,-1028
-6584,9752,-12832,-1076,-508,-1028
-6584,9752,-12832,-1076,-508,-1028
-6584,9752,-12832,-1076,-508,-1028
-6584,9752,-12832,-1076,-508,-1028
-6584,9832,-12676,-1050,-495,-98
-6604,9692,-12752,-1029,-529,-118
-6496,9668,-12868,-1069,-496,-105
-6676,9836,-12820,-1070,-530,-98
-6576,9616,-12756,-1071,-525,-119
-6640,9664,-12856,-1068,-516,-101
-6636,9752,-12876,-1083,-504,-84
-6552,9736,-12932,-1083,-498,-92
-6656,9688,-12800,-1069,-484,-96
-6604,9728,-12860,-1064,-500,-95
-6460,9744,-12912,-1018,-475,-103
-6620,9792,-12836,-990,-507,-116
-6408,9688,-12780,-1045,-521,-130
-6616,9720,-12876,-1079,-526,-117
-6576,9732,-12740,-1144,-556,-93
-6484,9784,-12796,-1142,-536,-63
-6500,9684,-12872,-1105,-512,-69
-6672,9812,-12836,-1085,-489,-78
-6604,9508,-12988,-1048,-484,-124
-6648,9712,-12760,-1011,-470,-102
-6556,9800,-12644,-1049,-484,-102
-6552,9732,-12836,-1118,-500,-106
-6624,9728,-12868,-1101,-533,-85
-6516,9732,-12752,-1092,-510,-82
-6568,9812,-12820,-1105,-508,-92
-6632,9800,-12800,-1064,-513,-104
-6588,9792,-12664,-1031,-516,-110
-6724,9768,-12668,-1038,-491,-105
-6624,9716,-12828,-1047,-497,-101
-6536,9712,-12816,-1007,-498,-96
-6564,9804,-12892,-1055,-473,-95
-6672,9684,-12728,-1113,-541,-99
-6544,9700,-12844,-1062,-507,-98
-6620,9780,-12800,-1015,-527,-110
-6484,9716,-12764,-1043,-504,-124
-6568,9656,-12764,-1040,-517,-93
-6524,9652,-12820,-1042,-490,-112
-6668,9692,-12736,-1062,-514,-108
-6576,9644,-12696,-1073,-522,-113
-6492,9724,-12728,-1063,-518,-98
-6644,9656,-12836,-1083,-512,-90
-6604,9744,-12784,-1068,-512,-79
-6724,9588,-12900,-1074,-495,-79
-6532,9772,-12796,-1062,-505,-92
-6552,9724,-12832,-1040,-490,-90
-6536,9680,-12764,-1072,-497,-96
-6584,9696,-12816,-1077,-504,-97
-6684,9736,-12708,-1071,-508,-105
-6640,9740,-12772,-1063,-525,-110
-6560,9772,-12732,-1064,-537,-107
-6520,9684,-12816,-1079,-516,-94
-6492,9724,-12860,-1066,-537,-82
-6596,9708,-12824,-1066,-510,-92
-6640,9820,-12904,-1069,-491,-101
-6608,9752,-12796,-1078,-506,-99
-6576,9656,-12860,-1039,-492,-93
-6528,9752,-12768,-1036,-480,-94
-6616,9700,-12840,-1055,-511,-113
-6756,9688,-12912,-1083,-502,-97
-6532,9748,-12904,-1095,-501,-90
-6440,9712,-12692,-1076,-499,-94
-6496,9704,-12736,-1087,-496,-102
-6520,9712,-12716,-1055,-498,-87
-6504,9776,-12772,-1080,-515,-91
-6584,9680,-12700,-1072,-536,-109
-6508,9736,-12936,-1078,-508,-97
-6732,9724,-12736,-1069,-514,-82
-6624,9712,-12664,-1045,-499,-123
-6644,9736,-12748,-1047,-505,-96
-6624,9672,-12788,-1046,-522,-104
-6624,9792,-12840,-1039,-489,-89
-6592,9644,-12868,-1079,-506,-95
-6648,9656,-12820,-1075,-511,-90
-6648,9720,-12948,-1073,-520,-100
-6600,9664,-12832,-1088,-521,-87
-6688,9672,-12736,-1077,-539,-101
-6628,9796,-12768,-1084,-529,-87
-6660,9728,-12752,-1065,-508,-76
-6576,9712,-12756,-1069,-513,-98
-6584,9852,-12772,-1088,-538,-84
-6576,9724,-12700,-1057,-504,-98
-6572,9712,-12836,-1073,-500,-119
-6664,9808,-12652,-1072,-506,-117
-6416,9840,-12820,-1060,-508,-102
-6472,9728,-12884,-1051,-498,-114
-6524,9700,-12752,-1060,-495,-83
-6536,9680,-12752,-1089,-513,-93
-6448,9676,-12728,-1098,-499,-60
-6592,9724,-12720,-1091,-514,-85
-6660,9768,-12756,-1074,-482,-97
-6624,9800,-12796,-1062,-502,-122
-6636,9696,-12820,-1057,-509,-115
-6568,9828,-12820,-1049,-516,-91
-6624,9724,-12808,-1071,-516,-88
-6668,9676,-12768,-1067,-511,-107
-6608,9772,-12940,-1057,-514,-102
-6584,9752,-12696,-1065,-522,-92
-6536,9756,-12868,-1036,-515,-102
-6620,9832,-12776,-1060,-513,-119
-6560,9772,-12756,-1066,-501,-98
-6656,9764,-12708,-1072,-515,-106
-6576,9800,-12716,-1068,-516,-100
-6636,9800,-12808,-1043,-509,-91
-6648,9704,-12780,-1059,-499,-95
-6492,9736,-12684,-1046,-500,-114
-6636,9764,-12780,-1044,-522,-79
-6496,9788,-12744,-1066,-511,-107
-6596,9696,-12716,-1070,-487,-103
-6508,9844,-12880,-1064,-527,-105
-6540,9784,-12756,-1079,-508,-100
-6624,9676,-12800,-1077,-512,-106
-6504,9712,-12876,-1090,-516,-93
-6504,9764,-12760,-1085,-514,-102
-6596,9760,-12796,-1063,-495,-109
-6580,9780,-12776,-1038,-493,-103
-6720,9824,-12832,-1066,-512,-102
-6440,9684,-12660,-1056,-514,-107
-6432,9752,-12800,-1067,-519,-92
-6468,9724,-12752,-1072,-505,-124
-6428,9760,-12876,-1054,-508,-105
-6688,9812,-12892,-1069,-505,-86
-6620,9744,-12820,-1086,-493,-86
-6644,9844,-12792,-1046,-514,-110
-6468,9812,-12760,-1072,-530,-86
-6420,9748,-12748,-1057,-504,-112
-6528,9780,-12796,-1054,-500,-104
-6628,9716,-12700,-1063,-512,-85
-6664,9820,-12744,-1057,-544,-101
-6696,9844,-12756,-1078,-519,-91
-6500,9672,-12800,-1092,-505,-86
-6604,9716,-12696,-1078,-513,-80
-6580,9828,-12772,-1068,-501,-78
-6540,9744,-12760,-1062,-501,-96
-6576,9676,-12752,-1054,-469,-95
-6700,9748,-12772,-1034,-503,-93
-6492,9740,-12788,-1048,-515,-127
-6652,9748,-12788,-1059,-523,-101
-6716,9736,-12816,-1066,-533,-111
-6500,9812,-12840,-1072,-520,-100
-6544,9712,-12936,-1076,-509,-99
-6520,9824,-12648,-1073,-514,-82
-6656,9676,-12804,-1066,-513,-89
-6656,9812,-12812,-1070,-507,-90
-6504,9764,-12684,-1070,-489,-104
-6624,9644,-12816,-1090,-506,-117
-6616,9748,-12576,-1044,-497,-99
-6576,9692,-12708,-1065,-515,-92
-6456,9768,-12796,-1077,-531,-112
-6616,9800,-12940,-1089,-521,-90
-6560,9736,-12704,-1050,-504,-78
-6612,9756,-12788,-1055,-508,-89
-6504,9772,-12712,-1056,-505,-98
-6464,9792,-12844,-1042,-510,-102
-6504,9704,-12704,-1041,-510,-86
-6540,9748,-12896,-1054,-534,-98
-6536,97268,-1081,-0,-129511,-96
-6628,9640,-12804,-1050,-519,-91
-6524,9772,-12796,-1069,-526,-78
-6604,9772,-12772,-1072,-503,-99
-6672,9856,-12716,-1083,-512,-108
-6628,9768,-12816,-1086,-508,-86
-6504,9860,-12836,-1061,-531,-110
-6584,9836,-12884,-1064,-509,-101
-6572,9764,-12736,-1067,-498,-88
-6580,9764,-12828,-1069,-506,-115
-6704,9704,-12648,-1071,-518,-126
-6472,9744,-12752,-1083,-501,-119
-6536,9648,-12676,-1048,-511,-119
-6568,9764,-12872,-1052,-482,-79
-6552,9768,-12848,-1053,-498,-95
-6596,9744,-12916,-1052,-530,-112
