-4188,-6204,-14784,-369,485,-50
-4080,-6116,-14816,-345,505,-62
-4120,-6124,-14820,-337,496,-79
-4104,-6052,-14764,-298,518,-84
-4104,-6068,-14888,-286,482,-84
-4008,-6108,-14984,-369,517,-59
-4036,-5988,-14728,-345,489,-61
-4184,-6012,-14772,-360,491,-72
-4036,-6164,-14924,-341,490,-74
-4116,-6124,-14884,-330,521,-84
-4132,-6136,-14976,-347,508,-42
-4060,-6200,-14868,-342,459,-78
-4056,-6080,-14800,-325,460,-104
-4140,-6016,-14960,-331,495,-62
-4160,-6260,-14828,-378,520,-70
-4180,-6064,-14772,-359,489,-68
-4140,-5984,-14964,-340,478,-70
-4240,-5988,-14796,-326,493,-84
-3976,-6060,-14952,-335,519,-80
-3932,-6068,-14884,-324,493,-89
-4096,-6052,-14784,-317,509,-78
-4084,-6128,-14772,-331,508,-69
-3976,-6124,-14780,-353,504,-81
-4172,-5988,-14948,-416,529,-71
-4028,-6092,-14844,-305,481,-96
-3964,-6012,-14956,-349,504,-61
-4056,-6080,-14696,-230,466,-134
-4092,-6036,-14824,-266,470,-121
-4160,-6108,-14936,-325,505,-87
-4096,-6116,-14844,-360,518,-85
-4116,-6156,-14900,-393,518,-61
-4200,-6084,-14816,-341,493,-68
-4052,-6136,-14848,-301,490,-98
-3972,-6052,-14796,-303,466,-102
-4152,-6100,-14812,-318,468,-70
-4044,-6192,-14792,-317,473,-78
-3996,-6108,-14788,-322,466,-77
-4116,-6060,-14964,-333,512,-72
-4080,-6012,-14928,-365,501,-57
-4124,-6080,-14936,-367,533,-76
-4168,-6160,-14724,-354,542,-71
-4212,-6060,-14724,-408,539,-68
-4088,-6092,-14828,-410,545,-86
-4024,-6056,-14896,-528,551,-36
-4028,-6240,-14696,-586,585,-23
-4084,-5952,-14800,-595,620,-3
-4128,-6056,-14964,-627,598,6
-4068,-5916,-14876,-635,556,-19
-4028,-5916,-14900,-549,579,8
-4084,-6072,-14884,-672,597,-55
-41092,-5896,-14908,-512,-5948,-15128
-41092,-5896,-14908,-512,-5948,-15128
-41092,-5896,-14908,-512,-5948,-15128
-41092,-5896,-14908,-512,-5948,-15128
-4084,-5936,-15000,-532,574,-32
-4004,-5644,-14936,-418,511,-57
-3960,-5864,-14888,-355,494,-67
-3936,-5952,-14856,-292,461,-119
-4084,-5880,-14812,-315,491,-131
-4000,-5980,-14868,-343,487,-121
-3980,-5760,-14880,-328,494,-87
-3980,-5788,-14896,-200,434,-101
-4072,-5960,-14772,-131,416,-137
-3980,-5848,-14852,36,364,-151
-3936,-6136,-14856,30,313,-175
-4052,-6004,-14920,-28,336,-129
-4060,-6028,-14768,-6,354,-152
-4104,-6032,-14824,-44,379,-163
-4148,-6148,-14856,-102,395,-137
-4148,-6164,-14860,-207,442,-141
-3984,-6080,-14716,-231,431,-94
-4092,-6184,-14924,-295,477,-89
-4136,-6128,-14860,-330,499,-118
-4056,-5952,-14828,-289,520,-89
-4028,-6124,-14792,-229,431,-118
-4060,-6028,-14820,-187,439,-111
-4076,-6068,-14836,-178,424,-94
-4072,-6132,-14948,-154,402,-123
-4196,-6224,-14824,-206,457,-104
-4224,-6124,-14688,-231,438,-86
-4068,-6380,-14796,-288,461,-105
-4116,-6092,-14840,-332,461,-84
-4188,-6100,-14632,-271,444,-87
-4068,-6212,-14832,-243,488,-97
-3996,-6248,-14948,-248,467,-84
-4124,-6268,-14732,-241,448,-107
-4132,-6176,-14916,-294,482,-99
-4092,-6256,-14804,-333,476,-85
-4096,-6220,-14664,-364,487,-78
-4076,-6156,-14820,-408,471,-72
-4092,-6264,-14852,-389,525,-79
-4096,-6156,-14644,-356,505,-85
-4084,-6020,-14876,-303,495,-107
-3992,-6012,-15068,-80,417,-205
-4108,-6212,-14680,87,411,-171
-4232,-6428,-14676,-53,452,-158
-4140,-6636,-14584,-290,503,-155
-4040,-6428,-14716,-273,485,-107
-3932,-5948,-15036,-212,489,-83
-4292,-6696,-14652,-443,560,-48
-4012,-6068,-14844,-553,568,-22
-4128,-6360,-14772,-426,526,-84
-4052,-6220,-14780,-517,547,-22
-4040,-6172,-14884,-449,526,-38
-4020,-6248,-14864,-463,547,-15
-3976,-6040,-14908,-608,592,18
-4104,-6192,-14668,-378,497,-74
-4064,-6340,-14732,-474,542,-53
-3956,-5992,-14848,-409,476,-45
-4156,-6248,-14796,-309,472,-99
-4088,-6096,-14764,-336,477,-60
-4028,-6176,-14772,-406,489,-66
-4096,-6164,-14692,-327,464,-89
-3992,-6192,-14880,-318,474,-59
-4056,-6216,-14740,-277,477,-104
-3972,-6232,-14872,-348,493,-83
-4056,-6144,-14756,-315,493,-85
-4080,-6192,-14956,-299,515,-96
-4064,-6244,-14932,-301,483,-82
-3960,-6172,-14852,-277,462,-115
-4116,-6148,-14808,-183,440,-102
-4108,-6120,-14720,-180,442,-96
-4072,-6180,-14764,-188,421,-139
-4072,-6252,-14820,-92,382,-109
-4076,-6344,-14580,-126,458,-111
-4076,-6240,-14740,-202,475,-96
-4120,-6404,-14760,-352,525,-79
-4056,-6276,-14580,-440,589,-63
-4164,-6240,-14656,-515,540,-27
-4216,-6152,-14816,-490,573,-47
-4012,-6284,-14868,-431,567,-56
-4144,-6300,-14924,-431,546,-56
-4012,-6176,-14784,-430,503,-41
-4068,-6232,-14720,-426,514,-55
-4036,-6204,-14728,-438,502,-63
-4048,-6180,-14808,-453,544,-50
-4124,-6200,-14796,-393,507,-71
-3964,-6208,-14904,-409,542,-75
-4048,-6140,-14768,-437,545,-61
-4116,-6116,-14768,-442,510,-75
-4076,-6108,-14776,-448,538,-57
-4076,-6156,-14756,-414,528,-80
-4064,-6000,-14776,-346,506,-67
-4072,-6148,-14796,-249,463,-98
-4080,-6072,-14924,-286,468,-95
-4028,-6140,-14772,-194,448,-109
-4068,-6168,-14896,-223,467,-85
-4052,-6208,-14876,-207,449,-118
-4120,-6176,-14656,-196,477,-93
-4100,-6208,-14900,-194,429,-118
-4164,-6300,-14720,-214,416,-109
-4220,-6160,-14752,-251,484,-89
-3992,-6200,-14652,-335,493,-88
-4144,-6412,-14728,-400,527,-61
-4100,-6364,-14792,-549,579,-38
-4128,-6224,-14736,-587,627,-37
-4036,-6180,-14844,-599,608,-29
-4096,-6176,-14796,-519,604,-36
-4088,-6048,-14912,-429,511,-63
-4064,-6252,-14884,-371,473,-77
-4092,-6100,-14828,-365,496,-77
-4028,-6172,-14820,-384,490,-50
-3976,-6128,-14872,-406,509,-65
-4160,-6112,-14832,-447,543,-57
-4180,-6132,-14876,-343,529,-72
-4064,-6088,-14784,-336,492,-75
-3984,-6120,-14792,-197,438,-133
-4020,-6188,-14876,-188,426,-130
-4100,-6032,-14784,-190,371,-89
-4136,-6228,-14884,-191,437,-102
-4096,-6240,-14668,-277,435,-113
-4184,-6224,-14712,-275,488,-89
-4040,-6124,-14816,-396,497,-82
-4192,-6308,-14792,-348,483,-78
-4092,-6128,-14792,-330,484,-98
-4156,-6160,-14764,-302,473,-100
-4076,-6136,-14836,-313,479,-95
-4148,-6184,-14712,-267,-6324,-14
-4148,-6184,-14712,-267,-6324,-14
-4148,-6184,-14712,-267,-6324,-14
-4172,-6168,-14808,-325,479,-85
-4128,-6216,-14832,-338,498,-77
-4192,-6220,-14592,-329,462,-83
-4204,-6200,-14812,-365,486,-67
-4068,-6108,-14876,-360,503,-63
-4140,-6156,-14776,-368,511,-68
-3964,-6180,-14696,-319,494,-88
-4132,-6188,-14732,-348,499,-66
-4088,-6192,-14712,-350,502,-76
-4052,-6080,-14860,-335,498,-64
-4080,-6224,-14776,-314,508,-70
-4112,-6184,-14824,-335,478,-77
-4112,-6184,-14868,-346,487,-64
-4120,-6052,-14808,-346,506,-80
-4196,-6172,-14828,-338,492,-87
-4096,-6236,-14700,-333,473,-85
-4168,-6224,-14744,-332,481,-101
-4120,-6148,-14920,-357,470,-85
-4104,-6156,-14868,-340,477,-67
-4088,-6104,-14804,-339,495,-76
-4244,-6204,-14756,-354,489,-84
-4052,-6172,-14776,-354,483,-64
-4032,-6232,-14772,-334,518,-89
-4136,-6212,-14896,-321,501,-96
-4036,-6144,-14824,-323,479,-70
-4088,-6144,-14764,-322,495,-97
-4096,-6080,-14652,-337,493,-94
-4080,-6200,-14796,-335,494,-98
-4080,-6184,-14984,-340,486,-90
-4040,-6216,-14876,-361,520,-102
-4248,-6168,-14732,-353,521,-78
-4128,-6252,-14672,-374,503,-76
-4044,-6132,-14752,-413,562,-57
-4052,-6144,-14868,-406,480,-64
-4044,-6116,-14840,-395,508,-64
-4068,-6224,-14752,-349,491,-56
-4076,-6180,-14824,-316,484,-82
-4092,-6072,-14904,-271,472,-79
-4064,-6156,-14840,-236,438,-105
-4036,-6160,-14752,-246,423,-59
-4048,-6296,-14732,-260,411,-98
-4204,-6212,-14944,-167,432,-115
-4092,-6160,-14632,-336,436,-120
-4156,-6276,-14796,-235,439,-73
-4068,-6248,-14848,-347,491,-57
-4132,-6248,-14840,-431,526,-69
-4124,-6256,-14752,-555,601,-11
-4116,-6140,-14804,-587,617,-17
-4020,-6084,-14876,-539,629,-24
-3940,-6112,-14800,-309,498,-68
-4052,-6204,-14708,-401,558,-64
-4132,-6092,-14932,-230,446,-100
-4044,-6104,-14760,-228,472,-44
-4140,-6276,-14860,-371,508,-78
-4048,-6256,-14776,-482,524,-24
-4076,-6196,-14752,-509,544,-32
-4116,-6152,-14856,-434,575,-36
-4304,-5932,-15032,-361,441,6
-4176,-6172,-14884,-336,525,-89
-4056,-6264,-14968,-329,510,-96
-3976,-6228,-14744,-407,519,-68
-4044,-6140,-14716,-428,536,-39
-4148,-6036,-14896,-347,473,-69
-4164,-6032,-14908,-323,453,-72
-4140,-6064,-14912,-383,483,-81
-4052,-6140,-14992,-455,495,-61
-3996,-5996,-14812,-305,493,-58
-4188,-6316,-14776,-440,494,-78
-4156,-5928,-14988,-489,573,-85
-4016,-6160,-14864,-511,556,-96
-4020,-5688,-15136,-503,545,-40
-3928,-5840,-14856,-57,461,-155
-4084,-6316,-14828,-171,381,-109
-3844,-5768,-15008,142,375,-147
-4200,-6264,-14820,85,317,-207
-4192,-6144,-14876,-14,340,-147
-4116,-6068,-14872,96,307,-167
-4040,-6236,-14824,92,357,-201
-4152,-6232,-14684,-7,396,-164
-4160,-6276,-14852,-27,384,-147
-4120,-6248,-14872,-95,407,-120
-4188,-6392,-14636,-196,425,-111
-4084,-6248,-14752,-254,462,-105
-4184,-6280,-14680,-288,468,-69
-4100,-6472,-14776,-274,467,-97
-4204,-6312,-14836,-285,501,-106
-4156,-6356,-14740,-333,514,-93
-4084,-6280,-14640,-280,480,-102
-4148,-6384,-14788,-294,492,-85
-4196,-6320,-14876,-265,502,-68
-4184,-6268,-14712,-317,472,-85
-4116,-6332,-14616,-332,481,-90
-4176,-6284,-14812,-341,486,-97
-4096,-6332,-14792,-292,465,-108
-4224,-6264,-14616,-317,498,-99
-4148,-6412,-14644,-370,488,-77
-4116,-6352,-14704,-337,480,-77
-4224,-6320,-14820,-308,5064,-6344
-4224,-6320,-14820,-308,5064,-6344
-4224,-6320,-14820,-308,5064,-6344
-4124,-6324,-14752,-319,493,-95
-4116,-6372,-14684,-328,507,-82
-4148,-6292,-14844,-344,469,-69
-4156,-6296,-14772,-351,496,-57
-4108,-6228,-14744,-318,493,-82
-4040,-6292,-14772,-353,527,-94
-4160,-6280,-14676,-320,467,-81
-4060,-6428,-14700,-280,499,-61
-4060,-6384,-14584,-390,511,-75
-4072,-6348,-14724,-386,554,-67
-4224,-6264,-14712,-422,533,-51
-4020,-6248,-14760,-413,527,-52
-4156,-6252,-14732,-363,469,-63
-4108,-6416,-14496,-354,482,-76
-4024,-6308,-14860,-301,501,-96
-4188,-6188,-14812,-322,478,-81
-4176,-6320,-14788,-339,483,-84
-4084,-6340,-14636,-368,484,-85
-4160,-6320,-14696,-382,501,-61
-4124,-6400,-14772,-333,487,-79
-4092,-6376,-14808,-363,464,-76
-4196,-6352,-14676,-352,504,-98
-4088,-6340,-14672,-330,507,-66
-4136,-6368,-14528,-321,497,-97
-4020,-6312,-14672,-299,470,-95
-4136,-6340,-14760,-283,447,-101
-4028,-6292,-14648,-281,474,-75
-4076,-6352,-14904,-316,478,-66
-4104,-6324,-14648,-332,483,-112
-4264,-6344,-14636,-368,508,-90
-4168,-6304,-14592,-378,524,-78
-4168,-6256,-14740,-365,522,-70
-4184,-6388,-14716,-340,487,-91
-4160,-6404,-14760,-337,486,-84
-4060,-6268,-14720,-322,465,-70
-4172,-6280,-14764,-297,494,-74
-4144,-6372,-14660,-346,500,-88
-4188,-6300,-14688,-363,479,-93
-4112,-6324,-14708,-373,502,-68
-4136,-6380,-14620,-374,510,-98
-4192,-6360,-14652,-343,467,-74
-4172,-6404,-14740,-306,489,-84
-4096,-6204,-14716,-344,518,-68
-4300,-6368,-14768,-312,498,-68
-4236,-6392,-14724,-363,479,-81
-4144,-6264,-14788,-341,490,-104
-4164,-6372,-14616,-357,486,-80
-4140,-6356,-14800,-337,520,-86
-4120,-6328,-14804,-311,477,-55
-4108,-6252,-14716,-344,483,-84
-4140,-6416,-14616,-338,516,-57
-4196,-6388,-14764,-332,505,-110
-4088,-6332,-14644,-358,508,-93
-4072,-6400,-14664,-370,500,-67
-4056,-6300,-14736,-355,555,-91
-4252,-6316,-14896,-337,456,-84
-4088,-6352,-14780,-340,446,-37
-4160,-6348,-14680,-338,456,-84
-4020,-6320,-14756,-326,463,-75
-4068,-6348,-14748,-330,443,-79
-4172,-6348,-14776,-329,495,-58
-4260,-6260,-14784,-332,490,-54
-4124,-6432,-14688,-359,498,-89
-4000,-6284,-14752,-352,507,-85
-4116,-6316,-14820,-330,494,-93
-4068,-6260,-14720,-313,507,-98
-4196,-6300,-14636,-306,482,-99
-4104,-6424,-14696,-333,467,-89
-4164,-6376,-14680,-339,461,-106
-4064,-6376,-14780,-318,491,-117
-4096,-6432,-14612,-325,497,-60
-4140,-6396,-14796,-358,520,-92
-4148,-6316,-14820,-335,496,-72
-4048,-6340,-14784,-367,495,-64
-4136,-6240,-14644,-351,490,-114
-4008,-6304,-14740,-325,487,-73
-4092,-6228,-14752,-292,483,-94
-4140,-6356,-14700,-363,477,-48
-4224,-6352,-14768,-351,484,-83
-4116,-6352,-14640,-388,517,-63
-4072,-6316,-14732,-391,518,-62
-4132,-6380,-14580,-332,483,-67
-4196,-6208,-14752,-324,482,-81
-4100,-6368,-14836,-285,450,-98
-4056,-6360,-14672,-326,491,-92
-4148,-6360,-14788,-350,501,-70
-4116,-6444,-14804,-328,488,-61
-4132,-6372,-14792,-319,489,-76
-4184,-6284,-14636,-339,500,-65
-4048,-6320,-14768,-341,479,-95
-4180,-6272,-14772,-323,497,-62
-4128,-6320,-14692,-325,474,-92
-4136,-6288,-14704,-322,476,-85
-4048,-6396,-14704,-308,504,-95
-4148,-6364,-14800,-307,464,-108
-4056,-6216,-14740,-304,497,-83
-4116,-6288,-14700,-304,498,-85
-4196,-6356,-14684,-337,471,-94
-4160,-6396,-14808,-350,470,-77
-4096,-6216,-14720,-337,493,-72
-4220,-6368,-14820,-341,483,-102
-4092,-6408,-14764,-318,486,-68
-4132,-6276,-14756,-353,502,-62
-4060,-6336,-14672,-343,478,-62
-4192,-6224,-14636,-337,505,-61
-4228,-6356,-14712,-330,511,-105
-4016,-6404,-14772,-345,499,-75
-4148,-6240,-14700,-318,488,-66
-4060,-6320,-14680,-319,462,-100
-4100,-6356,-14628,-320,480,-84
-4096,-6320,-14768,-330,497,-84
-4208,-6340,-14684,-355,496,-90
-4152,-6420,-14736,-361,483,-75
-4216,-6348,-14816,-323,494,-102
-4104,-6268,-14684,-360,473,-75
-4100,-6284,-14776,-351,467,-81
-4100,-6280,-14808,-315,482,-88
-4176,-6340,-14764,-325,476,-72
-4156,-6300,-14684,-307,479,-88
-4172,-6376,-14792,-322,499,-72
-4192,-6296,-14780,-360,487,-71
-4148,-6352,-14816,-317,523,-63
-4208,-6380,-14740,-340,469,-85
-4172,-6356,-14808,-342,521,-102
-4084,-6284,-14784,-320,494,-85
-4156,-6324,-14804,-331,505,-63
-4108,-6340,-14648,-314,540,-105
-4164,-6408,-14760,-342,498,-92
-4104,-6364,-14632,-307,490,-76
-4176,-6296,-14664,-351,487,-85
-4140,-6420,-14652,-354,480,-68
-4148,-6332,-14704,-376,496,-72
-4080,-6372,-14792,-336,505,-88
-4116,-6392,-14544,-305,488,-68
-4160,-6280,-14684,-334,486,-105
-4136,-6388,-14776,-325,519,-73
-4072,-6356,-14592,-353,528,-72
-4088,-6332,-14644,-343,494,-93
-4176,-6320,-14508,-342,464,-90
-4076,-6352,-14640,-350,491,-74
-4104,-6268,-14720,-341,491,-55
-4068,-6420,-14732,-318,475,-102
-4136,-6320,-14732,-337,492,-64
-4084,-6384,-14796,-330,510,-91
-4116,-6348,-14696,-332,491,-79
-4064,-6280,-14600,-357,489,-59
-4132,-6272,-14740,-314,489,-79
-4136,-6388,-14812,-347,500,-88
-4184,-6352,-14732,-335,490,-87
-4132,-6272,-14656,-301,494,-69
-4124,-6300,-14688,-346,487,-47
-4160,-6236,-14728,-325,465,-72
-4140,-6340,-14756,-325,503,-69
-4088,-6320,-14732,-334,474,-97
-4100,-6416,-14756,-341,491,-55
-4016,-6224,-14740,-368,485,-78
-4156,-6404,-14816,-325,487,-72
-4156,-6348,-14700,-323,490,-102
-4156,-6344,-14716,-340,479,-73
-4148,-6352,-14748,-347,483,-65
-4084,-6452,-14660,-321,495,-49
-4084,-6288,-14844,-339,486,-69
-4120,-6400,-14768,-333,503,-66
-4044,-6412,-14732,-342,470,-83
-4084,-6364,-14756,-308,510,-54
-4072,-6344,-14668,-347,517,-82
-4072,-6324,-14700,-317,512,-62
-4204,-6344,-14744,-313,489,-104
-4144,-6292,-14724,-309,468,-62
-4176,-6352,-14740,-365,497,-75
-4124,-6376,-14764,-366,481,-73
-4168,-6360,-14620,-345,502,-80
-4028,-6228,-14780,-337,497,-70
-4132,-6308,-14676,-351,490,-68
-4228,-6316,-14724,-317,480,-96
-4040,-6336,-14740,-343,519,-87
-4112,-6324,-14744,-343,469,-90
-4148,-6300,-14852,-339,484,-80
-4092,-6256,-14964,-366,483,-58
-4172,-6364,-14672,-356,485,-72
-4148,-6352,-14832,-319,489,-89
-4104,-6196,-14780,-320,471,-109
-4116,-6380,-14672,-329,492,-93
-4044,-6348,-14736,-332,522,-57
-4052,-6300,-14636,-396,524,-74
-4124,-6452,-14572,-362,495,-67
-4256,-6368,-14764,-389,518,-61
-4212,-6416,-14796,-355,504,-70
-4136,-6248,-14648,-317,519,-79
-4140,-6372,-14748,-294,521,-79
-4116,-6324,-14684,-296,459,-93
-4156,-6404,-14664,-318,484,-63
-4088,-6352,-14692,-342,495,-76
-4144,-6260,-14644,-360,526,-66
-4044,-6296,-14808,-368,525,-60
-4044,-6184,-14732,-324,492,-99
-4148,-6392,-14732,-311,483,-90
-4184,-6308,-14596,-312,494,-86
-4164,-6360,-14612,-334,496,-90
-4148,-6428,-14628,-328,506,-82
-4080,-6392,-14784,-339,493,-90
-4104,-6264,-14672,-342,452,-69
-4220,-6300,-14788,-331,468,-85
-4096,-6312,-14692,-311,503,-90
-4072,-6304,-14724,-345,482,-82
-4168,-6356,-14828,-337,472,-71
-4136,-6256,-14868,-340,465,-77
-4128,-6376,-14648,-324,485,-63
-4212,-6356,-14652,-329,488,-79
-4152,-6372,-14724,-328,471,-59
-4128,-6316,-14724,-292,451,-82
-4080,-6396,-14888,-341,474,-84
-4080,-6388,-14868,-350,496,-73
-4184,-6380,-14804,-348,489,-50
-4108,-6320,-14836,-353,478,-84
-4028,-6328,-14684,-331,485,-74
-4156,-6396,-14820,-328,478,-82
-4124,-6268,-14684,-380,505,-88
-4060,-6420,-14780,-329,477,-113
-4124,-6404,-14684,-344,483,-85
-4040,-6384,-14612,-347,504,-56
-4088,-6284,-14624,-332,468,-84
-4208,-6356,-14780,-331,519,-68
-4064,-6332,-14668,-329,498,-72
-4104,-6256,-14804,-332,492,-82
-4180,-6308,-14732,-341,465,-89
-4188,-6384,-14700,-332,507,-76
-4192,-6348,-14884,-329,511,-80
-4052,-6268,-14700,-333,473,-75
-4104,-6324,-14596,-331,490,-63
-4204,-6344,-14508,-303,488,-74
-4160,-6336,-14676,-334,480,-79
-4116,-6308,-14644,-373,473,-89
-4148,-6416,-14892,-333,460,-87
-4088,-6320,-14696,-339,484,-83
-4116,-6344,-14768,-336,478,-75
-4148,-6372,-14752,-330,477,-72
-4128,-6360,-14712,-351,472,-91
-4116,-6324,-14688,-322,512,-64
-4128,-6352,-14672,-328,498,-66
-4180,-6332,-14604,-329,518,-78
-4040,-6344,-14648,-329,493,-65
-4056,-6280,-14720,-315,529,-70
-4156,-6392,-14636,-312,476,-86
-4024,-6364,-14824,-334,509,-88
-4160,-6212,-14744,-342,507,-82
-4100,-6344,-14652,-346,492,-55
-4108,-6268,-14800,-356,518,-92
-4152,-6324,-14824,-337,476,-67
-4120,-6340,-14644,-336,510,-64
-4148,-6356,-14876,-311,489,-91
-4104,-6320,-14680,-333,507,-91
-4188,-6400,-14780,-342,474,-80
-4144,-6296,-14704,-347,496,-90
-4124,-6296,-14772,-329,460,-84
-4160,-6288,-14744,-329,472,-61
-4084,-6388,-14692,-342,509,-85
-4044,-6332,-14748,-344,465,-85
-4180,-6312,-14724,-342,512,-68
-4180,-6300,-14788,-343,526,-99
-4136,-6272,-14680,-352,509,-90
-4204,-6316,-14728,-324,463,-81
-4188,-6400,-14800,-335,492,-66
-4084,-6404,-14640,-340,500,-65
-4172,-6372,-14732,-318,513,-57
-4172,-6300,-14732,-350,495,-68
-4160,-6292,-15012,-333,471,-113
-4108,-6312,-14636,-323,493,-82
-4128,-6292,-14792,-344,504,-103
-4128,-6340,-14772,-368,513,-84
-4212,-6312,-14692,-371,488,-76
-4024,-6272,-14752,-344,497,-48
-4132,-6340,-14724,-304,473,-96
-4132,-6408,-14680,-332,453,-84
-4156,-6400,-14704,-336,497,-78
-4160,-6312,-14688,-341,484,-52
-4156,-6352,-14612,-336,493,-103
-4160,-6340,-14776,-310,495,-94
-4084,-6416,-14576,-348,501,-74
-4072,-6328,-14720,-324,476,-89
-4044,-6392,-14840,-333,523,-78
-4108,-6388,-14688,-358,496,-80
-4072,-6336,-14604,-352,469,-39
-4196,-6292,-14816,-342,483,-82
-4032,-6400,-14664,-291,490,-97
-4212,-6316,-14680,-285,474,-89
-4128,-6324,-14684,-302,501,-113
-4284,-6316,-14816,-329,457,-89
-3996,-6288,-14804,-345,518,-70
-4028,-6268,-14856,-364,518,-68
-4148,-6324,-14828,-368,533,-66
-4056,-6412,-14696,-328,474,-79
-4128,-6400,-14760,-312,466,-77
-4120,-6296,-14620,-329,495,-84
-4180,-6484,-14748,-327,486,-70
-4200,-6288,-14724,-339,493,-77
-4156,-6384,-14684,-322,482,-82
-4140,-6240,-14740,-342,493,-92
-4060,-6320,-14564,-343,494,-87
-4132,-6284,-14824,-356,503,-77
-4108,-6268,-14688,-349,494,-95
-4208,-6216,-14656,-321,491,-60
-4108,-6332,-14712,-342,510,-84
-4184,-6312,-14612,-322,494,-63
-4212,-6260,-14788,-319,495,-91
-4120,-6276,-14660,-350,491,-86
-4116,-6400,-14604,-297,518,-77
-4092,-6320,-14876,-336,502,-88
-4140,-6244,-14716,-325,524,-84
-4132,-6352,-14712,-333,526,-83
-4060,-6368,-14804,-340,492,-79
-4172,-6400,-14512,-336,480,-97
-4124,-6420,-14628,-334,447,-55
-4168,-6360,-14852,-322,494,-92
-4128,-6368,-14760,-328,506,-85
-4188,-6380,-14596,-336,498,-92
-4224,-6352,-14728,-354,501,-73
-4100,-6336,-14752,-359,535,-95
-4080,-6368,-14744,-345,505,-82
-4172,-6360,-14868,-333,469,-83
-4148,-6380,-14744,-327,495,-71
-4064,-6296,-14508,-351,487,-81
-4224,-6324,-14736,-332,486,-71
-4076,-6372,-14568,-347,480,-65
-4128,-6332,-14632,-338,515,-87
-4160,-6396,-14736,-349,513,-60
-4172,-6308,-14836,-341,487,-81
-4092,-6432,-14776,-344,496,-77
-4104,-6420,-14664,-329,484,-93
-4096,-6364,-14668,-346,482,-74
-4228,-6360,-14780,-347,505,-70
-4144,-6284,-14736,-334,482,-91
-4112,-6336,-14676,-340,486,-102
-4164,-6344,-14748,-334,519,-60
-4148,-6236,-14836,-363,472,-76
-4180,-6284,-14692,-333,496,-79
-4112,-6276,-14608,-365,491,-73
-3996,-6252,-14756,-318,519,-100
-4172,-6244,-14780,-364,494,-84
-4140,-6244,-14720,-352,530,-81
-4080,-6316,-14744,-348,496,-73
-4144,-6324,-14796,-363,482,-69
-4136,-6236,-14776,-333,490,-67
-4140,-6328,-14752,-301,481,-78
-4060,-6324,-14644,-329,493,-115
-4176,-6260,-14788,-306,463,-98
-4172,-6324,-14852,-301,504,-93
-4064,-6340,-14764,-312,487,-87
-4048,-6480,-14712,-307,482,-99
-4136,-6440,-14636,-313,479,-81
-4164,-6416,-14700,-325,456,-80
-4112,-6224,-14680,-357,505,-102
-4040,-6352,-14680,-357,513,-65
-4104,-6308,-14720,-328,497,-94
-4132,-6336,-14684,-306,471,-111
-4060,-6312,-14788,-312,500,-70
-4148,-6424,-14796,-322,468,-88
-4080,-6440,-14752,-347,504,-86
-4124,-6452,-14720,-367,517,-81
-4224,-6448,-14720,-388,511,-54
-4112,-6300,-14792,-379,481,-78
-4156,-6312,-14740,-338,490,-74
-4080,-6412,-14632,-335,508,-103
-4028,-6380,-14808,-351,491,-79
-4108,-6336,-14788,-335,481,-80
-4096,-6380,-14732,-317,505,-98
-4144,-6240,-14752,-335,528,-74
-4248,-6348,-14752,-355,499,-105
-4104,-6388,-14792,-339,522,-78
-4112,-6312,-14712,-334,484,-71
-4104,-6400,-14708,-338,490,-55
-4096,-6352,-14644,-339,484,-81
-4160,-6268,-14732,-313,470,-105
-4100,-6356,-14708,-344,496,-64
-4012,-6328,-14752,-334,470,-77
-4072,-6456,-14684,-355,491,-81
-4136,-6300,-14668,-327,491,-68
-4056,-6320,-14760,-331,503,-86
-4144,-6288,-14744,-346,489,-80
-4240,-6312,-14612,-333,490,-65
-4184,-6284,-14776,-344,518,-96
-4136,-6400,-14708,-336,478,-83
-4156,-6332,-14780,-337,486,-79
-4072,-6400,-14732,-310,481,-91
160,-876,-16980,-343,482,-99
220,-788,-16984,-383,514,-107
316,-916,-16880,-388,512,-119
276,-804,-16868,-420,462,-101
200,-736,-16864,-392,433,-84
208,-812,-16980,-377,441,-68
204,-792,-17012,-332,460,-47
228,-728,-16916,-326,464,-69
152,-892,-17020,-319,468,-65
192,-764,-16924,-315,458,-67
204,-736,-16996,-362,466,-79
184,-928,-16900,-371,483,-112
164,-836,-17020,-405,496,-122
232,-800,-16944,-380,478,-77
164,-820,-16928,-357,480,-74
152,-732,-16908,-337,470,-51
140,-804,-16916,-335,458,-67
204,-692,-16948,-302,505,-56
216,-784,-16964,-319,465,-61
268,-820,-16976,-324,505,-98
300,-852,-16900,-371,503,-82
204,-804,-17000,-333,488,-66
176,-820,-16980,-372,459,-76
244,-804,-16960,-369,462,-96
236,-700,-17120,-361,480,-75
136,-816,-17012,-356,501,-91
320,-756,-16940,-359,487,-81
156,-768,-16948,-382,483,-80
140,-772,-17004,-389,465,-102
288,-756,-17068,-377,489,-65
180,-704,-17092,-323,456,-71
324,-744,-16852,-268,471,-64
224,-744,-17032,-270,435,-28
80,-756,-17024,-284,457,9
104,-864,-16872,-304,445,-26
164,-848,-16952,-384,492,-99
288,-780,-17092,-422,514,-133
172,-756,-16996,-403,485,-119
244,-740,-16956,-379,473,-109
180,-792,-16988,-352,515,-96
156,-768,-16880,-302,468,-57
116,-824,-16892,-283,487,-25
200,-744,-16964,-300,477,-74
152,-824,-17048,-333,467,-77
108,-832,-17052,-315,497,-64
212,-888,-17044,-338,472,-75
184,-720,-16848,-360,468,-112
196,-808,-16812,-322,459,-62
212,-756,-16972,-357,491,-102
188,-852,-16832,-342,457,-63
188,-808,-16912,-351,432,-103
172,-720,-16980,-391,472,-86
116,-624,-16920,-361,463,-81
180,-648,-17020,-335,472,-84
152,-728,-16860,-295,488,-70
200,-884,-16908,-311,462,-69
96,-888,-16820,-349,453,-52
212,-908,-17004,-373,490,-59
164,-784,-16916,-370,518,-105
160,-804,-17016,-408,530,-105
280,-644,-16940,-413,481,-127
200,-676,-16944,-368,484,-101
204,-688,-16936,-322,427,-41
180,-784,-16932,-292,458,-58
196,-760,-16976,-300,445,-52
192,-808,-16996,-316,451,-58
184,-816,-16888,-335,459,-74
172,-776,-16968,-366,446,-84
160,-772,-16916,-389,427,-80
152,-732,-16996,-355,458,-88
164,-736,-17004,-332,488,-81
204,-804,-16820,-374,496,-118
196,-696,-17132,-393,500,-108
188,-756,-16952,-407,497,-157
224,-664,-17008,-356,496,-102
168,-788,-16984,-311,464,-45
152,-776,-17052,-271,465,-86
168,-812,-16952,-258,481,-47
256,-796,-16948,-296,504,-41
128,-788,-16840,-364,489,-109
144,-700,-17140,-377,471,-122
268,-768,-16992,-362,486,-63
248,-728,-17048,-311,454,-59
188,-724,-16936,-325,460,-55
248,-836,-16840,-367,448,-85
128,-696,-16896,-393,440,-89
200,-692,-16992,-368,460,-67
192,-668,-16984,-285,433,-59
192,-708,-16968,-259,433,-57
196,-744,-16820,-239,450,-53
140,-768,-17048,-192,480,-17
284,-884,-17004,-245,517,-44
244,-860,-17056,-480,559,-190
128,-1000,-16752,-367,578,-152
276,-800,-16848,-527,517,-166
304,-700,-16904,-460,472,-165
204,-524,-17056,-365,430,-89
216,-532,-17004,-165,429,-6
244,-720,-17012,-51,475,27
120,-864,-17076,-85,485,21
240,-840,-16944,-119,535,-62
188,-884,-16812,-248,549,-75
256,-952,-16876,-368,522,-95
204,-676,-16960,-558,488,-140
128,-700,-16940,-513,540,-11
156,-924,-17028,-548,580,-76
128,-1220,-16808,-868,558,-233
388,-628,-16820,-1323,508,-492
104,-1008,-16716,-1223,546,-402
356,-168,-17044,-1125,418,-502
428,216,-17276,-585,300,-239
408,268,-17312,73,278,144
224,-136,-17036,528,306,340
140,-700,-17160,688,286,358
12,-916,-16988,569,331,298
96,-1232,-16988,267,410,197
-12,-1176,-17020,-135,448,29
-24,-1240,-16924,-522,573,-173
164,-1116,-16960,-860,570,-313
244,-740,-16968,-987,528,-317
316,-600,-16856,-945,429,-280
196,-344,-17116,-726,361,-196
380,-252,-16924,-348,300,-24
152,-264,-16912,-79,244,152
80,-632,-16812,70,202,155
172,-636,-16908,70,196,172
-2556,-16948,8,-456,-17200,334
-2556,-16948,8,-456,-17200,334
-2556,-16948,8,-456,-17200,334
-84,-588,-17076,632,238,325
-188,-976,-17140,689,413,-16892
-188,-976,-17140,689,413,-16892
-188,-976,-17140,689,413,-16892
-188,-976,-17140,689,413,-16892
-228,-1488,-16864,-216,795,-41
-188,-1596,-16768,-870,974,-503
-40,-1676,-17392,-722,441,-1855
388,-804,-16560,-925,582,-1998
328,-656,-16860,-1362,617,-1117
4,-724,-17016,-1619,694,-700
244,-204,-17256,-1427,883,-380
496,488,-17172,-733,972,3
680,376,-17016,-34,780,750
480,-292,-16820,422,526,1070
456,-940,-16644,571,190,654
584,-684,-16680,525,-219,441
312,-280,-17060,789,-464,712
56,-480,-17044,1212,-442,939
-252,-1316,-17044,1201,-328,975
-468,-1936,-16896,678,-88,621
-560,-2072,-16888,-151,134,239
-460,-1628,-16952,-706,391,-166
-536,-1408,-17080,-1146,552,-191
-772,-1468,-17368,-1419,998,-449
-456,-1492,-16980,-1818,1499,-843
280,-1388,-16436,-2542,1390,-1199
576,-176,-16820,-2784,972,-1275
396,776,-17072,-2123,687,-846
272,1000,-17284,-917,753,-275
528,352,-17040,-71,588,127
212,0,-17100,347,401,271
96,120,-17192,812,359,342
112,-184,-17060,1293,393,410
204,-488,-16884,1450,326,555
76,-1120,-16896,1264,396,641
-20,-1780,-16712,574,550,361
-108,-1828,-16704,-315,595,-190
-128,-1216,-17036,-934,677,-472
344,-992,-16664,-1212,732,-469
720,-1008,-16576,-1692,433,-404
420,-652,-16532,-2133,78,-383
60,-64,-17036,-1944,23,-352
80,1492,-18476,-605,170,-63
28,252,-17540,556,164,122
168,152,-17248,617,250,199
-200,-20,-17508,1230,419,733
-36,-1088,-16788,1470,471,409
148,-1424,-16736,818,408,361
-12,-1352,-16668,262,267,52
-220,-1240,-17000,-212,356,63
-356,-1568,-16884,-767,554,-1100
-356,-1568,-16884,-767,554,-1100
-356,-1568,-16884,-767,554,-1100
-356,-1568,-16884,-767,554,-1100
-356,-1568,-16884,-767,554,-1100
136,-708,-16984,-1544,735,-501
172,-456,-16976,-1428,656,-474
152,-80,-17100,-1049,599,-420
264,-44,-16912,-473,574,-238
212,-12,-17192,88,501,34
128,-220,-16988,393,486,190
92,-788,-16920,415,429,190
64,-920,-16820,232,459,92
4,-1092,-16816,-131,469,22
44,-1088,-16756,-479,490,-150
196,-676,-17088,-771,525,-245
-44,-816,-16936,-702,526,-239
228,-464,-16880,-684,495,-182
212,-328,-16900,-435,425,-99
132,-476,-16860,-270,420,11
24,-592,-17100,-145,403,67
-84,-796,-16884,-157,407,11
-24,-756,-16876,-279,429,-52
12,-720,-16888,-400,507,-117
96,-592,-16872,-450,523,-187
64,-660,-16968,-437,532,-128
76,-424,-17012,-350,494,-95
84,-620,-16916,-320,503,-63
200,-656,-16980,-266,462,-88
132,-708,-17016,-277,491,-73
92,-724,-16988,-315,500,-87
28,-676,-16928,-370,492,-117
108,-624,-16848,-365,479,-89
124,-500,-16964,-366,490,-74
172,-552,-17136,-320,465,-90
96,-604,-16972,-305,449,-71
96,-624,-16824,-326,458,-34
52,-584,-16960,-307,455,-72
76,-768,-16948,-349,464,-36
80,-736,-16920,-394,476,-89
80,-756,-17004,-458,493,-115
132,-568,-17032,-506,520,-167
120,-612,-17028,-500,496,-147
124,-516,-17116,-440,490,-146
128,-536,-16964,-353,504,-94
44,-548,-16944,-314,514,-77
168,-520,-16860,-262,472,-70
176,-520,-16960,-234,424,-27
40,-508,-16868,-152,379,25
156,-424,-16912,-77,329,53
160,-568,-16948,-17,298,116
28,-660,-17036,18,375,79
-4,-840,-16936,-2,429,47
-76,-860,-16892,-130,484,-29
36,-848,-16948,-331,561,-156
72,-864,-16996,-521,561,-228
120,-668,-17068,-602,577,-241
128,-656,-16932,-552,556,-186
152,-516,-17084,-425,532,-124
232,-560,-16876,-325,469,-68
60,-624,-16988,-282,436,-23
60,-588,-17064,-236,439,22
4,-624,-16920,-280,429,-10
56,-844,-16972,-305,460,-64
32,-736,-16984,-376,485,-94
140,-704,-16752,-424,500,-106
144,-620,-16872,-424,466,-116
184,-600,-17104,-355,459,-90
128,-652,-16940,-309,473,-44
68,-660,-16932,-278,500,-50
196,-736,-16888,-293,480,-73
52,-672,-16976,-335,456,-44
92,-652,-17016,-384,480,-54
232,-620,-17088,-347,468,-75
40,-688,-17008,-362,477,-76
68,-664,-16852,-402,493,-89
120,-652,-16904,-401,474,-109
-12,-532,-17048,-378,475,-87
40,-616,-16872,-309,510,-105
32,-756,-17044,-347,502,-74
44,-708,-16944,-329,496,-70
80,-536,-17052,-324,449,-69
116,-696,-16832,-305,466,-60
140,-692,-17004,-342,442,-91
76,-676,-16956,-372,484,-48
32,-684,-17068,-335,471,-76
48,-616,-17020,-354,469,-73
40,-684,-16976,-334,475,-95
-76,-580,-17032,-318,459,-84
-56,-588,-17108,-331,495,-77
112,-672,-16828,-336,487,-69
68,-712,-17032,-315,468,-70
176,-680,-16968,-319,483,-51
228,-668,-17088,-309,480,-94
104,-568,-17004,-339,464,-94
108,-688,-16944,-321,482,-44
148,-688,-16944,-327,490,-85
76,-680,-17056,-358,491,-92
64,-768,-16888,-379,513,-108
116,-652,-17040,-366,486,-98
160,-624,-16888,-313,499,-64
56,-720,-16880,-306,458,-71
64,-716,-16868,-334,467,-77
56,-600,-17008,-356,437,-65
48,-700,-16976,-346,438,-54
36,-728,-17052,-391,458,-86
-24,-628,-17040,-356,488,-88
28,-640,-16940,-393,543,-118
136,-516,-17020,-355,477,-118
216,-660,-16864,-291,469,-72
44,-624,-17044,-270,478,-70
100,-604,-16956,-245,466,-45
68,-644,-16924,-283,496,-32
84,-680,-16884,-329,443,-60
-28,-704,-16868,-342,454,-92
56,-720,-16968,-396,498,-114
200,-764,-16900,-373,468,-95
124,-484,-16852,-348,389,-96
200,-612,-16776,-354,306,68
120,-592,-16996,-424,94,202
104,128,-16960,164,-61,255
392,652,-17180,1070,-226,636
368,460,-17080,2213,-501,1203
80,420,-17112,3514,-736,1893
-4,-232,-16960,4485,-808,2543
-128,-716,-16996,5249,-851,3189
-568,-1172,-16800,6046,-849,3914
-592,-1944,-16572,6700,-779,4434
-928,-2568,-16708,7249,-722,5061
-1028,-4068,-15992,7077,-468,5612
-1824,-5496,-15892,6151,-331,5529
-2128,-6420,-15312,4962,-249,4492
-2408,-7072,-15412,3558,-82,3195
-2968,-7968,-15052,491,208,1285
-2068,-6120,-15688,-847,458,-642
-1828,-5252,-15996,-1117,872,-252
-1988,-5880,-15820,-1348,1096,-378
-2068,-6004,-15820,-2288,1428,-734
-1976,-5604,-16004,-2920,1751,-1310
-1756,-5764,-15836,-3718,2121,-1661
-1772,-6304,-15764,-5082,2337,-2951
-1656,-6236,-15512,-6953,2507,-4954
-1332,-5296,-15512,-9026,2762,-6438
-1360,-4028,-15968,-10992,2999,-7850
-952,-2308,-16008,-12529,3087,-9175
-308,544,-16216,-13171,3183,-9363
556,8832,-22304,-11360,5189,-5905
2888,4312,-16396,-6225,3970,2226
2728,3420,-15816,-6591,3887,-120
2276,4404,-16916,-4679,2851,-5
2780,4564,-16720,-1717,1297,187
2240,3764,-16756,-7,299,-24
2204,3544,-16688,941,-342,-194
2632,3732,-16880,2590,-1497,-374
1708,3460,-16636,4662,-2452,-264
1668,2312,-16868,5370,-2585,-343
780,2220,-16716,7135,-3654,-622
180,428,-16684,7069,-3046,-1260
648,2184,-17752,6411,-2196,1433
-192,1728,-17520,7717,-1541,4814
-528,-760,-16724,8990,-1227,5459
-776,-2376,-16236,8087,-444,6670
-660,-1796,-16540,8623,-822,5726
-1080,-2884,-16324,7612,-95,7771
-1456,-3960,-16256,7732,-105,7718
-1616,-5772,-15344,7267,-151,6782
-2116,-6884,-15204,5835,-13,5531
-1752,-8736,-15072,4509,-150,3905
-3204,-8616,-14604,248,-296,1291
-1808,-5512,-15884,-841,-64,-642
-1536,-5052,-15956,-331,254,175
-2136,-6004,-15692,-555,375,-28
-1728,-5332,-16076,-751,587,-172
-1764,-5416,-15836,-628,673,23
-2024,-5752,-15864,-749,882,-116
-1728,-6000,-15668,-1163,1243,-292
-1884,-6896,-15188,-2612,1482,-609
-2404,-7316,-15640,-4957,2065,-1620
-2500,-6872,-15784,-6491,2435,-4501
-1780,-5444,-15816,-7819,2694,-6971
-980,-3632,-15816,-8887,2704,-7421
-420,-2480,-16104,-9363,2626,-7029
-192,-1572,-16252,-9675,2435,-6677
116,-44,-16600,-9061,2266,-6618
1000,1680,-16820,-7688,2062,-5749
1360,2964,-17300,-5648,1666,-3750
1516,2992,-17380,-3347,1317,-1523
1280,2388,-17088,-1335,925,-97
996,1548,-17084,-25,552,279
916,1144,-17136,711,300,355
816,832,-16972,1171,151,509
632,464,-16988,1345,119,630
760,264,-16872,1286,12,560
612,28,-16924,1303,-126,451
656,136,-16960,1328,-199,433
528,-108,-16988,1405,-306,530
452,76,-17064,1591,-233,642
484,-72,-17180,1847,-200,740
424,-272,-17108,2085,-251,879
224,-696,-16992,2146,-227,999
96,-1144,-16852,2055,-165,1037
20,-1456,-16784,1790,-92,922
-148,-1692,-16984,1344,32,773
-120,-1868,-17076,866,194,582
-240,-2084,-16912,400,380,316
-268,-2148,-16628,-208,553,-36
-120,-1948,-16788,-749,627,-351
108,-1544,-17056,-1060,713,-500
172,-1268,-16924,-1098,721,-408
220,-1188,-16848,-965,723,-330
208,-1212,-16796,-887,684,-274
172,-1316,-16924,-856,645,-264
124,-1184,-16812,-879,621,-254
144,-1176,-16788,-897,604,-285
228,-1004,-17004,-863,575,-263
216,-908,-16896,-767,532,-218
216,-776,-16872,-584,520,-155
260,-816,-17044,-370,461,-64
228,-856,-16772,-142,428,21
228,-1008,-16908,-31,412,68
156,-1176,-16916,-6,450,59
60,-1268,-16916,-99,455,7
108,-1200,-16904,-236,451,-44
64,-1220,-16860,-334,493,-113
144,-1164,-16788,-441,511,-135
216,-1016,-16912,-405,500,-135
116,-1068,-16776,-370,499,-114
248,-988,-16944,-345,486,-77
204,-1132,-17052,-353,484,-88
312,-1036,-16900,-325,456,-72
324,-1020,-16932,-342,442,-79
224,-1048,-16964,-294,407,-72
212,-1040,-16880,-250,412,-27
124,-1040,-17092,-322,461,-51
128,-1100,-16920,-253,449,-14
88,-1112,-17048,-363,502,-84
136,-1292,-16860,-427,489,-105
280,-1104,-16944,-436,459,-120
196,-960,-16880,-400,497,-65
184,-988,-16936,-324,487,-70
220,-1108,-16820,-380,505,-60
220,-1140,-16916,-400,475,-127
136,-1096,-16996,-404,500,-145
104,-1048,-16976,-306,556,-107
284,-1000,-16944,-260,537,-95
108,-1104,-16932,-260,477,-67
184,-1116,-16864,-290,439,-42
244,-1080,-16876,-310,411,-70
144,-1112,-17024,-292,435,-51
224,-1192,-16976,-369,462,-53
260,-1160,-16824,-408,468,-66
168,-1112,-17008,-434,487,-115
196,-1028,-16956,-418,481,-114
128,-1032,-16828,-348,493,-74
200,-1032,-16940,-299,491,-67
200,-1060,-16880,-249,454,-59
108,-1216,-16988,-256,487,-58
136,-1180,-16760,-306,502,-57
176,-1128,-17092,-364,511,-114
232,-1212,-16956,-388,510,-134
196,-1032,-16928,-413,501,-150
200,-1064,-16824,-360,486,-84
120,-1144,-16820,-301,424,-23
220,-1180,-16888,-288,433,-46
176,-1040,-16980,-318,440,-71
128,-1108,-16892,-383,491,-59
140,-1080,-16972,-368,483,-116
180,-1048,-16976,-369,478,-91
220,-1036,-16928,-377,474,-79
212,-1084,-16916,-341,471,-101
228,-1084,-17096,-301,510,-85
128,-1160,-17036,-317,523,-96
136,-1092,-16932,-322,514,-79
144,-1164,-17100,-353,509,-71
196,-1028,-16872,-348,469,-86
192,-1004,-17088,-310,449,-42
180,-1088,-16948,-330,451,-46
164,-1212,-16976,-299,495,-81
220,-1140,-16952,-394,465,-98
116,-1096,-17140,-381,483,-92
128,-1028,-16940,-353,487,-98
164,-1104,-16840,-329,501,-94
200,-1092,-16908,-323,501,-74
112,-1092,-16836,-309,465,-101
44,-1088,-16932,-330,449,-89
164,-1076,-16912,-317,477,-88
280,-1088,-16948,-376,476,-91
96,-1084,-16884,-337,473,-63
248,-1080,-16924,-337,485,-82
180,-1096,-16928,-359,436,-73
208,-1084,-16908,-347,476,-68
316,-1028,-16932,-335,471,-77
84,-1192,-16860,-325,481,-79
72,-1096,-16908,-315,516,-74
224,-1036,-16872,-337,437,-96
164,-1112,-16956,-351,454,-92
260,-1020,-16968,-303,463,-67
168,-1080,-17060,-279,506,-60
24,-1224,-16924,-356,518,-76
272,-1208,-16816,-368,499,-105
276,-1076,-17076,-377,516,-97
216,-1104,-17016,-340,518,-96
164,-1136,-16860,-379,499,-88
256,-1040,-16972,-379,465,-78
132,-1084,-16852,-365,449,-68
212,-1024,-16924,-347,467,-76
196,-1008,-16988,-294,432,-28
152,-1156,-17064,-288,474,-66
208,-1068,-16896,-300,495,-73
172,-1152,-16800,-334,464,-103
132,-1040,-16900,-335,481,-89
8,-1124,-17036,-369,492,-71
176,-1104,-16924,-385,497,-102
208,-1020,-17036,-370,500,-101
116,-1136,-16988,-346,480,-89
216,-1004,-17072,-304,465,-28
208,-1144,-16860,-290,434,21
240,-1188,-16820,-439,328,-83
-8,-1116,-16964,-514,376,-75
-76,-936,-17200,-345,541,-159
44,-1088,-17000,-259,694,-143
300,-1060,-16928,-265,677,-211
432,-1152,-16744,-363,535,-155
244,-952,-17080,-416,387,-111
76,-852,-17148,-259,409,-29
156,-988,-17112,-91,520,-6
176,-1340,-16828,-156,553,-10
208,-1536,-16800,-408,513,-145
340,-1044,-16892,-531,421,-186
204,-632,-17188,-317,395,-45
220,-916,-17000,-12,416,78
112,-1148,-16820,41,487,160
184,-1600,-16636,-273,399,135
148,-1952,-16672,-939,324,-89
28,-1580,-16796,-1672,278,-438
-4,-664,-17240,-1694,362,-663
-44,8,-17504,-952,584,-385
48,-324,-17324,-211,810,-130
116,-720,-17036,255,882,-110
280,-872,-17040,247,853,-117
340,-988,-16836,191,765,-180
460,-904,-16816,80,595,-52
460,-932,-16752,60,441,10
352,-928,-16928,142,406,68
276,-1008,-16936,162,410,153
240,-1376,-16664,-18,310,152
332,-1264,-16840,173,353,174
120,-1536,-16768,-262,332,37
184,-1396,-16800,-548,287,-19
356,-1276,-16908,-799,210,-30
48,-1212,-16892,-852,158,-26
-148,-980,-17216,-735,325,-110
-116,-844,-17252,-406,520,-177
332,-700,-16928,62,576,-69
508,-780,-16976,379,331,147
136,-1168,-16780,404,167,299
-112,-1508,-16976,282,235,202
-224,-1616,-17004,-56,417,-27
0,-1480,-16912,-370,674,-184
244,-1368,-16772,-581,701,-157
336,-1716,-16800,-1097,655,-115
-112,-1844,-16840,-1820,661,-452
-192,-888,-17340,-2016,859,-775
32,-1036,-16976,-1994,1251,-763
424,-808,-16788,-1997,1105,-1206
1052,288,-16796,-1791,746,-1018
920,-88,-16640,-1498,254,-70
220,-1704,-16320,-2131,118,-210
1080,2276,-16832,-2159,845,124
-224,-436,-17120,-390,244,-76
16,-136,-17124,-576,504,-17
356,456,-17076,-271,727,-227
584,180,-16908,207,569,-140
192,-580,-16852,100,507,18
-116,-1228,-16936,-600,831,-18
-256,-1020,-17044,-1670,1313,-245
168,-1436,-16832,-2573,1495,-1018
692,532,-16952,-3061,1499,-1435
1536,2200,-16908,-2040,1123,-899
1592,2348,-17020,-82,404,67
756,824,-17080,1049,-160,-114
464,296,-17024,1227,-252,-75
280,-28,-16980,1021,-82,-17
456,384,-17108,721,104,386
488,548,-17412,1115,123,676
468,344,-17136,1792,72,459
444,36,-17036,2126,63,650
260,-384,-16956,2229,145,928
152,-688,-16848,2125,213,1017
304,-1016,-16788,1898,267,997
424,-1152,-16856,1666,224,896
280,-1272,-16756,1374,198,996
104,-1512,-17092,1213,333,1020
-44,-1960,-16668,877,486,811
72,-2412,-16688,257,565,414
-116,-2756,-16668,-716,577,-333
632,-1408,-16800,-1229,456,-827
716,-204,-17088,-874,50,-176
260,-260,-17352,169,-36,432
160,-1132,-17140,767,40,615
-148,-1836,-16944,728,221,380
108,-1840,-16736,446,226,168
116,-1696,-16936,143,257,204
-96,-1928,-16908,-144,313,147
-156,-2328,-16676,-714,423,-81
-264,-2192,-16904,-1362,616,-416
-88,-1652,-17080,-1695,864,-669
100,-1128,-17112,-1597,1031,-739
292,-836,-16928,-1209,1028,-697
540,-676,-17012,-716,881,-487
572,-728,-16968,-305,695,-110
336,-1028,-16884,-69,619,53
220,-1284,-16944,-85,555,52
344,-1492,-16768,-241,510,-63
364,-1396,-16852,-413,453,-113
352,-1108,-16888,-437,411,-125
220,-1260,-16996,-429,407,-70
172,-1280,-16936,-411,432,-108
196,-1136,-17024,-378,453,-140
256,-1200,-16972,-286,465,-70
300,-1120,-16832,-317,426,33
412,-1256,-17076,-554,479,219
796,-1132,-16812,-1174,459,1002
204,-1072,-16964,-1545,931,1908
0,-1132,-16916,-1251,941,1246
132,-972,-17072,-672,864,663
380,-708,-16972,-692,873,484
444,-868,-16840,-852,922,541
-792,-1396,-17384,-403,643,92
116,-1064,-17072,-662,715,-186
148,-960,-17144,-301,628,-731
428,-568,-17068,-202,514,-805
320,-412,-17092,144,374,-359
52,-440,-17220,1033,140,-314
752,-1084,-16944,1524,38,-1020
856,-1484,-16748,694,82,-672
404,-1304,-16908,148,136,-379
264,-1388,-16976,182,184,-425
480,-1232,-16816,-89,328,-306
452,-1376,-16896,-320,340,-149
280,-1256,-16912,-383,344,-93
212,-1328,-17052,-382,409,-103
216,-1308,-17052,-364,498,-191
364,-1264,-16960,-350,508,-205
444,-1144,-16848,-291,503,-114
316,-1172,-17016,-236,440,-8
368,-1256,-16860,-205,410,-21
316,-1344,-16996,-193,349,4
268,-1360,-16920,-234,340,-15
152,-1468,-16832,-265,392,-50
160,-1452,-16976,-299,479,-94
136,-1428,-16932,-287,555,-134
228,-1428,-17008,-335,618,-196
388,-1244,-16820,-385,598,-159
444,-1172,-16872,-401,539,-151
316,-1140,-16976,-351,503,-110
336,-1340,-16944,-318,427,-71
324,-1268,-16960,-280,416,11
248,-1464,-16900,-285,439,1
152,-1480,-16964,-354,416,-50
236,-1412,-16900,-415,412,-71
152,-1236,-16936,-473,465,-95
280,-1216,-16800,-436,456,-120
352,-1172,-17072,-403,490,-48
192,-1108,-17120,-272,463,-18
348,-1348,-16844,-281,414,24
152,-1500,-16748,-488,359,-110
20,-1232,-17232,-478,438,-210
196,-892,-16964,-214,555,-84
212,-1284,-16976,-35,595,10
184,-1540,-16920,-95,617,-107
300,-1408,-16800,-217,553,-221
416,-1124,-16868,-184,432,-151
424,-1000,-16880,15,332,70
352,-1204,-17012,221,342,183
284,-1412,-16772,327,327,220
300,-1636,-16928,268,289,271
180,-1828,-16820,115,305,134
4,-1908,-16908,-266,427,-1
92,-1876,-16812,-538,562,-236
324,-1692,-16988,-708,600,-250
236,-1404,-16856,-729,539,-214
140,-1404,-16820,-727,434,-153
172,-1492,-17056,-630,451,-147
196,-1400,-16876,-476,495,-159
176,-1584,-16864,-293,597,-88
252,-1392,-16900,-270,505,-74
144,-1556,-16708,-416,556,-151
180,-1348,-16820,-548,543,-170
332,-1288,-16796,-441,525,-161
344,-1252,-16920,-326,469,-65
344,-1436,-16880,-234,440,0
228,-1488,-16912,-208,421,-2
196,-1544,-16868,-282,470,-27
156,-1456,-16928,-366,516,-135
268,-1444,-17020,-478,559,-160
268,-1532,-16908,-481,535,-158
236,-1388,-16968,-479,496,-137
268,-1176,-17044,-381,485,-131
268,-1388,-16884,-287,499,-32
232,-1356,-16924,-235,472,-18
208,-1376,-16976,-194,439,-20
272,-1448,-16988,-185,451,7
252,-1396,-16916,-197,442,3
260,-1460,-16960,-177,437,-31
272,-1364,-16908,-145,462,-16
272,-1452,-17044,-109,449,-6
172,-1600,-16948,-117,460,28
284,-1552,-16696,-200,469,-39
184,-1736,-16604,-300,477,-106
292,-1612,-16972,-528,463,-164
280,-1544,-16932,-615,472,-218
196,-1364,-16940,-622,506,-202
280,-1436,-16976,-587,516,-173
272,-1368,-16808,-505,496,-114
292,-1416,-17124,-445,498,-11396
292,-1416,-17124,-445,498,-11396
292,-1416,-17124,-445,498,-11396
292,-1416,-17124,-445,498,-11396
292,-1416,-17124,-445,498,-11396
208,-,236,-1400,-16912,-393
208,-,236,-1400,-16912,-393
208,-,236,-1400,-16912,-393
232,-1436,-16916,-374,470,-111
308,-1332,-16988,-311,491,-68
292,-1332,-16772,-227,461,-12
196,-1380,-16904,-257,482,-63
96,-1520,-16920,-318,495,-56
208,-1388,-16944,-316,498,-102
308,-1404,-16912,-325,528,-69
244,-1424,-16964,-334,523,-120
304,-1392,-16904,-382,499,-108
168,-1308,-16964,-370,451,-106
324,-1424,-16952,-334,476,-59
168,-1316,-16772,-357,470,-81
332,-1396,-16860,-339,467,-72
288,-1392,-16948,-359,459,-60
204,-1384,-16984,-347,449,-71
276,-1444,-16988,-296,484,-76
280,-1404,-16912,-346,503,-71
292,-1368,-16824,-308,477,-93
156,-1424,-17072,-270,530,-92
256,-1404,-16984,-239,598,-120
272,-1460,-16784,-277,592,-121
324,-1576,-16764,-340,546,-130
260,-1500,-16748,-461,462,-163
328,-1324,-16916,-492,376,-125
372,-1280,-16900,-440,349,-27
120,-1452,-16956,-270,348,77
248,-1376,-16912,-326,314,70
120,-1408,-17008,-323,372,51
84,-1416,-16924,-343,425,-34
104,-1560,-16896,-386,460,-77
120,-1356,-16900,-532,536,-209
128,-1548,-16824,-489,544,-162
284,-1344,-17084,-542,534,-234
216,-1276,-16948,-410,534,-169
188,-1276,-16736,-355,508,-160
160,-1320,-17004,-306,485,-113
168,-1380,-16968,-262,478,-52
272,-1300,-16876,-302,520,-93
224,-1428,-17088,-331,531,-107
356,-1384,-16892,-335,525,-81
240,-1248,-16872,-346,510,-76
344,-1328,-16932,-337,474,-62
160,-1308,-17044,-337,480,-113
260,-1276,-17144,-269,544,-104
304,-1412,-16860,-310,504,-105
304,-1392,-16988,-283,537,-61
200,-1496,-16964,-379,517,-104
280,-1380,-16900,-368,513,-129
300,-1388,-16924,-374,495,-95
200,-1372,-16928,-356,490,-80
340,-1424,-16928,-331,436,-71
300,-1396,-16968,-346,469,-82
296,-1360,-16952,-350,461,-64
188,-1432,-16948,-392,436,-83
204,-1344,-16988,-386,478,-82
268,-1420,-16924,-398,485,-115
328,-1224,-16976,-360,488,-94
256,-1372,-16908,-345,494,-77
300,-1284,-16752,-305,475,-80
208,-1368,-16884,-277,486,-75
196,-1404,-16912,-316,476,-68
188,-1404,-16920,-365,476,-84
352,-1304,-17076,-404,464,-81
204,-1340,-16892,-334,471,-76
216,-1420,-16944,-308,489,-41
232,-1332,-16988,-357,496,-95
248,-1432,-16892,-313,506,-111
344,-1248,-16776,-325,500,-98
320,-1320,-16948,-310,458,-69
276,-1232,-16924,-265,447,-66
372,-1456,-16868,-301,477,-36
308,-1468,-16860,-324,472,-62
264,-1456,-17008,-369,470,-82
268,-1404,-16816,-399,477,-99
184,-1392,-16864,-385,486,-89
352,-1232,-17004,-363,463,-83
184,-1384,-17008,-345,447,-85
348,-1468,-17068,-350,474,-82
372,-1276,-16924,-306,483,-81
224,-1372,-16952,-289,492,-71
284,-1348,-16908,-261,523,-72
348,-1424,-16872,-349,497,-98
172,-1392,-16764,-318,501,-75
260,-1276,-16852,-388,477,-85
288,-1368,-16960,-349,464,-77
356,-1272,-17004,-362,418,-51
228,-1296,-16960,-348,451,-73
272,-1372,-16836,-357,421,-89
336,-1268,-16976,-338,436,-67
184,-1400,-16844,-339,464,-55
212,-1380,-17000,-338,488,-71
264,-1424,-16900,-401,502,-95
184,-1292,-16896,-390,475,-115
324,-1236,-16956,-370,466,-90
304,-1260,-16768,-267,493,-66
264,-1272,-16876,-264,497,-66
140,-1416,-16964,-279,546,-108
220,-1364,-17048,-276,487,-57
248,-1352,-16952,-67,470,36
176,-1276,-17016,-190,497,-46
344,-1308,-16948,4,476,101
308,-1456,-16876,47,449,72
380,-1444,-16972,48,466,147
208,-1700,-16912,-77,427,91
140,-1676,-16908,-264,444,-27
224,-1628,-16864,-434,445,-126
200,-1372,-16904,-438,487,-133
288,-1400,-16884,-474,475,-139
240,-1556,-16976,-374,496,-88
284,-1372,-16776,-362,453,-72
224,-1456,-16832,-344,476,-69
244,-1456,-16900,-285,459,-75
272,-1492,-16972,-370,475,-70
260,-1532,-16916,-391,478,-106
224,-1512,-17104,-387,464,-87
208,-1384,-16964,-391,482,-109
228,-1392,-16964,-389,497,-101
228,-1448,-16912,-293,480,-66
252,-1368,-16872,-351,503,-72
140,-1428,-17104,-269,519,-79
316,-1524,-16848,-290,516,-94
344,-1492,-16844,-345,499,-87
244,-1472,-16880,-389,461,-95
316,-1464,-16924,-382,439,-70
304,-1424,-16964,-339,457,-65
252,-1540,-17084,-393,426,-62
268,-1460,-16852,-328,442,-19
252,-1448,-16860,-389,470,-92
204,-1536,-16940,-385,481,-97
244,-1480,-16888,-373,488,-102
232,-1368,-17028,-360,491,-109
188,-1456,-16868,-296,487,-89
236,-1396,-16900,-252,495,-95
268,-1368,-16844,-247,483,-34
300,-1468,-16804,-296,496,-43
236,-1436,-16984,-399,468,-114
244,-1568,-16872,-359,459,-96
240,-1424,-16848,-384,479,-64
160,-1492,-16888,-394,507,-73
308,-1396,-16904,-371,502,-99
268,-1416,-17012,-396,466,-69
232,-1436,-17104,-353,465,-82
264,-1460,-16864,-339,504,-111
200,-1420,-17084,-330,482,-84
336,-1524,-17012,-346,452,-69
264,-1508,-16856,-340,463,-90
268,-1484,-16896,-331,429,-74
164,-1524,-16800,-326,465,-75
228,-1420,-17036,-331,470,-57
240,-1492,-16880,-319,501,-82
268,-1464,-16952,-328,512,-102
280,-1472,-16816,-355,499,-117
232,-1448,-16940,-349,524,-94
364,-1436,-16908,-320,509,-87
424,-1300,-16928,-238,483,-41
248,-1560,-16864,-259,460,-33
200,-1560,-16852,-350,462,-59
248,-1660,-16960,-369,478,-117
232,-1464,-16860,-424,471,-120
188,-1512,-16944,-417,486,-109
292,-1408,-16920,-397,456,-98
268,-1352,-16984,-353,472,-73
268,-1404,-16900,-311,450,-45
232,-1368,-16952,-265,484,-22
272,-1456,-16948,-304,514,-51
208,-1552,-16984,-306,472,-76
248,-1476,-16996,-346,501,-67
268,-1456,-17064,-373,484,-87
204,-1468,-16984,-383,499,-98
240,-1416,-17044,-343,486,-109
248,-1496,-17028,-349,483,-85
268,-1412,-17008,-323,486,-108
296,-1476,-16932,-289,466,-43
244,-1464,-16896,-328,484,-58
304,-1544,-16792,-322,454,-80
268,-1540,-16924,-319,471,-59
232,-1480,-17076,-301,475,-73
288,-1464,-16908,-340,467,-89
216,-1448,-16964,-362,485,-92
268,-1440,-16892,-332,494,-81
332,-1400,-16904,-344,485,-85
232,-1420,-16996,-324,465,-91
332,-1512,-16912,-329,463,-92
196,-1556,-17024,-340,483,-78
232,-1444,-16876,-298,467,-39
264,-1500,-16824,-302,484,-45
288,-1420,-16896,-377,478,-104
300,-1396,-17040,-338,476,-80
204,-1404,-17036,-360,489,-97
284,-1484,-16888,-351,527,-125
384,-1492,-16948,-317,524,-105
388,-1480,-16832,-336,514,-106
272,-1404,-16944,-314,524,-97
284,-1476,-16872,-356,468,-73
264,-1412,-16908,-359,409,-45
