-13428,1108,-9544,-1071,-513,-80
-13428,1096,-9548,-1069,-506,-98
-13528,1084,-9616,-1066,-511,-115
-13516,1008,-9612,-1069,-512,-95
-13452,1004,-9616,-1075,-491,-105
-13428,972,-9632,-1056,-504,-112
-13384,1080,-9560,-1053,-488,-121
-13528,964,-9536,-1057,-536,-115
-13496,1020,-9556,-1060,-528,-113
-13596,1060,-9660,-1057,-511,-96
-13440,1040,-9620,-1061,-491,-93
-13444,1016,-9544,-1062,-520,-85
-13456,1076,-9700,-1071,-518,-87
-13396,1152,-9580,-1086,-509,-108
-13404,1064,-9560,-1065,-510,-69
-13468,1180,-9616,-1062,-503,-94
-13468,1064,-9552,-1062,-496,-114
-13452,1132,-9420,-1071,-538,-112
-13476,1028,-9620,-1060,-515,-111
-13424,940,-9540,-1061,-521,-93
-13464,1092,-9416,-1057,-519,-83
-13528,1064,-9656,-1060,-495,-96
-13524,1112,-9588,-1071,-527,-100
-13448,1052,-9556,-1076,-520,-88
-13552,968,-9620,-1065,-528,-114
-13496,1036,-9628,-1066,-517,-80
-13492,1108,-9556,-1087,-524,-88
-13376,1128,-9616,-1066,-514,-90
-13448,936,-9604,-1046,-519,-80
-13516,1048,-9608,-1062,-500,-104
-13420,980,-9808,-1079,-504,-73
-13400,1036,-9676,-1090,-515,-77
-13408,1040,-9572,-1058,-524,-87
-13500,1088,-9576,-1054,-533,-97
-13428,1144,-9548,-1029,-481,-106
-13464,1052,-9652,-1060,-501,-108
-13544,976,-9480,-1062,-535,-108
-13472,1016,-9656,-1052,-510,-102
-13432,1120,-9492,-1079,-48,-13324
-13432,1120,-9492,-1079,-48,-13324
-13432,1120,-9492,-1079,-48,-13324
-13432,1120,-9492,-1079,-48,-13324
-13432,1120,-9492,-1079,-48,-13324
-13432,1120,-9492,-1079,-48,-13324
-13504,944,-9508,-1073,-510,-94
-13396,1052,-9468,-1067,-472,-108
-13460,1144,-9496,-1082,-509,-97
-13368,1000,-9496,-1076,-505,-99
-13504,1068,-9472,-1069,-502,-100
-13376,988,-9628,-1070,-515,-96
-13428,1052,-9384,-1063,-510,-113
-13564,1000,-9452,-1047,-520,-115
-13336,1184,-9576,-1054,-495,-87
-13480,1092,-9540,-1067,-499,-101
-13484,1060,-9520,-1063,-516,-90
-13436,1076,-9548,-1071,-492,-103
-13432,1100,-9596,-1062,-492,-104
-13480,1004,-9600,-1050,-516,-110
-13432,1016,-9620,-1062,-515,-95
-13464,1104,-9624,-1039,-528,-75
-13464,1084,-9548,-1054,-549,-92
-13416,1096,-9616,-1065,-523,-88
-13356,1116,-9472,-1071,-502,-90
-13420,1100,-9528,-1082,-526,-106
-13576,1032,-9620,-1068,-527,-106
-13548,1004,-9524,-1042,-497,-80
-13600,1136,-9400,-1063,-502,-94
-13360,1064,-9696,-1063,-518,-101
-13448,1052,-9536,-1049,-515,-104
-13536,1076,-9512,-1057,-511,-114
-13372,1116,-9512,-1057,-518,-101
-13496,1084,-9612,-1058,-491,-94
-13432,1016,-9592,-1060,-511,-95
-13412,1172,-9648,-1061,-488,-88
-13436,1088,-9632,-1042,-509,-95
-13512,988,-9624,-1059,-504,-94
-13404,1024,-9612,-1057,-500,-101
-13368,1184,-9616,-1066,-526,-81
-13468,1088,-9608,-1058,-515,-89
-13416,1076,-9652,-1051,-512,-93
-13416,1040,-9536,-1067,-512,-80
-13624,1076,-9632,-1083,-494,-95
-13448,1108,-9600,-1073,-510,-100
-13484,984,-9572,-1065,-501,-99
-13488,1148,-9632,-1067,-506,-78
-13452,1176,-9588,-1041,-488,-104
-13528,1012,-9648,-1060,-512,-105
-13508,1068,-9488,-1058,-505,-87
-13452,1096,-9540,-1082,-519,-97
-13360,1056,-9412,-1071,-506,-77
-13424,1004,-9664,-1054,-526,-96
-13584,1056,-9524,-1056,-523,-90
-13396,1052,-9624,-1049,-504,-89
-13544,1072,-9688,-1039,-536,-114
-13392,1068,-9524,-1078,-531,-117
-13412,1144,-9552,-1076,-492,-64
-13348,972,-9612,-1065,-489,-100
-13428,1044,-9516,-1061,-505,-106
-13400,1080,-9528,-1080,-504,-77
-13560,1116,-9588,-1066,-510,-74
-13344,1132,-9600,-1064,-508,-94
-13400,1056,-9532,-1065,-510,-88
-13508,1112,-9572,-1066,-524,-98
-13436,1056,-9560,-1053,-521,-107
-13544,1040,-9616,-1048,-511,-107
-13572,984,-9540,-1077,-497,-83
-13480,1092,-9528,-1069,-477,-90
-13496,1088,-9588,-1072,-498,-79
-13400,1088,-9620,-1076,-513,-93
-13488,1096,-9680,-1063,-512,-87
-13588,980,-9680,-1053,-528,-93
-13576,1136,-9628,-1071,-489,-119
-13440,984,-9568,-1066,-518,-117
-13476,996,-9620,-1056,-511,-75
-13416,1064,-9548,-1071,-505,-107
-13548,1132,-9652,-1065,-513,-65
-13432,1052,-9636,-1077,-498,-108
-13576,1092,-9604,-1080,-500,-83
-13448,1040,-9600,-1053,-505,-117
-13420,1088,-9488,-1063,-549,-91
-13492,1140,-9656,-1071,-521,-99
-13500,1004,-9580,-1085,-518,-109
-13376,1168,-9684,-1044,-529,-112
-13424,1092,-9500,-1056,-503,-89
-13424,1072,-9528,-1071,-526,-86
-13424,1092,-9604,-1089,-509,-80
-13400,1072,-9660,-1069,-509,-82
-13548,1032,-9580,-1069,-512,-101
-13440,1156,-9580,-1061,-483,-78
-13456,1064,-9548,-1047,-504,-113
-13436,1132,-9420,-1058,-509,-111
-13376,1060,-9544,-1061,-510,-91
-13520,1108,-9532,-1068,-504,-82
-13524,1076,-9552,-1065,-512,-62
-13560,1096,-9716,-1076,-498,-89
-13532,1092,-9484,-1071,-502,-85
-13416,1032,-9532,-1064,-548,-111
-13532,1092,-9484,-1055,-525,-116
-13488,1004,-9628,-1067,-530,-93
-13424,1012,-9528,-1060,-522,-107
-13308,996,-9488,-1087,-506,-88
-13428,1280,-9524,-1032,-622,-114
-13504,1196,-9684,-1237,-365,99
-13456,660,-9376,-936,-622,-326
-13516,960,-9576,-1164,-373,48
-13516,1224,-9500,-1079,-491,-16
-13532,936,-9568,-1083,-509,-66
-13356,1152,-9560,-1073,-489,-80
-13480,1060,-9388,-1034,-557,-169
-13372,1048,-9500,-1084,-491,-86
-13468,1080,-9640,-1069,-540,-102
-13380,1080,-9620,-1032,-556,-141
-13536,1120,-9564,-1065,-496,-131
-13456,896,-9508,-1061,-513,-112
-13512,1048,-9536,-1062,-508,-75
-13536,972,-9676,-1087,-496,-117
-13432,1076,-9572,-1053,-520,-120
-13524,1072,-9592,-1078,-512,-77
-13360,1136,-9460,-1047,-503,-101
-13432,1024,-9496,-1056,-502,-116
-13436,920,-9576,-1065,-514,-103
-13432,1140,-9516,-1085,-520,-101
-13500,1188,-9560,-1074,-507,-100
-13404,1088,-9580,-1065,-511,-96
-13504,1128,-9500,-1049,-492,-93
-13480,1128,-9520,-1073,-491,-95
-13508,1092,-9556,-1071,-488,-97
-13524,1012,-9476,-1076,-531,-100
-13568,952,-9492,-1071,-503,-110
-13640,1072,-9524,-1064,-526,-86
-13452,1080,-9532,-1071,-498,-85
-13480,1064,-9560,-1060,-527,-94
-13340,1100,-9520,-1040,-529,-118
-13568,1064,-9608,-1053,-537,-106
-13436,1060,-9596,-1056,-508,-96
-13492,1012,-9468,-1059,-480,-102
-13492,1104,-9432,-1053,-487,-107
-13396,996,-9540,-1065,-517,-78
-13364,1168,-9460,-1057,-504,-116
-13528,1068,-9668,-1042,-529,-134
-13464,1104,-9616,-1024,-520,-127
-13452,1096,-9464,-1030,-536,-115
-13544,996,-9616,-1072,-488,-77
-13480,1036,-9668,-1111,-494,-22
-13412,1072,-9556,-1102,-520,-65
-13488,1068,-9608,-1090,-491,-80
-13452,1064,-9576,-1067,-510,-78
-13412,1116,-9604,-1030,-522,-108
-13528,1084,-9528,-1052,-486,-107
-13432,1020,-9480,-1035,-494,-109
-13416,1036,-9604,-1061,-543,-122
-13520,968,-9576,-1094,-497,-77
-13468,1032,-9548,-1067,-536,-93
-13524,1088,-9532,-1063,-515,-88
-13480,1124,-9612,-1052,-512,-111
-13552,1000,-9704,-1043,-519,-127
-13440,1112,-9456,-1067,-505,-101
-13412,1084,-9676,-1068,-531,-126
-13516,1124,-9560,-1077,-518,-99
-13376,1084,-9488,-1069,-505,-67
-13420,1172,-9680,-1078,-510,-90
-13424,1104,-9464,-1066,-518,-96
-13364,1140,-9668,-1075,-497,-97
-13508,1068,-9620,-1060,-494,-104
-13380,1040,-9644,-1056,-528,-104
-13372,1192,-9516,-1068,-509,-98
-13368,1156,-9572,-1048,-514,-74
-13568,1120,-9560,-1058,-513,-107
-13388,1132,-9584,-1078,-512,-107
-13480,1092,-9580,-1077,-520,-106
-13476,1044,-9596,-1060,-518,-89
-13416,1000,-9636,-1076,-512,-94
-13444,1032,-9656,-1041,-503,-101
-13384,1108,-9512,-1036,-524,-128
-13456,1116,-9480,-1063,-534,-90
-13412,1160,-9672,-1068,-506,-94
-13392,1072,-9556,-1081,-514,-69
-13592,1212,-9620,-1062,-483,-106
-13688,996,-9504,-1044,-525,-103
-13592,1108,-9584,-1073,-513,-110
-13536,1056,-9592,-1086,-504,-107
-13412,1080,-9700,-1066,-484,-98
-13520,1164,-9684,-1043,-506,-92
-13284,1044,-9720,-1044,-492,-119
-13388,1104,-9432,-1080,-520,-97
-13448,1116,-9568,-1059,-530,-102
-13412,1156,-9564,-1075,-515,-91
-13472,1084,-9540,-1068,-506,-77
-13480,1016,-9636,-1065,-509,-107
-13432,1032,-9584,-1066,-496,-106
-13384,1076,-9624,-1067,-496,-130
-13452,1080,-9620,-1066,-515,-111
-13528,1036,-9588,-1057,-496,-84
-13580,1132,-9604,-1061,-494,-74
-13524,1020,-9632,-1083,-509,-87
-13388,1056,-9584,-1053,-513,-86
-13324,1076,-9512,-1066,-508,-97
-13480,1148,-9588,-1060,-507,-112
-13428,1140,-9656,-1079,-528,-89
-13388,1216,-9588,-1067,-528,-83
-13444,1112,-9604,-1054,-523,-103
-13440,1104,-9664,-1053,-506,-121
-13408,1064,-9668,-1047,-507,-114
4668,6960,-16248,-126,45,22
4656,6968,-16200,-126,36,-4
4504,6996,-16308,-148,-17,1
4604,6968,-16132,-142,102,29
4768,6912,-16252,-132,75,39
4632,7024,-16252,-108,174,96
4656,6872,-16204,-143,110,52
4960,6872,-16100,-124,11,32
4516,6984,-16352,-155,-42,-14
4588,6888,-16112,-81,123,77
4624,6724,-16220,-158,-32,4
4596,7024,-16208,-171,57,-8
4796,6952,-16020,-191,62,-17
4960,6632,-16096,-378,-221,-194
4868,7004,-16148,-520,-433,-330
4432,7180,-16024,-225,-432,-285
4312,7144,-16260,-153,-443,-290
4452,6784,-16284,-417,-167,-217
4352,7232,-16088,-469,-141,-197
4164,7108,-16380,-280,-209,-360
4500,6900,-16216,-283,-95,-272
4260,7016,-16396,-438,-116,-278
4336,7012,-16212,-622,-2,-308
4144,7304,-16320,-555,18,-199
4276,7360,-15976,-316,-20,-79
4252,7228,-16216,31,-122,-70
4380,7268,-16116,377,-262,-106
4152,7316,-16496,900,-379,-17
4244,7312,-16296,967,-358,-17
4100,6552,-16484,500,-190,19
4132,7120,-16260,84,11,122
4172,6828,-16440,30,7,126
4136,6816,-16452,-53,-59,-56
4104,6824,-16392,-216,10,-164
4280,6536,-16476,-821,176,-393
4596,5748,-16620,-1574,342,-474
6520,5856,-20876,-10128,237,-3009
2388,8744,-22248,-19069,3929,-3909
2308,16868,-13140,-21919,6966,-4269
12560,22456,-14520,226,6798,-2977
5652,10260,-11216,10241,-5058,7374
5044,4748,-9476,8081,1766,10837
5228,2352,-8916,1849,373,8298
2524,2384,-9656,-2716,142,4757
1696,2720,-10460,-3755,4992,2167
2644,5984,-12284,-2592,6724,-1164
2628,8628,-12672,1434,5295,-3819
4476,10236,-11560,3211,1439,-3402
3368,10184,-11148,35,-1749,-3391
32767,32767,-32768,-5703,-8436,-1656
5276,17396,-25120,16960,-14038,13261
-604,-5916,-17984,-1726,-5858,-6907
8752,8616,-14488,-2618,3876,-1583
4840,9064,-13972,1882,-2237,1672
6804,4584,-17184,4608,-3860,-1318
644,5980,-18032,421,-569,-496
5412,7164,-15944,-1061,913,405
4240,7404,-15988,-75,-231,-139
3644,7084,-16500,92,5,76
4324,6536,-16524,-498,312,73
4688,6256,-16804,-1663,528,-155
4984,5428,-19856,-6773,-298,-1345
1924,8572,-19284,-13458,894,-1631
4252,9844,-16592,-14088,1313,442
1340,13164,-10512,-12418,882,-98
2392,18236,-13120,899,8190,-4349
5744,11928,-11804,10978,8633,-2071
7432,8556,-11352,9044,1708,2603
6212,6160,-11584,3273,-1878,5306
5128,5992,-12644,-2064,-2203,5205
4876,6132,-12968,-1819,-1035,4236
4136,5280,-12516,-663,-987,2664
2836,5152,-12288,-478,-344,672
2852,6844,-11564,-23,195,-1834
1620,7572,-11340,-1494,1860,-3674
-10376,-21672,-13700,23528,-15868,10590
-5364,-4492,-20076,-7371,-1976,-3060
11600,8668,-13108,-2372,6338,-1922
3944,9784,-15016,2771,-1890,660
4432,4692,-17964,2016,-3764,-1901
3776,7128,-16620,-715,1066,518
4888,7460,-15896,-11,7,34
4460,6876,-16344,374,-771,-432
3128,7032,-16744,-109,-62,-125
4168,7048,-16124,-250,267,131
4044,6800,-16048,-100,117,-97
5452,5536,-17228,-2218,489,-930
4912,5600,-22276,-10661,-434,-3740
2792,9840,-20548,-18758,4601,-6070
3908,10228,-14352,-17847,7837,-7026
-2660,14432,-7288,-9802,16974,-5871
8800,14264,-9908,9453,8398,323
5128,9748,-8584,13080,587,10176
5040,5736,-8424,6719,-1967,11854
3716,5468,-9808,-2848,-7385,6118
1532,8948,-12784,-6040,-405,304
4364,9196,-13328,-2285,5875,-3293
7464,6820,-12584,-906,1336,-2017
5860,11548,-13904,3242,-5936,2401
4780,8248,-11604,15402,-21194,10076
724,10388,-26144,21641,-12353,12063
-9864,14548,-18240,-1356,5580,-1557
6500,8344,-13376,-1074,406,2059
6776,6064,-14964,1162,-2228,-786
2024,7340,-17228,-309,59,-114
4600,7188,-16212,-660,743,347
4812,7372,-15900,-190,21,-21
4272,7100,-16368,100,-469,-322
4052,7188,-16212,-188,4,-77
4436,7204,-16116,-104,-39,-133
4712,6820,-16248,-116,-295,-478
5124,5852,-17956,-2836,705,-1154
4232,7680,-18180,-7870,797,-2163
3748,8348,-18520,-11070,3068,-2421
4484,10736,-16324,-11692,5214,-3196
2664,19604,-15260,-1045,11793,-10557
8328,9296,-11948,8320,7982,-5968
6764,5892,-11984,3677,5766,1742
5108,6192,-12588,2751,1945,4030
2820,4700,-12540,2112,1580,3284
2896,5432,-12440,975,2524,1778
2848,6940,-13208,1299,1467,140
2916,7676,-11828,3067,448,-1228
3036,8144,-12440,794,-165,-3395
3380,9376,-12012,-1149,-231,-6395
-5300,1332,-11900,12626,-18798,11298
11628,-10468,-17352,1045,-6523,-3676
8380,8884,-15560,-2393,2892,-1128
6248,7588,-14296,496,-107,1213
6212,6412,-15636,2355,-1990,-510
2168,5948,-17628,601,-332,-94
4856,7388,-15900,-784,778,358
4900,7084,-15976,128,-342,-181
3584,6864,-16536,71,-164,-144
4300,6936,-16316,-647,422,50
4712,6376,-16160,-979,292,-415
5752,5040,-20564,-6351,191,-2209
2432,7552,-19612,-14367,1683,-5471
4604,10608,-16724,-14963,6568,-5809
2024,12616,-13004,-11570,10429,-4117
7320,16720,-10972,-1381,11811,-4251
4520,12308,-12232,9841,1237,6316
3620,7760,-11804,10335,3227,8772
3264,5324,-11916,6243,-726,3951
1524,8144,-14740,3853,2948,-1736
6296,5792,-13544,7528,7078,-4830
6824,5804,-13944,5676,1161,-6647
4936,6596,-14148,8007,4159,-6869
5596,4864,-12768,5362,2936,-8590
6324,6852,-12912,2996,1305,-7634
32767,32767,-26508,5514,-23870,-5114
2444,13176,-23612,1501,-6355,-3396
9140,8452,-13660,-2703,3986,2214
4304,8408,-15180,56,-3273,2531
4760,7360,-16564,870,-2667,-1182
3136,6484,-17240,-887,724,141
5156,7312,-15856,-1244,940,-89
4384,7476,-15852,-261,307,-626
3956,7348,-16040,239,73,262
4576,6480,-16768,-911,485,-89
4336,7084,-16592,-2137,878,-652
4792,6544,-17344,-4176,1037,-1376
5308,7200,-17824,-7068,1744,-3180
5652,8808,-17128,-9088,5669,-5646
4472,10524,-16012,-9173,10001,-6638
8640,11648,-11452,-7886,10277,-2683
7748,16376,-14244,-3961,2998,4621
4348,9824,-14548,5301,3949,6112
3308,6900,-12484,4358,2641,2408
4868,8668,-12532,3306,3146,-319
5756,7668,-11224,3253,1366,612
4508,7416,-10428,923,-428,44
4748,7212,-10448,-643,-577,-1051
3908,7080,-11832,-1223,-2464,-2117
2024,6604,-11364,-1884,-4501,-4755
6224,11776,-17104,21961,-26290,11221
384,9316,-17344,10794,-11406,9343
3588,4064,-21232,2212,-1011,-547
3220,7524,-15896,-1246,293,-2085
4084,8180,-15028,536,-289,-717
3844,8072,-15696,2377,-49,-103
5040,6920,-16344,2269,450,-198
4280,6028,-17500,483,2957,-2940
4944,6940,-16244,-409,6257,-6192
4880,8236,-15768,83,5861,-5366
5492,7912,-15104,930,5168,-3938
5620,7752,-15480,359,3265,-1958
4832,7072,-18268,-3503,316,-1074
5568,8056,-18132,-6946,2549,-3189
5980,9672,-16568,-8030,8441,-5070
14744,13460,-11192,-6743,9549,-3509
6992,9604,-12172,-356,2714,7465
3248,8088,-14028,-2755,6323,4245
3636,8084,-14476,-1252,3346,1519
3180,8760,-13796,612,380,781
4624,8440,-12604,888,-683,-1051
4816,8232,-11396,283,103,-2136
5908,7748,-12312,-299,362,-3333
4848,8048,-13788,2689,2463,-4048
3696,5812,-12608,5522,1181,-7172
7056,6240,-11944,5435,1931,-8590
7032,9612,-10908,4688,-942,-4464
-2740,11484,-8584,13079,-7415,8148
5568,5736,-20884,8545,-8298,4085
6792,5016,-16148,-686,-946,-1780
6500,7856,-13452,-293,-640,234
6460,7148,-15000,1451,-1568,-226
3636,7064,-16868,897,-488,-142
5172,6792,-16464,-821,1111,245
5264,7440,-15392,-930,1408,252
5692,7252,-15508,-483,931,166
5316,7136,-15728,-645,931,-105
5768,7108,-15788,-1042,905,-370
5876,7216,-15808,-1290,1216,-1090
5208,6780,-17884,-4153,1138,-2120
6036,7840,-17156,-6983,4546,-3749
5868,9296,-15724,-7367,7463,-4127
6608,12268,-12388,-6160,10576,-3231
6424,12176,-14324,1066,3239,2298
5176,7456,-12540,-503,3499,2888
5760,7368,-13008,634,2685,-334
7096,6936,-10960,1743,1390,1547
5524,7400,-10712,1721,472,2176
5980,6908,-10884,-17,1073,-689
5852,8120,-10376,-894,94,-310
5620,6980,-9240,-5815,136,-1783
-8096,1848,-15284,8087,-20578,11982
7664,7236,-17284,2282,-7156,4764
10136,7800,-14504,1475,-1855,811
7136,8108,-14232,1907,1687,-3270
5952,8652,-14132,2853,2399,-3901
5212,8928,-14612,3253,1979,-2231
6316,8844,-14184,2997,-465,143
6684,7924,-15376,2286,-871,1082
6764,7236,-15512,1289,-383,326
6192,7608,-15212,720,208,-147
6504,7872,-15032,318,-69,145
6396,7964,-14864,327,-179,732
6092,8024,-15468,669,940,867
6420,7704,-15692,876,1652,727
6552,8068,-16884,-845,1777,912
6440,8964,-15212,-2576,3416,1872
10860,14348,-16468,-2084,-1384,1204
10256,9308,-14524,-3213,1634,3126
9000,8296,-14744,-3939,2722,3260
7244,6000,-14632,-4388,3766,2292
5544,5380,-13708,-3675,2410,2371
5420,4568,-12576,-3286,222,1019
5092,5520,-11756,-2179,762,-717
5536,5444,-10940,-1493,527,-589
5040,7396,-11384,-56,604,-2808
5112,7348,-11328,-641,1029,-4248
4840,9676,-12328,1547,-1066,-6601
4440,9172,-11340,36,-2813,-8597
32767,32767,-29900,-3462,-26717,4176
5396,12520,-17432,6528,-14623,7279
8824,8848,-18880,1908,-3212,-1601
4068,8828,-15368,439,-204,-4131
2144,9188,-15156,1503,-2318,-208
6572,7756,-15628,1365,-1135,51
4012,8368,-16156,93,-280,-446
5100,8316,-15264,-290,94,102
5136,8508,-14676,282,40,164
5308,8300,-15328,777,-31,-14
4952,8548,-15304,949,54,123
5052,8196,-15480,954,232,-204
4740,8056,-15536,1438,854,-310
5836,7636,-15576,2006,2528,-2009
5324,7212,-15912,1716,4299,-4220
4900,7596,-16272,-14,4844,-3714
4952,8120,-17572,-3884,5333,-1872
5684,9644,-16832,-2810,8322,-2846
5708,11732,-12404,155,11427,-4066
9424,10432,-12596,2157,1509,5857
7392,10608,-15972,741,1807,8914
4264,6568,-10888,-327,1857,5330
6360,4432,-12020,-2943,913,217
6572,4056,-12368,-2863,-679,1309
3332,544,-11424,-3468,-923,-1805
3724,1924,-10756,-7208,-1525,-7882
8020,10136,-8028,-17692,-1231,-6042
24436,14904,-11252,8797,-1852,3101
2012,7544,-18560,1852,-4132,3380
5220,8528,-15996,1002,-1490,-822
3268,10144,-13496,3007,-938,-629
6184,8932,-15252,5314,-1820,2630
6668,6824,-17288,3612,-1020,457
4500,7804,-16328,784,34,-250
5056,8492,-15064,1138,603,989
5164,7804,-15696,2790,1804,346
5500,6816,-16896,1329,807,147
5624,7404,-16176,-750,2682,1163
6520,6888,-15572,-1285,2781,463
7036,6248,-15932,-3650,2285,-163
6260,7800,-17388,-6398,3675,-1109
4956,8692,-16080,-5379,7981,-1865
1408,12884,-12432,-1640,11763,-9024
9652,13352,-15332,1356,-1588,-3692
4856,8168,-13184,-983,-5177,5787
4768,8296,-14272,258,-5582,613
7396,4972,-13828,-48,-3633,-718
7488,4608,-12556,-753,-780,-4407
8988,6900,-13616,-138,1636,-5658
7472,6340,-11764,-1415,2570,-4161
6216,8532,-13000,1220,3620,-5664
6668,7688,-11436,1962,1813,-3489
8404,14112,-12940,5829,-1004,1186
6040,10044,-16832,4488,-3450,802
6592,8900,-15512,3147,-2123,766
5212,8764,-15940,2344,-1927,49
5016,7800,-16024,1678,-1219,-423
5008,8248,-15808,1100,-698,-33
5128,7968,-15244,911,-772,-140
6088,8200,-15344,1594,-713,394
4068,7668,-16216,1042,-327,-163
5424,7364,-15632,378,19,280
3956,7832,-15956,235,312,-169
4872,8012,-15772,658,541,641
4432,6940,-16616,-210,412,-68
5040,6932,-16740,-1566,977,-113
6032,7688,-17636,-3596,2760,-947
3980,8940,-15856,-4421,4307,-1217
7404,14424,-19076,-2832,-311,1119
8096,8236,-17616,-2078,-2549,7916
4564,7072,-14532,-1569,56,5186
6092,7680,-12600,-1408,-918,3756
4916,6584,-8528,-3956,-1620,4443
4684,4500,-7544,-9557,-32,-140
3796,6416,-8316,-13095,-323,-1519
2900,11644,-13392,-14363,-2165,-2168
7568,25520,-28084,15065,-7196,2164
9164,12248,-15424,7749,-7072,2480
7448,7824,-15908,5096,-745,-628
5608,9404,-14108,4271,1894,-4131
4148,10332,-13724,5341,298,-4358
2736,10472,-15160,6364,-2025,-226
5936,7708,-16908,5169,-1637,1700
5656,7708,-16512,1626,-955,-434
3588,8496,-15268,906,-781,-83
5060,8520,-15228,1470,-778,743
4860,8060,-15536,1799,-485,228
3928,7316,-16492,1153,-138,254
4576,7440,-16332,-716,222,326
5148,7728,-15492,-1086,26,-482
4808,7856,-15720,-1201,-387,-1067
4072,7680,-17108,-2927,-558,-1234
4176,8144,-17472,-6382,195,-1573
5084,10148,-15932,-6486,3735,-2453
7400,11716,-12284,-6003,4189,562
5120,9696,-15664,-2619,3348,6498
4996,7460,-15464,-1783,2388,5012
4272,7096,-14524,194,1635,4402
4216,8176,-12548,1593,497,1692
4348,7452,-10156,-69,1677,-628
3508,8880,-11344,-2559,2063,-2431
3240,9724,-12400,-269,3080,-4077
3092,8644,-13504,-1107,-411,-3688
1332,9248,-13616,1960,-405,-6619
11228,12460,-15308,5097,-4581,5686
8896,10252,-16472,3181,-3034,3852
7720,8216,-14940,768,-51,-582
4352,8976,-14792,552,103,-1014
4088,9080,-14676,1093,-751,705
5664,8828,-14704,1710,-1250,638
5104,8428,-15152,2032,-1101,-340
4340,8580,-15364,2356,-931,447
5300,8196,-15436,2638,-794,311
4868,7800,-15880,2192,-555,97
4468,7868,-15900,1419,-98,295
4748,7384,-16092,1180,-54,-257
5244,6648,-16872,-714,542,-1287
5788,6876,-18056,-5576,1282,-3394
4972,9944,-17992,-9096,4037,-5378
5636,13952,-12956,-7290,6403,-4746
8324,15196,-15236,-1814,2061,6042
2580,8584,-14120,-2240,2056,11154
3136,8040,-15404,18,1378,3411
4416,7692,-14120,1549,1537,60
4480,7488,-13176,1469,1881,-1359
5184,4048,-11072,553,1543,-3310
4272,4416,-11756,-823,605,-3565
4520,4120,-9976,-1139,1086,-5370
5996,7480,-11260,-4812,-1396,-4208
32767,32767,-18648,-10661,-9363,4944
15232,20104,-13724,7019,-5478,3199
5184,6796,-18532,2849,201,1284
4688,8292,-15760,909,768,-1166
4916,9308,-13240,1471,-112,-691
4260,9036,-14592,2931,-1416,610
5700,8788,-15696,3336,-1482,864
5356,7484,-16660,1839,-1057,-413
4756,7952,-15592,317,-447,-161
5244,8412,-14836,718,-425,90
4396,8144,-15440,1261,-200,208
5400,7684,-15844,1283,-278,192
4804,7544,-16072,299,-355,-408
4920,7176,-16524,-1160,-321,-855
5188,7648,-17176,-4185,-142,-1932
4364,8656,-17304,-7035,1739,-3027
4404,12708,-13528,-7190,2576,-1989
5812,14968,-13072,-5943,3653,855
4884,9084,-13328,-1997,1447,8100
3980,9092,-15228,-3125,1353,6716
3612,6572,-13676,370,-411,4076
4368,5372,-11672,180,-37,115
5436,5684,-11752,113,-1449,-555
4916,5344,-12408,228,-2900,1698
2600,7568,-13432,760,-1110,-254
3580,8644,-14060,1599,-85,-4693
27432,26740,-24464,-1468,-4963,128
12888,16104,-13240,4108,-5931,3900
4308,6552,-17912,2159,-2607,1936
5404,7876,-15332,1127,-1274,-1023
3816,8604,-15452,1660,-1082,-34
4456,8160,-15680,1636,-327,447
4320,7824,-15924,1848,-396,12
4604,7780,-15756,1828,-185,137
4176,7544,-16200,1529,74,-140
4340,7484,-16268,945,130,-170
4848,7120,-16444,186,243,-954
6604,6076,-17816,-2606,-353,-2425
5864,7256,-18116,-8495,640,-6158
3944,10168,-16812,-10690,2585,-7291
4384,12796,-13788,-7245,6548,-5673
7496,14460,-15376,-648,1205,7948
1360,7492,-13228,16,4566,5101
3456,7840,-13740,970,4422,-712
4496,8564,-14244,793,1768,1119
4452,7680,-12972,2646,2306,460
3656,7168,-11076,1155,761,-1152
3328,7608,-11012,1074,1267,-2869
1968,9384,-11736,1326,1204,-6021
3968,9136,-11536,653,-1151,-4878
2236,10472,-13696,14151,-9233,8460
7912,7272,-19472,6148,-2349,2898
5228,7684,-16776,1004,-796,-842
3752,9072,-14320,1101,-119,56
5320,8964,-14248,3074,-792,1432
4864,7740,-15984,3552,-516,783
4856,7096,-16876,1928,-298,699
5240,7472,-15932,219,11,239
4828,8012,-15360,214,-64,112
4628,7672,-15564,971,-325,485
5044,6912,-16448,370,-371,-37
4484,7044,-16468,-693,-97,-367
4700,6784,-16912,-2719,-71,-760
4116,7844,-17380,-5464,165,-1290
3928,9680,-16216,-5804,1423,-676
4456,13292,-13824,-3834,4153,-34
5956,10608,-14644,-1282,2274,1267
5176,10188,-15180,-3809,2467,1953
6748,8212,-15908,-2402,1681,1689
5992,6960,-15296,-1768,1439,3935
5248,6904,-15216,-722,2284,2045
5232,6352,-13260,1089,1828,530
4776,6368,-12740,713,2128,43
3300,6456,-12328,1719,2182,-1103
2816,6912,-12436,580,2071,-3119
2716,8364,-13020,825,3244,-6845
5948,8788,-14000,1811,1776,-7647
6108,8956,-14672,2431,-673,-4751
2196,5136,-10600,5371,-1137,1665
8336,13812,-15004,1500,1077,-619
4892,9036,-14368,266,560,-452
4756,8840,-13148,1166,-1787,1737
5136,9456,-14356,2884,-3463,3745
6584,7472,-16624,4179,-2136,1663
4040,8000,-16964,2650,-1126,-70
5348,7436,-15984,1718,-891,241
4888,7116,-16036,1147,-999,-70
4332,7016,-16400,62,-590,-501
5800,6608,-17188,-1977,-963,-1365
3580,7372,-17684,-6153,-1593,-3668
3876,8464,-15516,-6170,-273,-3720
3156,9152,-15132,-5004,1274,-2797
6452,11400,-11608,-4884,2072,3819
3552,14368,-14052,-4450,5198,4633
5284,7848,-14100,-1699,2577,2399
5308,8884,-16116,-1643,2225,4070
5364,7468,-15188,308,1877,4682
3044,7284,-14080,-43,11,2437
4280,8620,-13480,1158,1603,-689
5944,7696,-12176,520,994,624
4868,7980,-12680,35,-828,1272
4164,7488,-12960,845,182,-469
5376,7836,-13396,1366,-526,-1382
16356,21224,-15540,8302,-9616,-327
6928,11568,-14576,2617,-3495,1678
6072,7796,-15780,341,-197,-234
5248,8432,-14272,374,-1394,-11
5472,8912,-14424,1260,-2765,751
5384,8432,-15688,2276,-2414,608
4784,7832,-16388,1733,-1348,12
5132,7844,-15544,1091,-936,459
5012,7448,-15708,1179,-1124,558
5040,7384,-15860,861,-575,-98
4880,7216,-16292,-371,-119,-430
5256,7508,-16092,-1655,35,-907
5032,7508,-16916,-3087,-621,-1574
4716,8300,-16852,-5244,695,-2414
6196,10472,-15228,-6035,4808,-1755
10664,14660,-12848,-5897,5181,6204
4268,7692,-13444,-2214,4484,7147
5464,8496,-16228,-3274,5167,3208
5032,6736,-15148,-563,2773,3391
4244,6588,-13144,823,1482,2618
4600,7064,-11580,1035,442,1648
3224,6676,-10452,156,-344,-997
3948,7420,-11480,-886,-472,-3480
5196,7496,-12844,-867,-2109,-2198
5284,7760,-13596,-131,-2542,-2605
-496,8592,-11656,5313,-8139,7993
6612,5732,-19316,2441,-5550,5201
8560,7160,-16040,450,1828,-265
6028,8044,-14484,-105,2060,-2408
4936,9208,-14580,671,792,-1177
5904,8900,-14008,785,-2403,1517
6192,7712,-15472,1001,-3012,2222
6152,6716,-15876,186,-2699,934
6100,6932,-16272,-1241,-1302,-1159
3660,8572,-17228,-3087,1933,-1195
4688,8980,-16628,-3519,3740,-665
7716,10260,-12772,-2306,8341,-562
5788,10344,-14260,420,1294,1349
7248,10072,-14140,-1006,1914,1835
6796,8828,-14696,-1879,2298,1721
6008,8372,-14824,-1295,2028,1424
5976,7440,-15532,-1888,2807,-562
7060,5856,-13688,-877,3649,-2243
6824,5424,-13568,683,3194,-2063
5180,3168,-11776,1539,3776,-4346
4588,5896,-11900,2405,2805,-5466
4832,7476,-11176,1210,361,-3359
1340,10896,-11532,-533,-860,-5734
3964,13452,-13168,-438,724,-6859
19440,18020,-15120,821,-7792,9098
6368,5940,-18248,1366,-4792,5053
8020,7452,-14812,1457,-130,-1453
4520,9004,-13696,2724,-1334,-2718
3784,8500,-16072,3504,-2785,369
6188,7404,-16804,1795,-2084,-128
3968,7984,-16120,248,-1271,-611
5096,8104,-15192,691,-1111,-167
4872,7816,-16020,977,-814,-247
4424,7732,-15996,22,-143,-225
4988,7944,-15372,178,-83,-33
4720,7916,-15160,1103,-274,19
5340,7192,-16204,1140,-228,-243
4360,7136,-16876,-936,792,-575
4992,6936,-17036,-2928,2477,-2259
4820,8448,-17756,-5424,5241,-3478
5664,10292,-15612,-4995,9465,-4855
10276,14408,-16288,-2303,3747,-253
5020,8968,-13564,-1140,617,6837
4036,8864,-12968,-190,1255,2870
4504,7128,-11020,-1799,29,2596
5060,6872,-10848,-2711,-1125,1534
4272,6340,-11152,-3742,-1048,-301
5448,6064,-11332,-5593,-1789,-2364
32767,28196,-29916,-10342,-12872,5106
12464,13236,-15736,5912,-6306,4909
5044,7992,-16624,3698,-3118,2564
6652,8728,-15348,2622,-1775,-887
4192,9340,-14732,3320,-1704,-525
5940,8036,-15480,3993,-1962,736
4812,7612,-16780,2874,-1373,-51
4340,7428,-16544,841,-677,-41
4576,7916,-15592,140,-296,-8
5020,7772,-15448,675,-463,64
4768,7772,-15944,947,-448,-15
4416,7292,-16104,760,-206,-51
4652,7724,-15732,1148,-391,72
4712,7472,-15940,74,24,-98
4840,7380,-16012,-256,33,-564
4240,7256,-16508,-1210,341,-839
4820,7580,-16260,-2571,1339,-2017
4208,8244,-17508,-5393,4676,-3552
5772,11220,-14208,-4357,8741,-4036
7716,10844,-13188,-4662,7418,1453
4200,10260,-16332,-1190,1540,6451
4340,7916,-15712,-2009,1624,4071
5548,6768,-14504,-89,-75,3711
5648,6564,-12456,-273,-848,3637
5584,6452,-11924,-1600,-98,1010
4408,6288,-11652,-686,594,-1585
4832,6800,-10796,-1344,41,-2476
4536,6428,-10496,-4443,-2027,-1945
17768,32767,-16640,4814,-17767,-99
7884,11360,-16972,6068,-10098,6014
7372,6940,-17456,2451,-1957,1430
5512,8124,-15416,496,-646,-1238
4520,8896,-14508,1170,-1299,52
5772,8292,-14920,1924,-1863,1148
5004,7412,-16296,1482,-1292,955
5256,7500,-16280,-71,153,73
4988,7916,-15628,-856,495,-185
5356,8064,-15028,-629,45,34
5028,7852,-15400,-475,-237,-214
5364,7748,-16120,-998,-485,-753
4964,7972,-16220,-2379,-54,-1228
4720,8320,-16304,-3472,1721,-2069
5380,9092,-15760,-3717,3864,-2411
8116,10244,-13376,-4058,4717,1288
5912,11736,-16504,-168,2613,4743
4476,8624,-14960,-1087,2646,2943
4944,8652,-14496,-772,2176,589
5856,8356,-13484,-239,1545,886
5280,6752,-11696,-1141,484,1448
4928,6864,-11812,-1490,-200,777
4096,7228,-12624,-1120,1048,-1226
3920,7608,-12556,-367,1001,-3256
4820,8868,-13076,-342,-581,-2669
4008,9220,-12364,-984,-2454,-2892
8264,11828,-13852,1892,-8282,7391
6000,6392,-18328,2431,-4047,4056
7916,7512,-15036,467,66,-1540
5012,8664,-14520,1237,2321,-3245
4892,9500,-13780,2318,203,-1536
3832,8772,-16044,2865,-1463,662
5928,7660,-16104,2220,-579,259
4840,7172,-16248,1135,362,-1048
5424,7924,-15692,-163,1403,-1442
5384,7996,-15668,-1145,960,-1101
5124,8120,-15220,-1271,782,-1372
5780,8460,-15288,-1280,854,-1879
6168,8492,-15324,-1557,2031,-3459
6048,8684,-16124,-2680,3829,-5056
6976,9364,-15928,-5859,4758,-2791
6092,14424,-14304,-4922,8836,2623
5720,13216,-15144,1573,1897,4167
5272,9016,-14628,-2426,4598,1358
5796,7292,-14428,1145,3192,1418
5600,6396,-13040,765,779,3046
6320,4332,-11516,-110,371,1351
4300,5252,-11916,635,1512,-1398
4552,7276,-13080,1362,2653,-5438
4316,7292,-12460,2320,702,-6927
6020,9268,-13156,2634,1452,-8776
5648,10736,-14036,3113,670,-7960
13632,20848,-17796,8397,-9530,-5903
5748,16128,-12720,2483,-5489,3234
4256,7856,-17432,743,-3177,2283
5868,8696,-15200,763,-2063,806
5256,8868,-14692,880,-1888,589
5348,8760,-14784,1488,-1777,1023
4368,8136,-16004,2056,-663,252
4928,8356,-15136,2949,-588,280
5232,7464,-15924,2256,-724,299
5348,7284,-16528,70,-158,-433
5084,7688,-16084,-1538,934,-1064
5160,7968,-16168,-2602,1610,-2124
5596,8964,-15232,-2361,4348,-3295
5576,9432,-14424,-902,5466,-3395
6088,10368,-12768,-1278,3784,-163
4344,10556,-14944,-3280,3215,1591
4584,9772,-16420,-1428,1204,1675
6448,9036,-15800,-702,287,3601
6512,8228,-14540,267,212,4975
6064,7288,-12808,-791,433,3606
6312,6852,-13788,-1331,927,-558
5128,4492,-13188,-10,-377,449
5196,5072,-13192,-467,218,-2719
4424,7296,-13896,1643,-1118,-5069
5920,8852,-12956,1407,-861,-5797
-480,10164,-10624,3742,-2091,3360
2296,4796,-18296,761,-3358,2907
6784,8580,-15024,-425,-1801,1348
5908,8872,-13976,224,-1468,437
5472,8632,-14440,1426,-1770,852
5428,8432,-15120,2071,-1934,795
5500,7984,-15580,2070,-1975,754
5128,7940,-15580,1821,-1793,562
5000,7696,-15688,1751,-1785,440
4692,7220,-16308,1199,-984,-243
4800,7388,-16228,137,-363,-335
4416,7516,-16288,-720,79,-641
4524,7744,-16544,-1509,751,-999
5364,8076,-15280,-1252,2270,-2089
6328,9600,-14812,-1540,3220,-1634
6888,10692,-13596,-4303,2779,2196
7612,10960,-16096,-5203,2120,3991
4976,8280,-16676,-3573,2215,3843
5440,7952,-15644,-2446,1889,1509
6140,5948,-14456,-1739,38,3359
3176,5692,-13220,116,-279,1850
3848,5908,-12976,724,1575,-3343
4532,6308,-11852,1448,226,-3412
4624,7604,-11440,1093,414,-3729
21928,23792,-16524,-2589,-571,-1058
6404,10036,-17396,1905,-4595,3881
7420,8424,-15724,-508,967,945
5628,7248,-13900,-1064,162,353
5760,8380,-13512,-1323,-1993,858
5376,8928,-15012,-1012,-2509,2457
5340,9456,-15908,-1299,-1590,2870
5872,8408,-14772,-1495,-1109,1844
6152,8460,-14132,-795,-1045,886
5604,8548,-14560,-46,-1221,367
5380,8696,-15016,272,-1058,549
5484,8456,-15540,258,-650,443
6324,7764,-14952,-224,-406,-439
5552,8208,-17056,-2503,-92,-2096
5156,8412,-18044,-5155,1764,-3457
5884,9816,-17096,-7614,5995,-5031
5068,10684,-14556,-5194,11507,-5967
10460,11644,-15836,2030,5638,-4397
6252,7760,-11768,2740,3236,6097
2236,9156,-12456,3569,3479,2086
4568,11728,-10984,6204,2626,-1683
4740,9060,-7664,1812,634,1053
2916,10628,-10784,-1642,-2191,531
2636,9316,-11828,-2564,-2874,-1067
4872,8552,-14104,-2803,-5150,-1084
32767,26700,-28112,-4582,-12552,3514
11192,10416,-16948,4746,-9409,6400
7088,7700,-15600,3401,-1821,19
3152,9596,-15104,3607,-1531,-968
3704,9120,-15460,5671,-2122,1819
6048,6924,-17060,4995,-2180,1333
3948,6796,-17436,706,-574,-331
4852,7988,-15432,-627,101,-71
4984,8048,-15364,809,-538,94
4756,7456,-15960,1189,-505,99
4620,7196,-16200,473,-296,-55
4548,7332,-15984,-109,40,46
4612,7472,-16008,-161,25,-40
4528,7424,-15984,-473,246,-181
4692,7228,-16364,-816,190,-725
4776,7196,-17032,-3211,969,-1049
4268,7524,-16948,-4664,1750,-541
4740,10732,-17336,-5081,7693,-2491
11240,14056,-17360,727,3360,-1172
7080,6708,-12244,-2387,2494,6349
2332,6924,-13008,-2313,1964,2670
3196,7360,-13696,-314,1255,-347
3208,6708,-13144,1160,-1900,179
3456,7116,-13708,829,-1949,-2045
4096,7048,-13096,2109,-2065,-2207
5232,7284,-13504,-907,-984,-2260
7468,13060,-19248,6658,-6701,6272
3316,4964,-18660,795,-792,-619
5292,8420,-14600,870,1194,-2739
4028,9788,-13504,2176,-1728,-450
5448,8412,-15720,4366,-3019,2209
6948,5600,-17508,1679,-1618,-726
4156,7776,-16048,-688,623,352
4816,7732,-15400,235,-604,444
4676,7420,-16028,613,-497,-93
4596,7372,-15892,75,-190,-173
4572,7576,-15764,250,-253,-50
4836,7308,-15856,373,-349,-69
4420,7248,-16180,248,-304,-168
4332,7168,-16168,-241,-82,-367
4884,6776,-16744,-1655,555,-865
4576,7404,-16412,-3130,373,-1361
3712,9352,-16464,-3205,4401,-2943
5896,11440,-13416,-2384,6609,-3957
8620,12228,-16564,-4386,1886,3333
6064,7536,-16780,-3044,-253,7705
3608,7048,-17004,-1103,-307,6324
4364,5128,-13752,-536,-444,2682
4060,5012,-12772,-788,-1113,2204
2344,4640,-11920,-161,136,17
2772,3876,-12224,-1494,346,-3366
4656,8112,-14064,-1140,116,-2852
-5312,10728,-17008,11359,-8474,3306
2572,3824,-21104,1306,-2267,-763
6884,8324,-14240,-332,2972,-3998
4164,9172,-12940,1357,-494,-2749
2868,8968,-16220,4024,-2854,1152
5676,6136,-17732,2498,-1445,-36
3956,7592,-16348,-590,67,-209
5020,7896,-15380,-224,-545,-430
3976,6956,-16336,-118,40,16
3976,6940,-16416,-107,21,23
4012,6992,-16652,-147,89,35
3964,6960,-16400,-126,42,15
3908,6920,-16272,-153,64,16
3992,6900,-16384,-169,96,30
4024,6988,-16304,-129,63,36
4016,6944,-16472,-138,89,42
4040,6992,-16364,-111,66,25
4064,6968,-16440,-131,87,52
3928,6920,-16292,-151,85,33
3996,6964,-16452,-149,98,16
3916,6880,-16448,-173,62,20
3964,6976,-16344,-195,118,33
4016,6912,-16528,-163,108,29
4028,6840,-16424,-138,80,12
3952,6912,-16556,-137,67,28
3868,6944,-16364,-159,82,33
3944,6964,-16392,-148,121,43
3960,6960,-16340,-155,93,20
3956,7012,-16376,-154,91,55
3980,6880,-16412,-150,103,1
4000,6988,-16452,-164,89,22
4040,6868,-16428,-158,52,23
3952,6908,-16512,-159,71,37
3952,6900,-16516,-163,91,23
3908,6884,-16336,-138,81,28
3956,6936,-16464,-133,78,9
3948,6936,-16436,-152,70,17
4064,6952,-16388,-139,86,22
3912,6964,-16560,-157,94,28
3936,6940,-16372,-136,94,19
3892,6984,-16492,-163,113,40
3980,6932,-16416,-155,86,55
3824,6928,-16408,-158,74,28
4028,7012,-16284,-135,61,27
3992,6936,-16516,-156,85,33
3956,6952,-16252,-136,108,52
3992,6964,-16188,-144,77,44
3936,6960,-16184,-142,64,16
3924,7036,-16228,-144,96,30
3996,6984,-16480,-141,61,18
3952,6864,-16408,-146,99,33
4020,6992,-16484,-156,71,18
3972,6996,-16420,-171,62,44
4020,6944,-16280,-158,56,16
3924,7020,-16552,-150,70,28
4028,6912,-16356,-149,81,24
4012,6980,-16412,-179,53,26
4020,6852,-16404,-153,80,37
3964,6924,-16436,-171,87,55
3944,6948,-16492,-153,101,27
3868,7028,-16464,-162,74,41
3944,6968,-16388,-160,90,9
4044,6984,-16396,-178,73,23
3980,6908,-16336,-142,83,24
4008,6976,-16368,-152,60,8
3964,6952,-16456,-141,91,-3
3896,6888,-16072,-151,83,30
3980,6968,-16240,-144,71,32
4068,6932,-16288,-147,74,34
4020,6884,-16348,-162,102,25
3960,6888,-16256,-160,80,52
3948,7028,-16332,-157,67,24
3980,7020,-16448,-143,83,36
3924,6856,-16344,-148,69,30
3948,6968,-16428,-164,93,36
4052,6972,-16496,-172,88,-16
4016,6952,-16336,-129,89,6
4056,6976,-16336,-167,82,24
4060,6932,-16456,-148,94,40
3884,7028,-16412,-164,76,4
3992,6960,-16336,-144,102,14
3976,6908,-16260,-157,98,23
3900,6904,-16428,-148,65,10
4068,6936,-16280,-119,54,11
3932,6912,-16432,-163,99,7
3932,6972,-16448,-137,76,30
3912,7084,-16432,-143,72,52
3976,6944,-16228,-156,103,33
3892,6940,-16564,-177,93,50
3988,6984,-16420,-174,93,43
3860,6932,-16348,-174,82,19
4024,6988,-16248,-186,92,52
3960,6972,-16292,-131,52,34
3936,6968,-16356,-139,56,21
3956,6972,-16552,-146,71,7
3924,7024,-16404,-128,80,2
3984,6940,-16456,-165,92,16
4016,6892,-16292,-163,82,25
4064,6984,-16360,-162,86,55
3904,7016,-16460,-152,104,26
3992,6996,-16348,-162,127,46
3912,6980,-16460,-157,79,23
4052,6920,-16508,-145,59,16
4036,6948,-16460,-157,78,19
4040,6940,-16280,-129,84,37
4060,6928,-16444,-162,83,18
3992,6920,-16352,-135,105,31
3988,6884,-16448,-143,88,62
4080,6872,-16488,-168,88,71
3848,6940,-16320,-169,63,18
3988,6952,-16356,-162,91,38
3976,6980,-16360,-141,64,48
4040,6972,-16320,-142,87,8
3920,6984,-16188,-149,63,45
4060,6932,-16392,-151,67,42
3976,6940,-16504,-153,107,9
3940,6960,-16488,-149,89,47
3884,7048,-16244,-154,69,13
3988,6868,-16388,-155,91,43
3924,6928,-16524,-140,79,13
3980,6996,-16472,-159,60,30
3900,6936,-16268,-164,131,28
3996,6924,-16428,-129,96,34
3992,6920,-16416,-151,115,27
4064,6976,-16424,-148,67,23
3996,6944,-16456,-144,74,11
4076,6948,-16384,-150,77,41
4052,6876,-16296,-155,72,35
4048,6892,-16176,-135,83,20
3980,6944,-16368,-145,84,16
4068,6944,-16360,-168,72,21
4020,7020,-16408,-174,79,63
3936,6908,-16392,-160,120,25
4004,6924,-16416,-158,81,31
3992,6880,-16392,-155,81,49
4072,6980,-16368,-181,95,35
3932,6908,-16244,-125,81,8
3980,6912,-16356,-148,78,39
3940,6900,-16384,-148,80,48
4048,7024,-16416,-161,65,6
3980,6820,-16384,-150,62,24
3928,6868,-16328,-145,90,30
4016,7004,-16360,-149,84,35
4000,6976,-16332,-141,94,26
4072,6948,-16316,-156,75,19
3976,6956,-16436,-137,97,25
4016,6936,-16304,-142,89,51
3968,6948,-16260,-133,65,11
3976,7004,-16464,-156,122,23
3988,6876,-16420,-159,61,29
4008,6948,-16424,-163,117,11
3960,6964,-16460,-140,109,42
3888,6924,-16356,-166,139,24
4008,6936,-16360,-174,102,38
4036,6948,-16512,-157,81,25
3972,6944,-16296,-171,117,32
3932,6940,-16304,-165,92,13
4056,6960,-16224,-167,82,18
4000,6976,-16400,-135,71,-4
4080,6964,-16376,-133,69,25
3968,6932,-16348,-129,83,11
3920,7040,-16448,-153,96,43
3880,6888,-16324,-144,76,29
3936,6920,-16440,-165,92,45
3892,6940,-16432,-171,79,34
4088,6904,-16520,-169,90,16
4148,6920,-16332,-150,80,26
3996,7068,-16296,-163,70,12
3956,7020,-16380,-122,71,34
3968,6980,-16388,-157,74,51
4008,7012,-16320,-157,54,18
3996,6968,-16428,-143,95,11
3996,7008,-16548,-163,100,28
3924,7040,-16424,-173,85,13
3924,6992,-16388,-148,80,29
4060,6992,-16540,-147,75,16
3916,6928,-16428,-160,77,34
4060,6924,-16484,-137,84,18
3916,6940,-16344,-161,101,41
3968,6920,-16340,-169,100,30
4088,6900,-16292,-178,78,16
4020,6984,-16500,-163,81,17
3976,6912,-16372,-159,75,33
4024,7028,-16408,-140,63,16
3948,6940,-16424,-141,71,31
3980,6956,-16396,-141,116,26
3964,6868,-16336,-182,90,12
3992,7012,-16488,-161,83,40
4052,6936,-16476,-141,85,25
4000,7056,-16304,-168,83,39
3992,7020,-16484,-116,72,29
4056,7024,-16364,-162,54,33
4092,6972,-16396,-164,64,28
3924,7012,-16372,-149,62,-7
3988,6908,-16484,-158,90,32
3976,6964,-16216,-138,95,30
3920,6992,-16412,-162,138,40
3940,6912,-16480,-159,116,26
4060,6904,-16484,-161,114,35
4016,6852,-16448,-156,88,35
4024,6944,-16436,-160,69,23
4036,6832,-16452,-158,79,37
4000,6924,-16528,-134,75,10
4016,6980,-16352,-137,89,18
3956,6980,-16504,-152,94,16
4032,7072,-16296,-165,91,13
4000,6960,-16488,-157,75,34
4004,6816,-16448,-165,62,14
4004,6904,-16368,-165,85,50
3976,6896,-16420,-154,101,40
4036,6948,-16464,-148,99,52
4012,6992,-16404,-140,67,7
4116,6932,-16484,-148,87,21
3992,6960,-16484,-129,101,11
3944,6980,-16204,-155,72,24
4020,6952,-16300,-126,95,28
3996,6968,-16440,-167,70,19
3968,7004,-16352,-164,87,24
4000,6920,-16284,-165,71,31
3952,6928,-16488,-124,101,26
4036,6940,-16384,-137,71,40
4084,6928,-16472,-166,121,41
3940,6928,-16416,-159,76,51
3820,6948,-16480,-149,86,44
3952,7000,-16404,-187,84,22
4044,6928,-16416,-145,78,15
4012,6956,-16384,-158,74,18
3920,7044,-16464,-160,73,0
4012,6916,-16292,-176,83,35
3972,7024,-16428,-166,87,25
3980,6940,-16436,-153,74,25
4020,6884,-16320,-157,86,42
3968,6964,-16356,-162,79,24
3880,6932,-16404,-130,87,31
3952,6952,-16348,-146,74,33
4080,7032,-16300,-152,87,28
4068,6848,-16444,-142,88,33
4020,6984,-16516,-158,76,9
4004,6924,-16452,-136,75,14
3992,6956,-16404,-169,81,43
3976,6932,-16244,-145,92,17
3976,6932,-16440,-151,57,28
3908,6960,-16268,-178,55,34
4036,6920,-16392,-139,80,39
4040,7004,-16448,-155,84,51
3992,6912,-16360,-170,72,31
3960,6980,-16324,-147,102,20
4016,6916,-16316,-166,66,32
3972,6988,-16532,-134,67,23
3980,6992,-16392,-163,126,42
3996,6896,-16408,-179,83,26
3980,6912,-16420,-140,67,34
4028,6852,-16304,-156,94,24
3932,7008,-16440,-135,103,33
4000,6940,-16272,-147,67,48
3980,6924,-16364,-138,97,37
4048,6920,-16436,-146,83,16
3924,7000,-16576,-164,90,35
4020,6948,-16560,-144,90,49
3956,6956,-16472,-145,82,23
3972,6928,-16380,-147,65,10
3992,6952,-16340,-149,80,34
3892,6964,-16300,-127,103,38
3928,6864,-16328,-156,72,25
3992,6920,-16288,-173,81,31
4036,7008,-16536,-145,67,13
3832,6784,-16464,-131,42,7
3996,6920,-16396,-187,74,49
4044,7000,-16300,-157,100,20
3928,6932,-16500,-175,103,50
3952,6944,-16320,-183,91,38
3940,6964,-16304,-176,99,40
4060,6964,-16364,-167,139,35
3968,6980,-16368,-192,138,64
4020,7044,-16372,-206,108,49
3976,6964,-16544,-224,139,54
4092,6908,-16288,-217,183,56
3968,6952,-16348,-196,146,38
4100,7008,-16412,-196,148,79
4036,6972,-16500,-160,138,51
4028,6972,-16388,-186,117,64
3972,6960,-16436,-166,132,38
4052,6928,-16448,-164,99,58
4092,6972,-16448,-140,88,44
3988,7040,-16340,-159,100,67
4032,6956,-16388,-168,66,37
4108,7076,-16412,-142,72,37
4008,6876,-16360,-162,99,28
4052,6960,-16496,-164,72,10
4032,6976,-16436,-144,50,21
4004,7032,-16492,-126,93,14
3988,6960,-16444,-118,51,15
3992,6948,-16276,-121,61,10
3984,6868,-16368,-157,73,-3
4032,6872,-16288,-147,80,32
3968,7128,-16320,-174,111,56
4172,6884,-16228,-210,104,29
4020,6996,-16288,-202,122,76
4060,6984,-16372,-180,93,40
4052,7044,-16336,-174,105,35
4116,6932,-16376,-146,73,25
4036,7048,-16320,-143,82,16
4036,7004,-16300,-126,70,14
4024,7012,-16404,-124,47,17
3912,6888,-16296,-144,93,21
4072,7012,-16420,-138,81,51
3924,7024,-16240,-166,117,8
4044,6944,-16384,-167,109,38
4092,7004,-16384,-168,97,26
3984,6872,-16524,-156,91,32
4160,6984,-16376,-169,97,18
3996,7048,-16360,-148,55,38
4108,6964,-16180,-165,78,18
4072,6832,-16444,-153,83,36
4028,6952,-16412,-179,104,23
4120,6908,-16440,-159,99,31
4012,7064,-16316,-149,92,45
4068,6904,-16332,-162,70,16
4044,6956,-16300,-159,69,22
3892,6948,-16352,-142,85,16
4036,7036,-16340,-144,73,12
4020,7064,-16392,-148,42,27
4096,6940,-16432,-134,74,9
4008,7080,-16388,-139,86,28
3976,6952,-16284,-152,76,32
4028,6916,-16460,-159,88,54
3972,7044,-16296,-173,60,39
4064,6936,-16428,-167,87,35
3996,6956,-16272,-146,86,14
4004,6952,-16524,-142,54,35
4056,6976,-16160,-178,78,16
4024,6976,-16316,-165,81,17
3996,6992,-16448,-181,117,20
4044,6968,-16216,-179,102,39
4004,6932,-16388,-165,52,20
4020,6984,-16344,-169,71,50
4108,7004,-16384,-136,36,16
2984,6340,-16700,-249,59,-68
4108,6892,-16300,-411,302,55
3932,6844,-16428,-159,112,16
4060,6992,-16292,-168,118,66
4192,6952,-16356,-24,-33,-34
3936,6868,-16340,-261,177,37
4108,6972,-16276,-171,82,12
4080,6980,-16580,-79,0,-10
3996,6956,-16300,-43,-10,-22
3968,6968,-16364,-151,85,38
4132,7016,-16240,-166,82,29
3976,6988,-16388,-174,76,42
4028,6888,-16268,-169,121,48
3980,6964,-16376,-163,95,5
4068,6888,-16420,-155,103,32
4072,6976,-16420,-157,74,17
4088,6944,-16256,-139,102,36
4100,7008,-16404,-139,74,12
3996,7004,-16432,-170,97,23
4136,7036,-16444,-164,103,34
4096,6932,-16436,-142,89,14
3936,7020,-16408,-151,98,5
4008,6920,-16348,-153,91,40
4068,6868,-16448,-156,111,57
3980,6956,-16328,-184,39,20
4000,6984,-16372,-147,71,22
3940,7020,-16256,-145,82,28
4048,6916,-16392,-167,76,22
4000,6932,-16500,-163,111,37
4176,6912,-16348,-168,89,43
4080,6964,-16360,-181,107,11
4084,6996,-16328,-150,72,45
4072,6940,-16304,-159,106,12
4008,6996,-16388,-173,92,46
4072,6972,-16348,-152,69,13
4032,6988,-16344,-161,49,19
4084,6984,-16252,-126,48,17
4048,6924,-16292,-117,72,2
4032,6916,-16472,-160,77,29
4020,6952,-16320,-154,108,19
4004,6968,-16328,-160,97,37
4032,7028,-16320,-156,66,40
4076,6956,-16440,-141,96,22
4064,7032,-16300,-153,66,42
4148,6984,-16428,-152,76,25
4024,6972,-16508,-150,66,22
4040,6920,-16420,-171,56,26
4100,6960,-16404,-151,75,27
4108,7000,-16300,-153,85,34
4000,6912,-16416,-147,86,42
3912,6996,-16324,-132,59,47
4020,6976,-16252,-161,60,30
3984,6900,-16516,-140,102,28
4088,6956,-16256,-140,83,38
4072,6952,-16372,-131,95,21
4084,6916,-16460,-142,59,21
4024,7000,-16416,-151,88,28
4000,7024,-16264,-157,73,37
4024,6956,-16452,-139,80,49
4008,6940,-16408,-184,100,34
4124,7024,-16376,-147,130,24
3972,6964,-16428,-141,94,23
4104,6908,-16380,-169,80,26
3992,6980,-16448,-184,88,57
4048,7040,-16384,-160,120,21
4108,7052,-16364,-182,109,52
4012,6932,-16204,-178,77,41
4052,7012,-16368,-149,75,25
3936,7032,-16468,-128,49,2
3988,6900,-16380,-130,56,18
4052,6980,-16516,-101,27,-1
4040,6992,-16284,-116,62,25
3988,6968,-16344,-157,88,36
4072,6960,-16424,-170,97,63
4024,7008,-16388,-191,131,37
4052,7008,-16388,-175,89,50
4100,6980,-16380,-161,106,7
4012,7040,-16332,-143,75,26
4092,7032,-16356,-110,55,17
4036,6956,-16412,-140,61,20
4092,6932,-16288,-128,56,10
4028,6940,-16364,-166,72,17
3976,6992,-16380,-155,81,51
3992,7020,-16364,-160,82,34
4076,6960,-16280,-156,70,33
3900,6972,-16148,-139,94,16
4036,7000,-16396,-161,97,22
4028,7024,-16352,-138,104,48
4008,6940,-16376,-151,82,45
3948,6984,-16248,-151,87,19
4160,6996,-16216,-178,76,25
4108,6940,-16404,-168,121,24
3996,7084,-16348,-162,70,40
3996,6936,-16440,-160,78,29
4008,7028,-16320,-152,58,17
4032,6984,-16412,-118,85,6
4064,7036,-16404,-132,76,8
4068,6880,-16284,-178,70,38
3928,7020,-16404,-168,76,24
4120,6888,-16396,-186,120,48
4028,6948,-16412,-147,102,28
4100,6948,-16512,-144,91,25
4044,7004,-16336,-128,70,28
4012,7028,-16268,-153,79,24
3988,7012,-16372,-126,89,21
4008,7024,-16372,-134,68,11
4068,6928,-16276,-149,113,43
4016,6988,-16300,-171,79,27
3968,6940,-16256,-151,73,7
4036,7052,-16440,-149,77,39
4120,6880,-16496,-143,117,32
4076,6940,-16528,-168,103,14
4112,6940,-16388,-134,93,36
3984,7008,-16480,-141,108,18
4100,6980,-16172,-159,65,26
4140,6952,-16264,-153,68,10
4068,6972,-16308,-163,98,25
4044,6908,-16372,-168,89,17
4088,6952,-16368,-155,99,43
4044,7024,-16400,-154,92,44
4052,6984,-16536,-151,86,12
4032,6932,-16368,-148,85,29
4020,7040,-16456,-135,95,34
4072,7088,-16260,-153,101,20
4084,6960,-16424,-147,77,18
4056,6932,-16224,-152,90,28
3956,7008,-16524,-151,99,50
3948,6984,-16420,-174,127,32
4060,6924,-16284,-182,98,37
4152,6972,-16352,-166,103,46
4044,6984,-16368,-149,116,27
4060,6984,-16352,-145,73,14
3996,6944,-16396,-145,70,29
3948,7024,-16316,-160,78,44
3944,7004,-16312,-163,45,16
4016,6988,-16380,-154,110,50
4008,6928,-16396,-159,80,27
4008,6992,-16268,-159,57,35
3964,6952,-16472,-158,65,6
4008,6932,-16424,-151,67,36
4072,6976,-16360,-150,123,-2
4188,6940,-16392,-156,101,32
4076,7016,-16424,-145,115,44
3996,7024,-16292,-154,96,32
4000,6992,-16396,-161,75,25
4100,7040,-16348,-154,81,28
4004,6940,-16216,-164,78,3
4004,6972,-16276,-140,80,21
4080,6932,-16408,-133,110,29
4028,7012,-16208,-151,77,35
4036,7008,-16312,-175,83,40
4028,6952,-16352,-154,59,58
3984,6900,-16384,-182,115,27
4044,6916,-16380,-142,67,37
4076,6920,-16220,-157,102,34
4032,6940,-16224,-141,100,28
4112,6972,-16256,-154,90,29
4028,6920,-16396,-152,81,4
4000,7024,-16420,-165,79,54
4016,7016,-16464,-164,91,31
4096,7012,-16300,-147,75,23
4080,6884,-16532,-140,90,6
4080,7024,-16308,-147,86,50
4040,6896,-16472,-142,76,24
4060,7052,-16396,-135,94,14
4036,6936,-16412,-161,83,40
4072,6972,-16180,-147,100,16
4108,6956,-16348,-136,76,25
4044,6960,-16376,-126,60,19
3984,6940,-16316,-167,118,27
3996,6968,-16372,-146,91,47
4108,6972,-16260,-169,88,39
4096,6932,-16492,-162,109,20
3956,6928,-16376,-158,86,24
4000,7036,-16368,-183,115,36
3976,6888,-16288,-166,87,35
3968,7052,-16236,-179,91,32
4012,7068,-16428,-145,82,14
4052,7052,-16432,-155,91,7
4072,7092,-16396,-158,43,18
4096,7048,-16364,-171,86,22
3996,6964,-16224,-139,82,39
4016,7032,-16240,-138,114,27
4060,7012,-16388,-159,78,29
4044,6948,-16428,-144,84,19
4036,7016,-16384,-135,87,21
4092,6924,-16280,-144,112,27
4080,7020,-16528,-144,73,25
4020,6972,-16396,-157,81,47
4024,6928,-16124,-156,103,16
4060,6908,-16220,-165,77,42
4012,7020,-16264,-134,99,26
3964,6972,-16220,-151,59,15
4008,6944,-16340,-148,79,33
4068,6948,-16228,-151,70,26
3972,6988,-16496,-173,88,29
4020,7028,-16428,-174,84,15
4100,6980,-16280,-177,104,26
4048,6980,-16292,-167,85,36
4156,6984,-16484,-160,111,46
3980,6928,-16528,-157,72,54
4004,6992,-16312,-153,88,42
4052,6992,-16380,-153,94,19
4044,6908,-16440,-138,84,31
4056,6956,-16468,-159,58,24
4024,6896,-16412,-161,76,24
4056,6988,-16368,-158,111,23
4076,7000,-16448,-160,77,16
3992,6880,-16268,-156,123,18
4112,6984,-16320,-168,110,64
4064,6916,-16240,-154,107,32
3992,7084,-16340,-152,86,28
3996,7004,-16408,-152,84,10
3992,6908,-16456,-140,80,19
4052,6984,-16636,-138,69,30
3932,7112,-16420,-140,70,25
4052,7056,-16400,-145,73,32
4016,7044,-16432,-152,82,51
4020,6912,-16284,-155,77,23
4060,6984,-16372,-150,101,46
3992,6968,-16388,-161,64,22
4032,7032,-16428,-150,118,27
4036,6984,-16404,-145,93,55
4084,6884,-16324,-141,70,39
4112,6920,-16228,-151,66,35
3936,6944,-16416,-147,98,22
4040,6880,-16208,-166,139,29
4036,6972,-16500,-158,93,23
4136,6936,-16372,-122,117,32
4052,6992,-16388,-139,84,11
3972,6936,-16332,-150,73,20
4076,7056,-16396,-144,89,15
4080,7012,-16256,-136,128,-14
4148,7052,-16448,-133,82,31
3992,6952,-16356,-147,84,36
4060,6912,-16316,-153,96,17
3996,6960,-16348,-129,77,47
4120,6972,-16336,-134,73,13
4016,6940,-16404,-128,103,27
4084,6992,-16308,-151,54,21
4040,7000,-16380,-132,81,6
4016,6940,-16480,-132,84,35
4008,7116,-16308,-151,98,35
3948,7016,-16460,-185,101,37
4152,6920,-16332,-152,104,23
3944,6960,-16264,-174,115,23
4076,7008,-16352,-133,62,31
4028,6948,-16356,-125,78,10
4064,7004,-16412,-153,65,42
3976,6956,-16360,-143,95,39
4044,6976,-16408,-132,68,35
4048,6944,-16412,-160,56,31
4100,7024,-16356,-150,87,50
4056,7036,-16324,-149,104,12
4040,6988,-16340,-173,97,35
4096,6952,-16416,-179,85,35
4112,7084,-16328,-164,53,44
4128,7056,-16136,-162,79,4
4104,7100,-16336,-154,67,12
4100,6984,-16224,-138,44,32
3964,6980,-16364,-148,84,36
4092,7024,-16352,-154,65,23
4004,7000,-16516,-148,95,15
3972,6952,-16348,-163,74,34
4084,6868,-16128,-138,86,22
4032,6996,-16368,-165,117,42
4004,6964,-16352,-151,87,31
4100,7008,-16376,-160,75,25
4072,6980,-16428,-154,112,26
4032,6980,-16272,-144,54,5
4156,6952,-16316,-169,73,-2
4080,6912,-16204,-137,92,35
4044,6816,-16232,-145,77,33
4120,6936,-16436,-162,74,37
4128,7000,-16408,-171,109,37
4052,6956,-16260,-142,97,53
3948,7080,-16284,-157,88,26
4144,6940,-16360,-163,86,3
4076,6980,-16324,-155,57,28
4052,7032,-16492,-144,74,31
4024,7076,-16368,-148,74,47
3904,6960,-16396,-144,103,58
3984,7024,-16388,-151,92,20
3976,6980,-16284,-171,88,31
4032,6940,-16368,-199,78,35
4052,7024,-16248,-176,85,34
4032,6936,-16256,-141,96,27
4100,7008,-16360,-140,51,27
4016,6960,-16316,-170,53,15
4068,6948,-16392,-142,57,10
4052,6992,-16384,-137,90,10
4092,6920,-16364,-150,95,29
3996,7056,-16360,-169,89,15
3948,6952,-16428,-168,86,37
4008,6832,-16376,-159,100,36
4032,7044,-16396,-149,96,58
4100,7016,-16180,-133,109,25
4076,6924,-16380,-169,102,51
4008,7008,-16204,-141,92,36
4116,6992,-16196,-136,77,11
3996,6992,-16396,-152,60,0
4048,6984,-16328,-145,75,28
4060,6880,-16244,-143,55,19
4116,6956,-16352,-173,95,11
4020,6892,-16244,-154,80,38
4040,6928,-16452,-153,81,24
4012,6972,-16212,-166,86,30
4076,6888,-16372,-157,90,44
4016,6920,-16320,-173,77,31
4088,6920,-16564,-151,92,37
4076,6996,-16308,-150,77,28
4024,6996,-16108,-161,93,41
4044,6988,-16472,-141,78,44
4052,6972,-16364,-176,90,35
4036,6980,-16380,-177,68,21
4096,6992,-16408,-157,89,22
4064,7000,-16408,-191,83,20
4004,6940,-16248,-167,64,35
4048,7020,-16424,-162,74,25
4068,7020,-16316,-144,73,32
4064,6944,-16272,-138,98,52
4036,6956,-16292,-157,64,40
4116,6944,-16420,-165,98,19
4068,6928,-16364,-152,72,26
4100,6976,-16392,-160,103,38
4012,6976,-16456,-151,81,25
4060,7020,-16528,-143,95,34
3996,6960,-16364,-169,101,39
4028,6968,-16448,-170,90,25
3996,6956,-16464,-164,102,33
4072,6944,-16260,-193,97,43
4072,6972,-16232,-159,81,39
4052,6900,-16324,-167,104,8
3992,7068,-16536,-134,99,29
4080,7000,-16296,-128,65,32
4012,7020,-16384,-129,94,19
4124,6960,-16388,-135,76,34
4064,6928,-16360,-151,70,59
4064,6964,-16528,-175,103,38
3996,7044,-16368,-166,108,50
4044,6832,-16376,-169,76,27
4080,6984,-16480,-154,82,24
4096,7016,-16368,-156,71,18
3972,6820,-16368,-159,37,4
3980,6996,-16252,-143,68,36
4052,6940,-16264,-131,80,7
4048,7016,-16364,-165,77,25
4132,6900,-16300,-160,86,6
4068,6960,-16432,-144,112,26
3936,6944,-16368,-147,115,46
4000,6980,-16412,-161,91,38
4032,6980,-16256,-159,99,41
3988,6884,-16436,-163,109,35
4072,7064,-16432,-157,87,38
4084,6960,-16400,-136,85,47
4100,6972,-16228,-142,68,42
4016,6932,-16396,-145,74,13
4092,6984,-16308,-133,62,27
4020,7012,-16300,-151,95,28
4120,6992,-16204,-139,101,42
4080,6912,-16436,-154,108,54
4052,6940,-16400,-154,88,62
4088,6936,-16312,-161,93,32
3980,6948,-16568,-168,107,26
3972,6900,-16244,-130,90,14
4012,7020,-16236,-154,65,33
3976,6952,-16312,-150,96,51
4108,7052,-16336,-161,52,31
3996,7020,-16388,-149,95,16
4092,6960,-16416,-180,93,18
4048,7004,-16288,-188,64,5
4032,6876,-16192,-149,95,44
4024,6992,-16536,-173,90,65
3968,7064,-16388,-147,90,37
3992,6976,-16392,-167,96,19
4032,6924,-16404,-152,84,16
4116,6984,-16456,-163,113,23
4092,7044,-16436,-145,101,37
4060,6936,-16424,-142,87,26
3948,6980,-16340,-164,69,28
4080,7012,-16324,-162,60,36
4100,7020,-16308,-147,91,12
4064,6964,-16340,-138,84,6
4040,6880,-16484,-146,94,41
4000,6960,-16248,-164,58,34
4104,6988,-16448,-157,95,6
4052,7052,-16280,-140,64,17
4032,7020,-16440,-151,73,39
4020,6948,-16420,-138,88,25
4028,6956,-16448,-143,68,12
4064,7060,-16144,-147,73,38
4080,6952,-16444,-180,73,29
4128,6972,-16292,-164,70,37
4072,6920,-16580,-169,99,27
3984,6964,-16344,-151,78,35
4032,6976,-16388,-152,67,44
3984,6920,-16428,-141,64,34
4040,7096,-16464,-136,80,42
4028,7024,-16300,-150,86,43
3960,6948,-16156,-141,82,0
4076,6960,-16320,-172,114,-1
4120,6988,-16416,-153,74,27
4048,7040,-16480,-161,88,-4
4012,6940,-16400,-148,89,32
4088,6940,-16372,-144,86,12
4080,6972,-16324,-142,63,20
4012,6900,-16472,-150,85,42
4092,7068,-16484,-155,69,27
3964,6912,-16212,-157,66,28
4036,6988,-16452,-160,86,34
4036,6916,-16292,-174,94,38
4080,6868,-16456,-147,96,54
4008,6904,-16412,-140,88,45
4036,6820,-16416,-139,102,22
4120,6920,-16200,-153,70,35
4088,7012,-16356,-148,52,50
4004,6940,-16316,-163,101,23
4104,6888,-16396,-165,101,35
4052,6976,-16364,-179,77,22
4024,7004,-16444,-174,93,32
3972,6968,-16500,-139,60,30
4068,7052,-16512,-136,83,12
3956,7080,-16468,-152,71,20
4032,7004,-16472,-168,69,37
4008,6996,-16260,-150,90,34
4036,6960,-16280,-140,108,29
4016,7036,-16300,-164,111,46
3996,7020,-16416,-190,105,49
4064,6952,-16352,-140,73,31
4052,6940,-16456,-178,103,17
4136,6948,-16108,-158,91,12
4004,6952,-16304,-139,74,8
4048,6992,-16296,-138,74,4
4124,7020,-16360,-151,76,44
4064,7004,-16156,-161,94,12
3972,6968,-16336,-139,95,15
4028,6980,-16296,-166,40,24
4016,6992,-16416,-148,77,27
3980,7000,-16328,-152,100,35
3928,7000,-16472,-158,90,42
4060,6944,-16380,-160,80,60
4084,6940,-16268,-163,98,53
3964,6908,-16460,-166,97,40
4036,6948,-16232,-141,83,43
4080,6948,-16328,-139,56,28
4088,7008,-16280,-175,63,6
4104,6980,-16396,-151,51,6
4088,6896,-16260,-152,66,54
3980,6908,-16468,-167,115,40
4004,6980,-16160,-158,74,38
4104,6972,-16456,-157,104,31
4124,6916,-16500,-177,112,40
3952,7008,-16296,-155,108,25
4084,6948,-16344,-158,66,18
4120,6976,-16424,-154,101,23
4028,6996,-16632,-177,83,64
4040,7044,-16316,-143,78,15
4016,6928,-16336,-148,84,30
4088,7044,-16452,-181,107,26
4100,6976,-16264,-159,95,36
4032,6972,-16412,-141,65,20
4168,7056,-16384,-165,114,40
4100,6924,-16400,-158,103,26
4076,7004,-16360,-165,87,31
4016,6988,-16328,-148,59,17
4036,6976,-16436,-141,89,9
4132,6968,-16336,-147,76,-2
4100,6940,-16328,-191,63,8
4080,6940,-16332,-178,79,29
4128,6940,-16248,-175,84,17
3972,7024,-16384,-161,110,31
3988,6992,-16276,-142,51,32
4056,6888,-16416,-141,86,50
4080,6908,-16344,-157,94,23
3916,6996,-16420,-143,78,24
4096,6984,-16288,-140,93,47
4060,7040,-16308,-146,61,34
3928,6948,-16392,-162,99,24
4076,6984,-16556,-147,89,22
4024,6936,-16448,-151,53,23
4036,7016,-16360,-145,104,31
4080,6932,-16260,-143,88,30
4024,7000,-16368,-134,83,15
3952,6940,-16564,-149,93,45
3980,6932,-16292,-148,98,14
4040,7004,-16364,-172,99,9
3972,6960,-16324,-137,109,39
4044,7000,-16328,-170,71,37
4048,6868,-16388,-133,110,18
4100,6960,-16240,-162,105,37
4052,7020,-16360,-153,81,33
4076,6908,-16360,-146,66,50
3996,6932,-16340,-171,70,43
4072,6912,-16288,-161,62,13
4016,7004,-16312,-153,97,33
4080,6980,-16308,-136,98,31
3972,7012,-16460,-151,67,9
4064,6952,-16404,-155,74,2
4060,6976,-16316,-156,93,49
4124,6928,-16460,-137,110,64
3992,7020,-16400,-162,102,13
4008,6940,-16400,-139,92,19
4064,6936,-16380,-164,78,39
4064,6992,-16416,-176,58,24
4044,6912,-16404,-140,69,35
4004,7052,-16320,-144,82,22
3992,6908,-16292,-124,67,39
3984,6928,-16372,-144,111,28
4140,6952,-16224,-150,63,39
4044,6992,-16220,-152,82,32
4048,6960,-16452,-178,98,34
4048,6864,-16336,-156,118,33
4148,6936,-16388,-154,101,28
4056,7020,-16428,-154,85,27
4056,6948,-16456,-148,99,38
4048,6980,-16456,-158,93,27
3960,6844,-16380,-170,86,49
4048,6988,-16492,-200,63,21
4060,6916,-16232,-168,74,41
3992,6948,-16448,-150,80,17
3964,6940,-16300,-151,106,38
4024,6928,-16252,-159,130,50
4040,6904,-16332,-139,83,19
4028,6892,-16360,-184,85,43
4012,6960,-16520,-130,79,37
4044,6972,-16376,-142,43,1
4020,6988,-16384,-171,77,-10
4084,6988,-16432,-140,57,19
4004,6964,-16388,-123,33,3
4036,6928,-16528,-127,52,28
3996,6944,-16368,-129,109,60
4064,6908,-16336,-134,100,50
4060,6912,-16444,-175,104,43
4012,6984,-16484,-160,102,38
4068,6952,-16324,-157,88,30
4168,6960,-16224,-144,80,15
4080,6984,-16316,-162,50,24
4008,6980,-16440,-153,79,32
4004,6964,-16300,-158,69,45
4052,6876,-16420,-158,66,48
4060,6992,-16216,-163,107,47
4036,6972,-16276,-146,79,47
