12252,16,-13260,-274,233,-78
12264,-84,-13288,-301,240,-89
12296,-12,-13364,-273,266,-91
12312,-32,-13128,-294,216,-98
12200,-8,-13212,-298,247,-86
12244,-32,-13316,-285,226,-88
12228,-44,-13252,-316,229,-87
12376,12,-13388,-292,231,-100
12388,0,-13320,-306,235,-84
12180,76,-13244,-306,255,-87
12256,-60,-13420,-295,226,-72
12264,-48,-13292,-298,247,-67
12240,56,-13260,-274,245,-98
12248,-20,-13336,-294,230,-88
12312,68,-13324,-309,269,-89
12284,-68,-13200,-279,220,-102
12268,-72,-13424,-308,249,-97
12244,-120,-13404,-308,242,-95
12256,40,-13312,-306,247,-94
12264,-40,-13248,-271,225,-97
12336,-44,-13340,-299,240,-79
12192,32,-13296,-311,247,-95
12180,-20,-13260,-285,267,-83
12344,52,-13204,-306,222,-94
12276,-64,-13248,-308,225,-86
12280,16,-13348,-296,222,-90
12288,-84,-13336,-304,225,-96
12296,64,-13340,-277,247,-109
12272,-68,-13360,-299,246,-108
12300,56,-13304,-295,244,-116
12320,36,-13172,-296,250,-97
12312,28,-13220,-306,237,-91
12164,48,-13252,-290,216,-80
12228,12,-13156,-288,236,-101
12216,-12,-13236,-317,242,-109
12272,-48,-13268,-278,203,-94
12216,-40,-13140,-295,258,-93
12276,-32,-13288,-287,242,-81
12292,8,-13400,-307,240,-103
12248,-32,-13188,-272,224,-85
12308,44,-13312,-299,231,-93
12276,-28,-13296,-315,216,-112
12284,-36,-13352,-314,233,-121
12204,-12,-13280,-302,238,-100
12288,-8,-13408,-287,243,-91
12352,-60,-13300,-301,228,-81
12244,12,-13408,-308,232,-85
12272,-60,-13320,-278,247,-83
12216,32,-13400,-284,233,-103
12188,-20,-13244,-303,245,-93
12260,-4,-13260,-297,229,-85
12284,-64,-13300,-301,243,-78
12260,-48,-13164,-303,227,-78
12276,-88,-13216,-298,259,-75
12236,16,-13232,-318,228,-81
12296,-28,-13256,-302,219,-83
12168,-36,-13296,-298,245,-113
12288,-72,-13420,-300,231,-86
12320,-44,-13304,-304,222,-92
12336,-60,-13112,-304,219,-77
12312,-36,-13244,-279,242,-88
12316,-4,-13320,-310,241,-72
12244,-96,-13260,-283,238,-96
12292,120,-13296,-303,241,-91
12172,-96,-13304,-290,214,-104
12328,72,-13332,-302,238,-86
12332,80,-13208,-306,243,-87
12292,-16,-13328,-280,235,-105
12308,80,-13460,-302,229,-92
12264,-36,-13444,-306,231,-75
12268,-88,-13304,-307,238,-78
12312,32,-13288,-265,228,-93
12404,8,-13236,-290,242,-85
12280,-20,-13184,-301,227,-69
12276,-24,-13356,-296,220,-106
12308,0,-13208,-295,241,-86
12352,84,-13336,-292,252,-81
12272,-24,-13208,-287,239,-94
12184,44,-13188,-288,230,-83
12288,-20,-13368,-296,211,-99
12404,-32,-13244,-309,241,-98
12256,-32,-13276,-301,223,-82
12292,68,-13316,-296,250,-80
12200,104,-13272,-278,233,-82
12312,32,-13424,-322,231,-79
12304,20,-13396,-291,235,-79
12328,-40,-13268,-297,240,-103
12156,-64,-13212,-298,265,-84
12220,-12,-13208,-295,252,-93
12300,-28,-13076,-291,234,-85
12236,-124,-13308,-282,230,-95
12320,124,-13192,-283,252,-87
12192,-24,-13324,-303,239,-92
12160,-84,-13220,-289,225,-89
12300,-88,-13144,-302,223,-77
12376,68,-13216,-292,237,-99
12352,-12,-13288,-291,223,-100
12308,-12,-13268,-297,242,-87
12272,-84,-13204,-291,239,-82
12284,-64,-13292,-289,226,-79
12296,40,-13184,-286,236,-89
12236,28,-13304,-308,234,-103
12240,-140,-13260,-280,214,-98
12200,-92,-13296,-290,219,-86
12264,56,-13336,-280,244,-91
12344,56,-13264,-280,240,-80
12316,32,-13228,-299,247,-87
12260,-24,-13216,-296,231,-101
12336,20,-13312,-287,230,-98
12256,-20,-13228,-305,229,-109
12380,84,-13296,-292,257,-83
12332,-4,-13288,-290,230,-105
12328,-68,-13324,-309,206,-99
12256,-8,-13352,-289,236,-73
12268,-32,-13256,-313,221,-84
12312,-128,-13304,-300,221,-71
12272,44,-13212,-309,226,-88
12344,28,-13376,-286,248,-81
12300,-16,-13192,-311,235,-85
12200,-8,-13208,-303,238,-98
12216,-40,-13288,-296,232,-79
12312,56,-13272,-276,254,-88
12296,-20,-13308,-308,231,-87
12172,40,-13140,-288,221,-85
12228,-8,-13216,-293,224,-89
12248,-48,-13288,-310,235,-91
12284,-8,-13316,-292,258,-74
12252,16,-13264,-290,249,-90
12288,-96,-13272,-293,236,-84
12328,-48,-13316,-308,238,-99
12228,-112,-13296,-307,255,-77
12312,44,-13168,-293,232,-96
12236,24,-13292,-267,263,-100
12212,64,-13272,-301,252,-91
12304,-64,-13328,-303,256,-105
12328,8,-13252,-308,222,-78
12372,32,-13348,-277,247,-100
12288,-36,-13264,-285,252,-89
12268,-44,-13372,-287,221,-84
12320,32,-13208,-310,243,-90
12256,28,-13264,-323,249,-85
12296,4,-13336,-294,259,-75
12320,28,-13404,-306,223,-84
12312,32,-13348,-265,248,-105
12324,-8,-13324,-292,261,-102
12276,8,-13236,-289,217,-95
12236,20,-13288,-282,239,-79
12320,-28,-13348,-288,229,-96
12332,100,-13336,-295,236,-81
12208,-156,-13388,-317,247,-69
12144,-88,-13200,-292,263,-82
12376,-52,-13344,-307,239,-72
12340,44,-13336,-301,230,-91
12332,-88,-13264,-291,235,-97
12288,4,-13328,-306,229,-104
12268,20,-13380,-301,269,-85
12240,72,-13440,-296,243,-83
12280,-48,-13172,-293,219,-66
12252,-40,-13264,-305,245,-93
12292,-8,-13304,-283,205,-104
12268,12,-13264,-303,250,-97
12288,-12,-13300,-304,234,-94
12272,-64,-13416,-286,219,-106
12284,60,-13240,-283,251,-86
12276,-72,-13348,-305,219,-104
12208,-16,-13268,-276,274,-73
12268,-36,-13364,-295,224,-85
12180,-32,-13360,-283,239,-94
12376,-92,-13152,-296,234,-105
12300,-16,-13324,-282,245,-79
12288,-4,-13284,-310,255,-98
12248,-40,-13204,-297,218,-90
12276,48,-13452,-313,232,-75
12348,-16,-13404,-296,222,-91
12204,84,-13240,-290,229,-95
12228,-24,-13240,-288,217,-86
12288,-12,-13320,-295,253,-78
12352,-36,-13300,-301,252,-91
12248,-16,-13196,-297,244,-90
12236,4,-13272,-292,244,-86
12208,-64,-13368,-293,224,-102
12300,-12,-13228,-288,267,-72
12332,16,-13220,-296,250,-101
12344,4,-13348,-300,239,-92
12272,8,-13352,-292,241,-100
12276,16,-13272,-303,241,-99
12308,-32,-13280,-300,238,-68
12264,44,-13236,-284,254,-77
12340,84,-13260,-283,223,-86
12292,-48,-13324,-294,254,-83
12400,24,-13112,-311,257,-108
12372,-72,-13232,-295,228,-80
12256,84,-13324,-290,239,-94
12276,-24,-13228,-307,231,-100
12196,-24,-13280,-281,244,-90
12316,-36,-13276,-309,241,-113
12240,-76,-13360,-306,244,-107
12276,-56,-13312,-298,213,-81
12292,0,-13292,-269,251,-84
12276,8,-13292,-295,247,-81
12332,8,-13160,-278,249,-95
12352,0,-13252,-299,252,-89
12308,-28,-13144,-290,233,-85
12276,12,-13440,-284,242,-84
12288,76,-13392,-296,251,-86
12176,-8,-13328,-298,249,-93
12288,4,-13340,-304,252,-97
12300,12,-13252,-291,227,-88
12356,52,-13268,-268,242,-93
12164,-20,-13360,-302,251,-80
12208,-56,-13300,-276,252,-92
12260,-44,-13264,-288,220,-62
12312,36,-13440,-269,248,-92
12232,-52,-13268,-308,260,-97
12148,-32,-13496,-296,250,-90
12364,-52,-13276,-295,224,-94
12216,60,-13272,-283,238,-78
12332,20,-13168,-293,232,-101
12280,-48,-13348,-277,243,-75
12332,-76,-13256,-315,238,-98
12272,-48,-13340,-295,235,-93
12364,0,-13268,-294,251,-91
12376,12,-13400,-286,246,-93
12180,-120,-13300,-307,232,-68
12328,56,-13220,-286,256,-89
12328,16,-13408,-287,221,-89
12324,-20,-13152,-296,257,-89
12260,72,-13284,-299,241,-97
12324,-68,-13236,-300,252,-96
12320,36,-13272,-291,257,-68
12328,-40,-13248,-314,258,-103
12284,-128,-13212,-294,252,-82
12236,-80,-13284,-310,244,-68
12288,-64,-13128,-290,235,-88
12284,-44,-13248,-303,288,-74
12312,60,-13320,-313,261,-100
12320,-8,-13216,-298,231,-78
12300,-44,-13324,-287,233,-78
12280,-76,-13344,-272,235,-86
12216,60,-13240,-291,230,-86
12328,28,-13316,-310,230,-108
12272,-24,-13244,-283,234,-62
12256,-4,-13288,-304,196,-102
12368,56,-13348,-302,260,-74
12192,40,-13384,-264,238,-79
12300,-60,-13276,-303,246,-94
12244,-60,-13288,-290,245,-75
12304,8,-13376,-291,231,-98
12288,-100,-13252,-299,241,-86
12344,-4,-13292,-293,239,-75
12308,128,-13328,-289,248,-83
12276,36,-13296,-273,241,-85
12268,-68,-13256,-307,249,-86
12364,-16,-13104,-309,234,-99
12256,-80,-13292,-279,256,-99
12352,-16,-13224,-302,203,-81
12272,-76,-13248,-320,243,-81
12380,28,-13400,-300,251,-105
12300,-24,-13288,-281,209,-110
12332,-20,-13388,-305,245,-104
12272,-40,-13432,-269,266,-101
12236,48,-13168,-310,236,-90
12292,-28,-13284,-279,261,-77
12280,-44,-13312,-282,208,-100
12268,44,-13296,-285,230,-74
12280,84,-13144,-298,232,-69
12180,0,-13172,-282,239,-82
12308,8,-13292,-295,238,-97
12344,16,-13376,-294,225,-103
12192,0,-13180,-297,241,-104
12220,-12,-13228,-287,253,-80
12324,-40,-13260,-296,237,-84
12260,-12,-13396,-290,217,-94
12372,12,-13224,-296,251,-71
12148,4,-13312,-311,239,-85
12372,4,-13332,-285,235,-91
12268,-24,-13248,-283,257,-73
12240,12,-13116,-294,224,-88
12204,-72,-13292,-280,264,-94
12312,68,-13332,-276,233,-81
12380,-72,-13228,-295,227,-107
12216,72,-13180,-314,251,-66
12336,-12,-13276,-298,246,-106
12372,-100,-13340,-327,261,-87
12212,-16,-13436,-260,231,-138
12332,0,-13288,-267,187,-124
12216,-32,-13512,-356,370,-5
12164,-108,-13524,-346,451,233
12120,-292,-13104,-1167,-1395,519
12108,64,-13404,-536,649,497
12008,488,-13060,-1781,-1680,1392
11940,712,-13504,-7334,-1956,4636
10648,432,-13428,-6446,-1054,5368
11736,-848,-13872,-1348,788,1199
12232,128,-13056,-2254,-645,1954
11452,1128,-13796,-2174,314,1757
11772,296,-13896,-1555,-1600,2845
11508,-156,-13824,-389,-1794,2268
11556,-788,-14160,-463,-1350,1846
11568,248,-13952,-695,490,601
11388,-272,-13800,564,-2239,1371
11472,-24,-14036,138,-500,560
11116,-456,-14672,103,-117,-146
11404,-244,-14196,-93,347,-143
11156,-400,-14272,-641,362,-228
11436,-288,-14036,726,-384,267
11204,-572,-14220,195,-497,520
11384,-520,-14248,126,-182,247
11256,-608,-14200,28,-15,-57
11156,-648,-14348,-397,445,-128
11272,-580,-14200,-488,736,-438
11340,-384,-14308,-584,907,-569
11340,-528,-14308,474,-575,491
11388,-448,-14408,295,-529,308
11116,-764,-14480,190,-349,331
11152,-732,-14152,-273,529,-327
11228,-668,-14196,4,-218,179
11080,-748,-14340,232,-468,373
11008,-720,-14364,586,-702,649
10980,-784,-14544,348,-557,512
10964,-944,-14404,-303,474,-291
11048,-872,-14444,-107,-75,104
10892,-872,-14476,-474,615,-314
11084,-892,-14264,-548,761,-488
11020,-840,-14316,-620,664,-407
11240,-708,-14352,-621,815,-508
11188,-756,-14304,-416,557,-335
11068,-748,-14320,-125,-177,-33
11148,-660,-14320,-330,473,-331
11164,-748,-14348,-343,347,-140
11132,-740,-14436,-154,-61,91
11068,-724,-14304,-208,52,63
11112,-728,-14344,-435,495,-231
11252,-640,-14332,-30,69,-11
11064,-800,-14412,-386,643,-372
11220,-644,-14388,-181,58,-116
11068,-636,-14136,1092,-1379,661
10988,-956,-14220,-944,1261,-1002
11320,-500,-14060,-350,-512,470
11108,-648,-14368,1969,-3506,3163
10236,-1240,-15096,136,-849,1011
10832,-1084,-14420,-1909,1917,-933
11048,-788,-14748,-881,689,863
11040,-1068,-14368,-4390,2922,2450
10608,-3024,-15660,-2176,2272,29
11340,-624,-14192,515,-222,131
11352,-1080,-14136,-3696,3290,-303
11408,-640,-14116,-387,289,-120
11204,-420,-13968,-477,162,-303
11440,-392,-13916,-3862,2654,325
11476,-416,-14052,-2065,1777,-290
11472,-412,-13876,-239,156,-14
11564,-316,-13756,-67,63,-6
11904,128,-13892,-867,559,100
11416,-388,-14088,-501,804,-475
11644,296,-13872,-2973,2659,65
11744,-100,-13728,225,-100,-47
11804,-256,-13844,-1523,1331,-230
11748,-124,-13856,-493,365,-62
11768,-84,-13840,-69,36,-58
11744,-12,-13756,-312,239,-124
11700,-140,-13704,-868,601,-305
11828,-96,-13708,-499,543,-447
11724,-60,-13504,-160,2653,-3762
10908,28,-13136,2427,244,-2865
12096,348,-13400,-306,315,-59
11500,360,-14048,155,-419,-466
11976,176,-13500,-280,242,-119
12272,168,-13544,-214,359,-154
12068,240,-13408,-278,195,-152
12040,168,-13492,-292,232,-138
12008,268,-13596,-244,252,-142
11980,200,-13416,-295,249,-122
11952,244,-13664,-284,230,-104
12048,200,-13624,-286,264,-105
12036,212,-13536,-287,222,-119
12036,244,-13648,-274,265,-109
12052,168,-13552,-289,212,-85
11940,204,-13560,-287,223,-128
12060,172,-13468,-277,242,-91
12040,228,-13620,-281,241,-113
12004,252,-13572,-287,238,-116
12112,312,-13476,-292,215,-99
11932,280,-13548,-286,250,-113
12104,296,-13432,-301,230,-102
11996,172,-13576,-285,219,-90
18948,4760,10552,32767,8535,-8297
11780,-1372,-12104,15228,-473,-2087
8904,1132,-11456,-5947,8792,967
11680,476,-12700,-4267,-2361,3760
11668,332,-14272,12903,-30709,12984
10544,-436,-17068,-359,-1876,-759
9088,756,-20448,7496,-26915,1674
8088,-4496,-23148,2726,-32768,3160
-17584,-1076,-15460,32767,-32768,-30039
-3520,-6288,-14144,18545,-32768,-22306
-4092,-3760,-9256,4536,-23670,-9312
-14208,-12340,-20208,-1316,-32768,889
-8336,860,6340,32767,-32768,-14844
-14900,-4564,-7116,-13606,-13092,7494
-19856,-7512,-8180,-5899,-7348,-5455
-14224,-10596,-1780,2694,-4843,-8369
-12376,-8864,1108,-2919,1298,-1877
-12556,-10248,-2288,-3101,-3981,-654
-11512,-11576,-664,-694,-32,2028
-11356,-9588,-868,-1736,2543,6031
-12356,-9124,-1272,4186,277,12326
-13376,-6844,-2304,9546,22587,15292
-22048,-5404,-3924,5666,-5019,7551
-14884,-4624,1956,5097,-18806,755
-13772,-5304,892,-12,-2132,-2028
-15036,-6332,-348,290,-2032,-1942
-14444,-5724,1388,-1569,-5326,-2928
-13344,-6424,1956,-1348,-4984,-4613
-14792,-7892,612,-1056,-11643,-1761
-12596,-6872,2708,-1681,-2139,-775
-14572,-7680,2008,-590,-2374,-612
-12856,-7524,2480,468,-1123,-115
-13976,-6452,3460,-149,319,-434
-12820,-7116,3060,780,4253,-322
-13956,-6784,2696,14,3960,-795
-12720,-6556,3028,-1195,1446,1914
-13168,-6632,2512,-1308,7116,1913
-12096,-7068,-216,730,29473,2086
-12860,-5380,-4280,3810,32767,2443
-16820,-1004,-660,-7900,4212,3482
-13740,-5308,-6112,-11948,19290,1338
-12612,-5024,-8180,-14115,24273,380
-12528,-2436,-12420,-15479,17515,-8688
-10080,-5484,-12600,-12160,30606,-20473
-4628,-5036,-18444,-16678,4320,4062
-8252,-3836,-15048,-360,-4575,2406
-7564,-4156,-16596,5479,2030,-2359
-8580,-3724,-,71414500,-192,-340
-7964,-4036,-15608,-485,1925,-877
-8156,-3900,-15236,-69,-531,224
-8280,-3808,-15144,-395,567,-259
-8140,-3908,-15404,-337,415,-190
-8144,-3880,-15176,-293,188,-80
-8160,-3888,-15216,-307,364,-170
-8140,-3872,-15356,-326,374,-165
-8104,-3968,-15304,-293,282,-93
-8200,-3924,-15256,-280,362,-134
-8100,-3912,-15252,-314,323,-131
-80419,327,-134,-3880,-1,312
-8084,-4004,-15252,-304,274,-120
-80419,327,-134,-3880,-1,312
-80685360,-318,-3940,-15456,-296,382
-80685360,-318,-3940,-15456,-296,382
-8140,-3944,-15240,-309,440,-165
-7980,-3884,-15296,-293,344,-130
-8036,-3896,-15216,-306,325,-116
-8128,-3996,-15256,-318,338,-147
-8024,-3968,-15416,-330,323,-124
-8012,-3856,-15348,-307,334,-117
-7932,-4000,-15264,-299,304,-126
-8020,-3944,-15296,-322,316,-138
-7972,-3956,-15420,-318,333,-132
-8016,-3940,-15400,-302,293,-138
-7960,-3916,-15264,-304,283,-119
-7980,-3956,-15248,-304,304,-96
-7964,-3904,-15392,-279,305,-116
-8012,-3916,-15348,-326,315,-139
-7980,-3868,-15388,-323,336,-141
-8000,-3944,-15452,-313,312,-118
-7932,-3972,-15348,-312,276,-108
-7992,-3976,-15272,-302,298,-114
-7884,-4004,-15288,-314,305,-121
-7840,-4064,-15416,-305,302,-116
-7980,-3944,-15400,-301,279,-97
-7932,-3892,-15396,-317,282,-135
-7976,-3912,-15444,-321,315,-103
-7828,-3924,-15428,-282,300,-95
-7972,-4024,-15460,-318,262,-106
-7988,-3928,-15312,-299,276,-103
-7936,-3984,-15372,-288,256,-124
-7876,-4024,-15524,-306,258,-102
-7960,-3936,-15424,-326,271,-84
-8004,-3972,-15376,-296,303,-79
-7916,-3948,-15488,-306,288,-126
-7940,-3884,-15428,-331,299,-149
-7872,-3904,-15368,-285,273,-107
-7872,-3940,-15376,-313,285,-126
-7784,-3852,-15480,-308,300,-105
-7884,-4032,-15308,-305,280,-98
-7984,-3996,-15324,-330,280,-86
-7944,-3924,-15560,-315,280,-99
-7872,-3948,-15344,-313,270,-119
-7912,-3980,-15520,-300,301,-109
-7892,-3912,-15488,-294,275,-97
-7776,-3924,-15344,-325,260,-89
-7832,-3884,-15480,-314,259,-92
-7876,-3916,-15468,-297,273,-90
-7900,-3976,-15480,-304,267,-108
-7828,-4000,-15484,-306,272,-122
-7816,-3876,-15492,-300,251,-103
-7900,-3936,-15344,-317,251,-113
-7868,-3988,-15336,-301,256,-103
-7900,-3968,-15444,-300,272,-105
-7848,-3860,-15612,-301,272,-128
-7912,-4024,-15504,-311,278,-112
-7756,-4012,-15512,-300,284,-94
-7868,-3928,-153647728,-3920,-303,261
-7868,-3928,-153647728,-3920,-303,261
-7884,-3932,-15604,-310,275,-109
-7760,-3988,-15456,-296,264,-110
-7856,-3992,-15404,-316,240,-100
-7796,-3952,-15424,-302,265,-98
-7772,-3948,-15428,-306,271,-79
-7832,-3944,-15548,-285,268,-104
-7840,-4040,-15356,-303,263,-109
-7864,-3980,-15384,-298,266,-119
-7860,-3884,-15452,-315,256,-99
-7812,-3956,-15468,-324,277,-108
-7808,-3920,-15396,-284,254,-88
-7784,-4064,-15476,-330,286,-122
-7828,-3928,-15412,-293,247,-103
-7712,-3920,-15512,-303,288,-94
-7776,-3880,-15444,-342,268,-113
-7824,-3880,-15480,-293,248,-105
-7788,-3980,-15588,-314,264,-102
-7752,-4012,-15504,-305,259,-131
-7804,-3952,-15348,-283,264,-109
-7792,-3944,-15468,-299,260,-101
-7820,-3888,-15500,-313,242,-101
-7792,-3960,-15500,-304,249,-108
-7864,-3960,-15384,-313,268,-87
-7872,-3988,-15560,-294,252,-102
-7808,-3884,-15440,-324,256,-96
-7820,-3948,-15532,-296,242,-97
-7884,-3908,-15444,-311,271,-101
-7800,-4008,-15580,-302,261,-86
-7892,-3924,-15540,-284,261,-100
-7928,-3908,-15448,-283,244,-119
-7788,-3936,-15544,-283,260,-88
-7752,-3996,-15492,-307,248,-125
-7836,-3984,-15488,-314,257,-114
-7844,-3912,-15444,-310,284,-89
-7816,-3896,-15472,-317,271,-105
-7764,-3976,-15408,-320,237,-97
-7836,-3924,-15484,-290,235,-104
-7764,-3952,-15544,-299,266,-102
-7828,-3904,-15464,-302,251,-87
-7852,-4048,-15428,-326,265,-94
-7756,-3924,-15576,-280,261,-93
-7752,-3944,-15636,-286,270,-110
-7784,-3952,-15584,-287,231,-106
-7748,-3924,-15496,-319,255,-99
-7788,-3932,-15496,-282,258,-91
-7740,-3888,-15516,-290,228,-78
-7792,-3984,-15656,-294,239,-105
-7740,-3992,-15432,-287,223,-94
-7772,-3956,-15696,-294,236,-117
-7792,-3936,-15560,-294,253,-128
-7704,-3872,-15564,-289,258,-98
-7752,-3964,-15496,-293,258,-100
-7632,-4004,-15404,-296,251,-95
-7764,-3840,-15556,-301,261,-99
-7736,-3908,-15448,-281,228,-94
-7872,-3944,-15640,-304,258,-91
-7708,-3932,-15512,-298,259,-91
-7716,-3956,-15512,-303,257,-100
-7808,-3976,-15712,-299,252,-79
-7784,-3948,-15584,-288,282,-120
-7724,-3896,-15512,-272,260,-90
-7752,-3984,-15580,-278,223,-96
-7776,-3980,-15568,-313,270,-85
-7752,-3896,-15532,-283,270,-87
-7696,-4000,-15464,-271,237,-87
-7740,-3856,-15624,-275,271,-78
-7632,-3884,-15628,-319,257,-85
-7756,-3928,-15568,-311,244,-98
-7788,-3948,-15580,-297,266,-95
-7736,-4040,-15588,-295,254,-102
-7740,-3976,-15484,-291,244,-80
-7784,-4028,-15596,-302,241,-92
-7704,-3928,-15488,-311,241,-94
-7728,-3856,-15536,-309,251,-90
-7720,-3912,-15540,-278,261,-92
-7696,-3972,-15488,-294,261,-92
-7800,-3944,-15684,-293,254,-98
-7788,-3952,-15624,-291,258,-91
-7736,-4012,-15572,-305,261,-75
-7780,-4044,-15680,-296,241,-91
-7752,-3992,-15432,-297,241,-83
-7736,-4016,-15516,-308,251,-84
-7744,-3976,-15520,-298,263,-87
-7752,-3924,-15604,-300,254,-94
-7796,-4004,-15720,-332,248,-117
-7756,-3904,-15440,-310,247,-94
-7584,-3880,-15412,-299,246,-118
-7728,-3936,-15584,-287,245,-90
-7856,-3972,-15420,-301,259,-93
-7744,-3856,-15528,-299,267,-71
-7712,-3908,-15532,-309,285,-89
-7716,-3852,-15532,-305,225,-88
-7688,-3956,-15480,-293,242,-108
-7716,-4016,-15552,-296,233,-101
-7672,-4024,-15568,-281,286,-113
-7820,-3836,-15496,-300,233,-74
-7676,-3932,-15460,-274,233,-98
-7696,-3936,-15428,-294,289,-79
-7744,-3856,-15584,-293,257,-84
-7684,-3984,-15400,-286,256,-102
-7644,-3924,-15420,-283,243,-95
-7776,-4000,-15504,-303,239,-98
-7704,-3972,-15460,-313,248,-108
-7748,-3968,-15512,-312,249,-97
-7668,-3892,-15608,-304,240,-75
-7744,-3988,-15424,-294,236,-99
-7624,-3884,-15548,-298,251,-98
-7676,-3996,-15444,-303,245,-101
-7732,-3940,-15492,-308,240,-97
-7724,-4000,-15520,-301,271,-101
-7780,-3988,-15628,-310,236,-101
-7800,-3984,-15548,-292,236,-76
-7684,-3956,-15584,-314,229,-105
-7696,-3924,-15476,-299,267,-107
-7748,-3828,-15392,-289,279,-123
-7744,-3912,-15556,-305,276,-95
-7760,-3908,-15564,-297,282,-98
-7604,-3952,-15492,-316,262,-81
-7708,-3976,-15524,-278,246,-86
-7708,-3968,-15512,-295,246,-89
-7712,-3940,-15592,-299,250,-113
-7676,-3916,-15612,-295,247,-99
-7752,-3956,-15476,-300,226,-91
-7700,-3940,-15444,-295,253,-91
-7708,-3832,-15516,-303,255,-98
-7684,-3988,-15584,-307,253,-89
-7700,-4052,-15504,-277,263,-100
-7680,-3984,-15476,-304,242,-98
-7672,-4020,-15468,-308,267,-61
-7740,-3928,-15564,-318,227,-110
-7620,-3960,-15384,-310,246,-80
-7760,-4004,-15564,-340,272,-100
-7744,-3936,-15500,-309,251,-93
-7568,-3844,-15684,-284,246,-91
-7724,-3892,-15716,-319,234,-110
-7792,-3840,-15612,-313,225,-76
-7656,-4012,-15440,-319,259,-111
-7744,-3928,-15568,-304,255,-91
-7752,-3916,-15632,-289,259,-99
-7628,-3824,-15736,-282,258,-108
-7684,-4068,-15480,-291,230,-105
-7772,-3944,-15612,-316,248,-83
-7752,-3964,-15452,-305,255,-104
-7716,-3968,-15624,-302,235,-92
-7720,-3908,-15600,-289,233,-90
-7636,-3892,-15496,-284,231,-83
-7684,-4000,-15728,-295,229,-82
-7632,-3844,-15512,-299,230,-111
-7676,-3952,-15576,-306,245,-102
-7592,-3956,-15636,-291,244,-81
-7664,-4000,-15488,-307,240,-98
-7756,-3892,-15644,-341,242,-93
-7644,-3896,-15576,-305,265,-85
-7704,-3932,-15616,-307,252,-115
-7656,-3968,-15520,-294,252,-73
-7620,-3904,-15656,-304,245,-91
-7664,-3968,-15516,-303,258,-101
-7568,-3940,-15636,-291,254,-91
-7636,-4008,-15528,-287,265,-97
-7692,-3884,-15596,-273,254,-85
-7688,-3924,-15576,-297,240,-91
-7640,-3908,-15540,-296,248,-113
-7620,-3956,-15712,-297,221,-84
-7724,-3944,-15508,-292,246,-96
-7696,-3912,-15664,-318,229,-78
-7704,-3940,-15812,-297,249,-103
-7720,-3956,-15592,-310,258,-91
-7588,-3980,-15604,-292,250,-107
-7712,-3880,-15636,-296,231,-107
-7732,-3984,-15648,-287,228,-104
-7712,-4040,-15652,-308,231,-74
-7700,-3936,-15556,-299,236,-79
-7624,-3896,-15548,-304,240,-96
-7676,-3980,-15480,-308,247,-75
-7728,-3932,-15540,-287,260,-82
-7640,-3984,-15544,-277,260,-99
-7640,-3948,-15656,-286,220,-107
-7640,-4024,-15596,-288,266,-92
-7568,-3924,-15568,-286,228,-94
-7716,-3928,-15600,-283,246,-108
-7604,-3852,-15592,-306,263,-104
-7524,-3952,-15672,-312,239,-81
-7640,-3868,-15608,-285,246,-92
-7688,-4000,-15512,-321,266,-83
-7656,-3960,-15496,-292,259,-87
-7604,-3908,-15608,-283,271,-109
-7536,-3936,-15600,-290,251,-99
-7592,-3940,-15540,-277,258,-92
-7756,-3968,-15568,-307,251,-84
-7688,-3952,-15616,-309,229,-87
-7684,-3984,-15648,-307,253,-98
-7648,-3924,-15620,-293,263,-83
-7712,-3956,-15588,-305,241,-74
-7600,-3984,-15456,-301,247,-90
-7636,-3996,-15696,-322,230,-98
-7716,-3972,-15692,-302,249,-95
-7624,-4036,-15632,-280,278,-95
-7656,-3900,-15720,-291,232,-117
-7696,-4024,-15612,-298,247,-110
-7748,-3916,-15604,-280,269,-100
-7596,-3948,-15696,-299,274,-86
-7848,-3980,-15716,-303,245,-116
-7644,-3916,-15636,-285,257,-105
-7656,-3856,-15624,-312,233,-79
-7620,-3980,-15648,-314,235,-96
-7560,-3980,-15616,-306,228,-77
-7772,-4064,-15628,-303,245,-86
-7664,-4008,-15552,-291,227,-95
-7572,-3996,-15652,-304,255,-92
-7680,-3904,-15548,-280,248,-80
-7648,-3892,-15464,-299,271,-93
-7644,-3900,-15688,-314,253,-76
-7604,-3912,-15624,-303,260,-85
-7508,-3916,-15516,-288,240,-116
-7604,-3916,-15724,-303,217,-107
-7548,-3992,-15656,-287,254,-85
-7752,-3952,-15580,-283,215,-98
-7632,-3980,-15496,-297,241,-95
-7656,-3820,-15516,-304,227,-93
-7676,-3948,-15540,-290,242,-79
-7700,-3952,-15568,-299,246,-98
-7664,-3952,-15620,-292,250,-77
-7664,-3832,-15700,-290,234,-97
-7644,-3984,-15520,-299,228,-96
-7744,-3884,-15632,-313,244,-88
-7540,-3832,-15508,-302,241,-101
-7628,-3904,-15624,-285,239,-80
-7656,-3976,-15720,-317,248,-94
-7528,-3844,-15628,-301,240,-88
-7516,-3964,-15440,-315,266,-108
-7572,-3960,-15636,-304,251,-65
-7576,-3964,-15616,-306,240,-98
-7604,-3900,-15664,-296,245,-97
-7616,-4096,-15612,-275,249,-86
-7544,-3896,-15612,-314,237,-87
-7544,-3920,-15632,-312,262,-109
-7700,-3920,-15748,-290,246,-112
-7740,-3932,-15632,-302,261,-93
-7732,-3996,-15560,-287,236,-102
-7472,-3956,-15596,-313,265,-94
-7700,-4012,-15720,-301,234,-85
-7592,-4000,-15452,-309,236,-83
-7600,-3984,-15652,-294,251,-100
-7632,-4004,-15680,-284,268,-111
-7656,-3956,-15528,-316,246,-101
-7592,-3996,-15556,-284,247,-67
-7608,-3888,-15628,-325,337,-104
-7604,-3940,-15584,-303,203,-90
-7660,-3940,-15600,-298,260,-105
-7616,-3916,-15640,-298,252,-112
-7588,-3924,-15656,-329,252,-96
-7676,-3956,-15588,-298,241,-117
-7596,-3964,-15608,-282,265,-66
-7592,-3976,-15584,-285,271,-100
-7616,-3912,-15536,-296,235,-100
-7632,-3984,-15584,-299,249,-98
-7648,-3916,-15532,-280,245,-82
-7644,-4004,-15696,-290,257,-96
-7508,-3936,-15632,-285,259,-104
-7624,-3928,-15648,-294,226,-110
-7576,-3904,-15708,-300,256,-119
-7568,-3980,-15672,-309,259,-91
-7576,-3904,-15612,-307,238,-104
-7624,-3916,-15636,-304,238,-91
-7584,-3968,-15480,-324,265,-108
-7616,-3956,-15524,-281,223,-95
-7568,-3832,-15648,-279,268,-78
-7608,-3972,-15624,-331,243,-95
-7616,-3864,-15484,-318,260,-93
-7628,-3904,-15668,-286,248,-96
-7616,-4008,-15600,-300,258,-80
-7548,-3932,-15664,-295,265,-74
-7516,-3928,-15464,-293,251,-108
-7588,-3984,-15612,-307,271,-96
-7560,-4028,-15636,-310,265,-102
-7536,-3984,-15692,-283,263,-101
-7584,-3968,-15480,-305,262,-118
-7536,-3996,-15472,-297,252,-91
-7592,-4000,-15636,-315,236,-91
-7480,-3936,-15500,-299,249,-86
-7652,-3920,-15580,-314,252,-97
-7568,-3908,-15488,-280,230,-96
-7640,-3960,-15712,-292,252,-100
-7664,-4000,-15516,-284,244,-87
-7524,-3940,-15612,-315,231,-89
-7580,-3868,-15644,-308,258,-82
-7432,-3964,-15604,-294,236,-103
-7464,-3928,-15800,-301,256,-90
-7668,-3932,-15712,-315,268,-87
-7516,-3940,-15704,-292,254,-90
-7600,-4016,-15628,-302,215,-79
-7568,-3796,-15568,-296,250,-75
-7708,-3932,-15656,-301,243,-102
-7584,-3964,-15648,-307,240,-78
-7580,-3884,-15580,-302,251,-85
-7636,-3892,-15636,-289,227,-103
-7608,-3940,-15536,-310,263,-79
-7492,-3908,-15504,-277,251,-93
-7480,-3936,-15540,-290,235,-84
-7540,-3908,-15640,-291,249,-87
-7536,-4008,-15652,-316,231,-77
-7576,-3916,-15680,-282,225,-98
-7560,-3928,-15624,-293,238,-100
-7572,-3888,-15708,-288,235,-79
-7568,-3928,-15712,-301,235,-100
-7584,-3888,-15672,-300,259,-100
-7540,-3884,-15648,-294,243,-91
-7580,-3984,-15660,-300,247,-98
-7540,-3940,-15648,-303,249,-88
-7544,-3916,-15552,-288,276,-80
-7600,-3884,-15652,-305,228,-92
-7648,-3904,-15756,-283,259,-119
-7476,-3900,-15572,-307,243,-100
-7576,-3968,-15672,-314,253,-90
-7636,-3932,-15456,-285,250,-90
-7568,-3980,-15648,-286,244,-92
-7608,-3888,-15544,-298,235,-96
-7540,-3888,-15580,-301,223,-104
-7576,-4028,-15684,-301,251,-98
-7632,-3972,-15552,-316,217,-76
-7616,-3884,-15672,-275,247,-103
-7524,-3892,-15796,-293,240,-82
-7528,-3956,-15608,-294,250,-95
-7636,-3932,-15632,-295,245,-112
-7512,-4020,-15584,-308,254,-98
-7528,-3916,-15612,-290,253,-82
-7544,-3932,-15488,-304,267,-84
-7556,-3964,-15616,-321,241,-106
-7572,-3872,-15740,-288,248,-72
-7588,-3896,-15556,-309,238,-94
-7536,-3988,-15728,-296,255,-100
-7520,-3944,-15624,-294,253,-95
-7640,-3972,-15660,-299,251,-100
-7616,-3924,-15580,-301,252,-90
-7592,-3988,-15732,-298,234,-105
-7468,-3848,-15740,-320,260,-72
-7484,-3908,-15508,-296,259,-95
-7488,-3900,-15608,-289,230,-92
-7516,-3904,-15604,-293,249,-72
-7612,-3872,-15608,-299,222,-62
-7540,-3940,-15632,-309,221,-113
-7452,-3864,-15616,-305,224,-79
-7556,-3924,-15596,-317,239,-79
-7588,-3956,-15756,-290,238,-100
-7656,-3924,-15664,-307,249,-83
-7504,-3924,-15712,-286,244,-102
-7584,-3920,-15704,-295,220,-99
-7524,-3892,-15736,-320,237,-87
-7552,-3996,-15736,-312,244,-91
-7488,-3956,-15700,-317,243,-94
-7504,-3832,-15676,-298,254,-88
-7516,-3964,-15584,-307,240,-86
-7544,-3920,-15672,-300,261,-88
-7448,-3928,-15684,-301,246,-89
-7412,-3916,-15696,-305,257,-109
-7572,-3876,-15660,-284,275,-93
-7560,-3848,-15608,-282,269,-89
-7596,-3952,-15716,-312,243,-107
-7632,-4012,-15740,-277,234,-100
-7532,-3908,-15568,-291,231,-100
-7576,-3880,-15584,-296,242,-84
-7568,-3972,-15600,-332,267,-92
-7500,-3948,-15720,-304,242,-99
-7624,-3948,-15596,-290,249,-106
-7492,-3972,-15728,-301,260,-89
-7572,-3908,-15644,-290,260,-95
-7496,-3928,-15692,-315,243,-94
-7548,-3916,-15660,-287,244,-94
-7488,-3932,-15580,-295,244,-87
-7508,-3940,-15552,-320,286,-107
-7500,-3860,-15676,-281,235,-92
-7528,-3816,-15756,-288,253,-86
-7500,-3896,-15756,-287,260,-110
-7588,-3956,-15696,-292,241,-116
-7512,-3904,-15652,-311,232,-91
-7552,-3844,-15596,-297,235,-91
-7568,-3968,-15584,-323,220,-74
-7568,-3968,-15620,-315,237,-107
-7488,-3884,-15684,-304,254,-110
-7512,-3976,-15696,-299,223,-100
-7472,-4012,-15592,-307,248,-108
-7488,-3848,-15716,-300,252,-93
-7480,-3908,-15868,-281,228,-86
-7480,-3996,-15620,-288,257,-95
-7468,-3904,-15628,-306,261,-79
-7540,-3916,-15584,-307,254,-106
-7452,-4040,-15708,-301,265,-95
-7472,-3840,-15760,-288,268,-113
-7536,-3888,-15632,-309,273,-93
-7512,-3924,-15736,-297,252,-89
-7548,-3844,-15720,-299,270,-82
-7544,-3892,-15536,-292,269,-94
-7580,-3900,-15540,-295,231,-93
-7568,-3904,-15764,-308,232,-89
-7540,-3908,-15652,-301,249,-93
-7500,-3844,-15640,-317,245,-105
-7488,-3888,-15740,-296,224,-114
-7424,-3924,-15724,-288,236,-116
-7500,-3924,-15552,-297,238,-73
-7492,-3916,-15688,-294,242,-73
-7476,-3984,-15504,-295,236,-85
-7448,-3940,-15768,-291,244,-98
-7584,-3844,-15716,-287,254,-72
-7480,-3816,-15648,-279,248,-90
-7548,-4012,-15760,-294,255,-113
-7600,-3856,-15636,-303,259,-77
-7496,-3820,-15696,-284,229,-112
-7428,-3944,-15528,-301,236,-83
-7584,-3904,-15656,-298,252,-113
-7516,-3880,-15712,-274,245,-74
-7472,-3952,-15580,-291,280,-105
-7436,-3884,-15544,-297,238,-101
-7504,-3900,-15724,-312,278,-88
-7520,-3912,-15588,-279,242,-132
-7476,-3924,-15664,-286,246,-85
-7500,-3960,-15584,-268,236,-100
-7464,-3952,-15760,-290,240,-98
-7460,-3904,-15740,-321,229,-8500
-7460,-3904,-15740,-321,229,-8500
-7460,-3904,-15740,-321,229,-8500
-7564,-3944,-15640,-288,217,-87
-7504,-3808,-15692,-284,243,-107
-7588,-3848,-15744,-290,265,-106
-7440,-3968,-15820,-304,238,-84
-7604,-3928,-15740,-313,258,-93
-7484,-3928,-15696,-329,239,-101
-7568,-3960,-15600,-303,245,-89
-7520,-3876,-15832,-295,246,-75
-7556,-3976,-15624,-299,270,-80
-7540,-3880,-15720,-289,222,-97
-7568,-3884,-15576,-308,267,-85
-7492,-4024,-15664,-303,237,-88
-7536,-3900,-15492,-282,240,-72
-7444,-3900,-15732,-293,221,-91
-7544,-3880,-15756,-286,234,-105
-7444,-3884,-15516,-303,266,-95
-7480,-3924,-15664,-302,234,-110
-7448,-3916,-15704,-306,259,-76
-7536,-3936,-15700,-286,259,-83
-7516,-3928,-15668,-308,241,-92
-7528,-3896,-15624,-295,239,-79
-7500,-3972,-15792,-299,238,-89
-7476,-3884,-15696,-297,226,-81
-7452,-3912,-15540,-281,243,-104
-7528,-3964,-15700,-274,251,-84
-7544,-3856,-15592,-305,252,-91
-7528,-3904,-15676,-285,220,-84
-7424,-3912,-15524,-301,229,-105
-7432,-3744,-15560,-264,235,-86
-7528,-3952,-15740,-306,238,-67
-7516,-3976,-15748,-297,245,-83
-7408,-3844,-15684,-291,250,-96
-7472,-3860,-15712,-307,237,-109
-7500,-3924,-15636,-300,274,-101
-7396,-3848,-15716,-314,227,-94
-7428,-3892,-15616,-292,245,-69
-7496,-3820,-15624,-305,242,-90
-7508,-3956,-15556,-306,246,-114
-7440,-3924,-15732,-272,233,-112
-7404,-3940,-15660,-309,266,-80
-7540,-3936,-15680,-309,240,-105
-7444,-3956,-15728,-299,232,-93
-7560,-3888,-15712,-301,234,-97
-7432,-3852,-15704,-319,249,-98
-7492,-3924,-15656,-285,267,-88
-7460,-3860,-15724,-292,265,-98
-7496,-3888,-15796,-327,250,-84
-7444,-3988,-15592,-284,253,-83
-7488,-3896,-15720,-280,262,-84
-7484,-3920,-15644,-302,236,-107
-7484,-3884,-15612,-291,243,-86
-7520,-3876,-15700,-282,250,-101
-7492,-3928,-15644,-331,238,-91
-7452,-3860,-15676,-277,238,-75
-7500,-3916,-15652,-291,230,-107
-7528,-3968,-15732,-305,256,-79
-7516,-3848,-15692,-308,238,-99
-7468,-3928,-15756,-302,237,-69
-7560,-3864,-15616,-284,235,-92
-7472,-3880,-15644,-310,239,-92
-7440,-3815556,-2856,-3,238,-110
-7488,-3904,-15748,-308,249,-102
-7476,-3880,-15788,-297,245,-85
-7464,-3880,-15820,-280,222,-94
-7436,-3896,-15800,-321,258,-94
-7452,-3828,-15652,-301,229,-97
-7412,-3928,-15828,-301,253,-99
-7464,-3908,-15724,-325,255,-86
-7456,-3956,-15792,-304,248,-74
-7412,-3896,-15704,-294,249,-105
-7512,-3872,-15684,-316,251,-82
-7484,-3844,-15656,-306,254,-65
-7548,-3892,-15492,-293,268,-94
-7460,-3844,-15748,-304,241,-94
-7488,-3900,-15736,-314,230,-85
-7468,-3836,-15616,-299,276,-76
-7528,-3852,-15568,-287,252,-77
-7416,-3776,-15632,-286,240,-94
-7516,-4004,-15708,-303,269,-100
-7448,-3928,-15644,-319,240,-103
-7432,-3940,-15704,-294,256,-108
-7412,-3960,-15676,-264,224,-81
-7564,-3984,-15692,-310,229,-94
-7500,-3824,-15728,-290,238,-78
-7396,-3860,-15716,-309,245,-110
-7460,-3852,-15720,-293,246,-96
-7372,-3928,-15612,-303,235,-98
-7408,-3836,-15780,-288,271,-91
-7396,-3880,-15632,-325,237,-84
-7500,-3952,-15728,-304,269,-84
-7380,-3856,-15696,-298,268,-98
-7412,-3928,-15732,-309,251,-102
-7396,-3924,-15684,-306,246,-89
-7468,-3888,-15620,-305,281,-91
-7440,-3956,-15700,-320,249,-74
-7500,-3952,-15684,-315,237,-88
-7576,-3916,-15724,-292,253,-80
-7456,-3896,-15780,-297,246,-89
-7364,-3876,-15648,-310,234,-97
-7372,-3752,-15648,-310,241,-84
-7484,-3948,-15736,-304,255,-105
-7460,-3836,-15572,-282,246,-116
-7496,-3912,-15668,-285,264,-70
-7432,-3820,-15656,-288,248,-85
-7440,-3848,-15616,-321,260,-97
-7464,-3988,-15736,-288,236,-70
-7440,-3916,-15748,-322,243,-84
-7524,-3860,-15748,-298,256,-75
-7384,-3904,-15712,-312,243,-113
-7520,-3976,-15768,-279,237,-92
-7540,-3804,-15704,-296,231,-104
-7436,-3868,-15648,-284,247,-86
-7448,-3920,-15836,-296,238,-110
-7384,-3880,-15628,-287,208,-84
-7428,-3920,-15740,-292,248,-72
-7452,-3840,-15608,-296,249,-101
-7504,-3932,-15644,-294,250,-105
-7356,-3884,-15780,-319,245,-93
-7428,-3928,-15612,-293,244,-78
-7340,-3840,-15636,-303,220,-101
-7452,-3872,-15612,-271,256,-91
-7480,-3896,-15632,-318,224,-79
-7444,-3860,-15784,-292,237,-81
-7520,-3904,-15792,-292,260,-94
-7396,-3932,-15660,-289,229,-104
-7460,-3848,-15752,-296,241,-89
-7512,-3956,-15744,-282,240,-84
-7408,-3804,-15680,-317,243,-71
-7376,-3968,-15776,-286,223,-84
-7496,-3872,-15664,-288,247,-97
-7484,-3856,-15776,-300,240,-93
-7436,-3920,-15624,-286,243,-91
-7440,-3948,-15704,-299,244,-70
-7512,-3852,-15656,-299,251,-76
-7568,-3964,-15620,-292,243,-99
-7492,-3892,-15716,-283,244,-94
-7456,-3844,-15640,-296,253,-90
-7424,-3864,-15700,-316,256,-99
-7448,-3920,-15764,-296,242,-74
-7400,-3952,-15728,-316,233,-86
-7440,-3868,-15836,-300,257,-102
-7564,-3960,-15648,-295,223,-90
-7340,-3924,-15720,-278,233,-88
-7476,-3908,-15816,-305,255,-82
-7416,-3936,-15800,-301,223,-90
-7496,-3912,-15644,-304,276,-94
-7416,-3860,-15676,-326,248,-91
-7300,-3912,-15784,-303,282,-78
-7568,-3916,-15712,-280,240,-100
-7372,-3848,-15644,-293,251,-96
-7540,-3852,-15628,-314,240,-103
-7444,-3876,-15672,-314,227,-91
-7452,-3828,-15792,-305,268,-94
-7448,-3876,-15684,-284,241,-118
-7488,-3876,-15720,-282,223,-91
-7328,-4024,-15692,-293,278,-76
-7524,-3856,-15780,-290,232,-90
-7484,-3960,-15744,-298,236,-92
-7380,-3948,-15800,-316,248,-86
-7508,-3876,-15736,-293,242,-95
-7484,-3864,-15708,-303,266,-92
-7372,-3988,-15768,-296,264,-81
-7440,-3892,-15548,-295,248,-89
-7424,-3892,-15732,-288,241,-123
-7380,-3856,-15748,-300,264,-105
-7400,-3928,-15728,-293,255,-89
-7472,-3960,-15744,-296,245,-94
-7392,-3904,-15792,-271,230,-86
-7460,-3968,-15644,-323,216,-81
-7420,-3820,-15580,-305,246,-89
-7448,-3880,-15756,-292,244,-92
-7436,-3884,-15552,-304,251,-77
-7420,-3816,-15756,-290,228,-82
-7484,-3920,-15708,-307,247,-90
-7440,-3892,-15772,-288,246,-93
-7516,-3876,-15688,-298,233,-81
-7396,-3784,-15572,-293,233,-89
-7472,-3916,-15664,-299,246,-77
-7460,-3900,-15640,-303,228,-79
-7404,-3880,-15676,-295,242,-87
-7372,-3872,-15792,-282,229,-86
-7428,-3828,-15664,-307,238,-97
-7380,-3944,-15740,-288,253,-85
-7500,-3972,-15732,-292,246,-81
-7380,-3828,-15684,-310,243,-90
-7336,-3804,-15920,-298,227,-98
-7576,-3876,-15560,-267,230,-85
-7408,-3888,-15684,-303,255,-98
-7440,-3956,-15768,-302,258,-86
-7440,-3904,-15696,-300,233,-107
-7540,-3904,-15588,-297,239,-86
-7472,-3860,-15748,-273,242,-93
-7452,-3844,-15792,-313,238,-91
-7384,-3820,-15748,-328,238,-100
-7376,-3904,-15828,-287,229,-95
-7332,-3884,-15740,-309,243,-90
-7504,-3856,-15700,-283,220,-74
-7464,-3984,-15772,-283,249,-83
-7432,-3792,-15728,-315,247,-94
-758,-452,-3892,-15752,-298,240
-7364,-3920,-15680,-283,249,-81
-758,-452,-3892,-15752,-298,240
-7424,-3980,-15736,-310,251,-106
-7428,-3868,-15708,-296,253,-80
-7392,-3916,-15800,-275,236,-79
-7396,-3892,-15712,-307,235,-93
-7384,-3872,-15756,-290,242,-89
-7372,-3872,-15724,-280,220,-102
-7436,-3924,-15776,-293,237,-96
-7464,-3928,-15684,-296,241,-90
-7368,-3916,-15800,-284,231,-104
-7372,-3840,-15660,-309,222,-107
-7348,-3840,-15648,-297,253,-72
-7480,-3844,-15736,-305,283,-75
-7436,-3780,-15776,-289,253,-81
-7540,-3928,-15792,-304,236,-117
-7384,-3932,-15708,-323,246,-104
-7436,-3804,-15696,-290,239,-98
-7392,-3880,-15852,-288,230,-104
-7484,-3904,-15688,-303,250,-102
-7388,-3932,-15648,-297,250,-76
-7476,-3896,-15748,-295,263,-90
-7512,-3792,-15704,-286,233,-96
-7416,-3844,-15648,-296,259,-73
-7416,-3884,-15732,-290,221,-88
-7436,-3924,-15688,-305,246,-84
-7420,-3928,-15820,-284,249,-75
-7440,-3888,-15732,-270,218,-100
-7468,-3820,-15684,-308,237,-74
-7432,-3912,-15732,-289,245,-94
-7344,-3852,-15876,-308,229,-95
-7468,-3924,-15796,-272,226,-73
-7444,-3884,-15500,-310,241,-67
-7404,-3848,-15740,-302,232,-82
-7416,-3792,-15664,-296,242,-89
-7524,-3960,-15720,-277,242,-69
-7344,-3820,-15716,-282,237,-75
-7440,-3888,-15636,-299,246,-84
-7380,-3812,-15832,-298,210,-88
-7432,-3916,-15684,-276,234,-70
-7408,-3968,-15728,-279,269,-102
-7492,-3940,-15712,-308,229,-80
-7292,-3928,-15776,-295,239,-79
-7324,-3928,-15576,-296,226,-88
-7396,-3924,-15804,-290,259,-65
-7396,-3912,-15684,-287,248,-80
-7492,-3804,-15620,-291,253,-94
-7436,-3896,-15680,-313,238,-97
-7448,-3876,-15796,-269,230,-86
-7460,-3900,-15796,-272,257,-83
-7436,-3820,-15764,-288,241,-79
-7500,-3900,-15684,-290,243,-77
-7332,-3848,-15788,-287,265,-96
-7360,-3884,-15808,-295,225,-85
-7448,-3880,-15784,-302,240,-87
-7428,-3896,-15736,-294,257,-96
-7452,-3956,-15816,-294,223,-87
-7392,-3888,-15692,-300,244,-93
-7396,-3876,-15524,-308,230,-87
-7360,-3876,-15796,-294,228,-100
-7428,-3856,-15708,-317,227,-85
-7332,-3788,-15620,-304,241,-85
-7444,-4028,-15604,-302,264,-101
-7452,-3876,-15716,-292,259,-79
-7396,-3836,-15848,-288,233,-85
-7344,-3940,-15804,-286,216,-59
-7372,-3816,-15744,-294,225,-90
-7428,-3928,-15792,-303,245,-86
-7352,-3920,-15720,-280,233,-90
-7348,-3888,-15708,-292,236,-91
-7396,-3856,-15724,-294,235,-100
-7436,-3904,-15944,-314,222,-109
-7384,-3936,-15700,-302,240,-80
-7488,-3884,-15832,-307,230,-91
-7392,-3864,-15608,-320,224,-81
-7440,-3908,-15736,-301,282,-108
-7416,-3832,-15756,-327,230,-73
-7440,-3924,-15704,-312,247,-75
-7392,-3864,-15784,-317,265,-116
-7408,-3800,-15612,-300,243,-93
-7524,-3996,-15652,-299,250,-94
-7444,-3888,-15672,-298,239,-75
-7496,-3868,-15656,-306,236,-72
-7416,-3912,-15660,-296,254,-75
-7428,-3812,-15916,-300,239,-77
-7564,-3904,-15804,-314,224,-100
-7400,-3820,-15796,-321,261,-81
-7432,-3884,-15676,-294,238,-77
-7308,-3860,-15732,-288,268,-87
-7468,-3868,-15772,-293,243,-84
-7360,-3884,-15648,-294,236,-69
-7432,-4024,-15908,-292,229,-89
-7412,-3860,-15716,-293,232,-92
-7344,-3796,-15572,-280,234,-99
-7400,-3876,-15720,-283,248,-89
-7348,-3952,-15616,-286,236,-83
-7480,-3896,-15728,-292,224,-83
-7464,-3932,-15772,-300,227,-93
-7420,-3856,-15720,-303,237,-99
-7396,-3904,-15748,-308,241,-105
-7436,-3860,-15644,-291,225,-100
-7604,-3844,-15660,-330,262,-81
-7344,-3868,-15572,-296,255,-88
-7384,-3860,-15852,-301,258,-105
-7464,-3876,-15864,-295,260,-97
-7504,-3872,-15680,-306,232,-115
-7476,-3860,-15668,-293,237,-88
-7448,-3960,-15820,-293,229,-88
-7372,-3840,-15668,-317,230,-80
-7468,-3952,-15800,-306,243,-74
-7488,-3860,-15580,-270,244,-95
-7424,-3992,-15800,-298,223,-76
-7432,-3964,-15708,-291,228,-106
-7312,-3932,-15712,-302,255,-100
-7368,-3948,-15684,-294,228,-100
-7464,-3864,-15620,-290,239,-101
-7436,-3848,-15696,-302,242,-79
-7336,-3828,-15612,-306,235,-87
-7444,-3884,-15748,-298,233,-77
-7400,-3916,-15628,-315,225,-88
-7364,-3876,-15768,-311,247,-106
-7372,-3900,-15876,-296,251,-88
-7372,-3852,-15648,-308,225,-90
-7448,-3996,-15720,-311,235,-92
-7504,-3832,-15772,-298,250,-88
-7408,-3900,-15696,-297,236,-124
-7280,-3820,-15656,-291,253,-76
-7336,-3932,-15760,-292,226,-99
-7356,-3868,-15736,-304,236,-105
-7472,-3860,-15684,-284,225,-79
-7412,-3932,-15608,-294,230,-104
-7440,-3820,-15692,-269,222,-89
-7428,-3932,-15864,-284,224,-106
-7336,-3992,-15772,-280,219,-93
-7404,-3924,-15704,-295,255,-91
-7312,-3932,-15692,-292,265,-96
-7476,-3888,-15764,-301,283,-95
-7428,-3876,-15828,-285,233,-83
-7476,-3908,-15920,-289,255,-115
-7408,-3852,-15736,-304,217,-105
-7456,-3880,-15676,-290,215,-103
-7532,-3864,-15612,-291,245,-97
-7376,-3872,-15772,-270,238,-88
-7352,-3892,-15800,-329,259,-99
-7356,-3888,-15760,-279,243,-91
-7392,-3836,-15524,-276,231,-80
-7388,-3904,-15636,-292,235,-100
-7408,-3908,-15648,-296,230,-92
-7404,-3900,-15576,-308,242,-98
-7404,-4004,-15748,-307,263,-59
-7380,-3824,-15804,-284,234,-89
-7428,-3928,-15812,-293,225,-85
-7452,-3812,-15720,-302,259,-91
-7360,-3876,-15844,-298,249,-76
-7432,-3820,-15844,-294,224,-95
-7472,-3896,-15704,-295,226,-109
-7448,-3908,-15780,-305,244,-112
-7352,-4024,-15672,-291,222,-97
-7368,-3836,-15864,-309,245,-105
-7424,-3836,-15824,-290,222,-72
-7368,-3912,-15860,-304,228,-81
-7376,-3912,-15560,-293,238,-74
-7448,-3856,-15744,-285,242,-88
-7504,-3836,-15760,-293,247,-64
-7388,-3816,-15636,-293,230,-87
-7452,-3864,-15692,-309,233,-102
-7480,-3836,-15724,-304,215,-87
-7464,-3944,-15820,-277,243,-80
-7276,-3976,-15816,-287,240,-104
-7416,-3896,-15872,-295,238,-93
-7412,-3836,-15912,-296,227,-93
-7340,-3908,-15888,-285,224,-81
-7496,-3932,-15748,-300,255,-114
-7400,-3888,-15740,-313,216,-102
-7356,-3856,-15696,-283,224,-77
-7448,-3832,-15700,-306,236,-90
-7340,-3884,-15752,-273,234,-86
-7460,-3828,-15848,-293,239,-83
-7488,-3860,-15712,-308,213,-102
-7420,-3928,-15760,-296,258,-92
-7396,-3848,-15780,-292,234,-92
-7460,-3876,-15608,-296,219,-90
-7328,-3908,-15876,-291,246,-100
-7400,-3832,-15848,-318,234,-97
-7304,-3932,-15604,-262,244,-84
-7392,-3920,-15672,-300,224,-89
-7388,-3868,-15832,-300,232,-94
-7368,-3,-286,241,-868,-15648105
-7452,-3924,-15772,-301,246,-103
-7300,-3772,-15680,-295,255,-90
-7380,-3896,-15792,-293,255,-79
-7400,-3924,-15768,-290,245,-73
-7324,-3860,-15740,-305,252,-94
-7412,-3916,-15812,-266,238,-98
-7428,-3792,-15748,-309,267,-52
-7436,-3892,-15768,-297,255,-92
-7432,-3864,-15748,-308,239,-96
-7384,-3888,-15844,-294,250,-87
-7504,-3880,-15716,-311,238,-85
-7364,-3940,-15868,-312,233,-84
-7356,-3908,-15668,-290,230,-82
-7332,-3876,-15624,-302,230,-77
-7392,-3760,-15676,-313,244,-72
-7432,-3928,-15652,-299,246,-93
-7380,-3940,-15768,-302,246,-92
-7412,-3796,-15720,-304,227,-85
-7320,-3896,-15688,-291,247,-94
-7548,-3848,-15868,-281,240,-88
-7372,-3960,-15792,-288,236,-78
-7440,-3956,-15576,-283,212,-63
-7436,-3884,-15836,-300,243,-99
-7436,-3828,-15732,-312,243,-85
-7352,-3904,-15676,-314,253,-104
-7508,-3880,-15784,-309,259,-103
-7392,-3868,-15684,-296,230,-97
-7384,-3812,-15884,-299,233,-94
-7448,-3932,-15820,-284,236,-85
-7432,-3860,-15688,-321,237,-96
-7404,-3880,-15744,-308,267,-94
-7308,-3864,-15856,-277,251,-108
-7340,-3764,-15732,-293,245,-83
-7384,-3900,-15800,-325,216,-95
-7364,-3816,-15724,-309,244,-100
-7436,-3924,-15664,-284,242,-81
-7408,-3880,-15732,-312,250,-89
-7404,-3892,-15660,-283,233,-86
-7456,-3956,-15768,-307,215,-94
-7392,-3864,-15876,-275,242,-89
-7456,-3824,-15628,-308,231,-97
-7420,-3852,-15708,-284,230,-114
-7424,-3860,-15752,-292,227,-88
-7476,-3900,-15868,-309,256,-70
-7400,-3824,-15784,-292,225,-111
-7408,-3808,-15704,-307,242,-95
-7436,-3840,-15728,-309,235,-87
-7364,-3816,-15748,-305,251,-98
-7340,-3896,-15704,-275,254,-92
-7524,-3844,-15708,-309,244,-74
-7372,-3856,-15752,-279,254,-85
-7344,-3948,-15756,-285,220,-82
-7376,-3924,-15648,-309,249,-83
-7508,-3812,-15880,-302,238,-81
-7416,-3964,-15952,-272,247,-103
-7380,-3940,-15740,-296,248,-99
-7484,-3860,-15756,-285,236,-96
-7376,-3800,-15792,-303,248,-94
-7436,-3916,-15724,-287,280,-97
-7364,-3816,-15580,-312,235,-82
-7384,-3920,-15804,-300,241,-97
-7468,-3916,-15648,-307,220,-85
-7404,-3860,-15688,-304,241,-74
-7412,-3896,-15796,-301,235,-94
-7492,-3792,-15760,-284,235,-90
-7412,-3856,-15788,-302,235,-101
-7380,-3904,-15636,-293,219,-80
-7368,-3896,-15728,-307,246,-84
-7464,-3904,-15800,-286,256,-84
-7396,-3780,-15584,-288,238,-109
-7432,-3828,-15744,-305,259,-76
-7384,-3912,-15636,-293,229,-73
-7392,-3964,-15760,-302,238,-96
-7464,-3888,-15852,-290,235,-83
-7420,-3916,-15868,-300,234,-70
-7364,-3876,-15756,-314,242,-82
-7360,-3836,-15824,-286,257,-100
-7372,-3852,-15776,-298,231,-106
-7308,-3916,-15720,-292,232,-104
-7360,-3820,-15748,-313,255,-83
-7472,-3924,-15820,-283,259,-92
-7356,-3808,-15756,-293,244,-75
-7352,-3900,-15748,-295,241,-80
-7412,-3800,-15600,-296,257,-103
-7404,-3872,-15804,-295,251,-86
-7356,-3820,-15828,-307,259,-106
-7416,-3880,-15776,-284,238,-88
-7416,-3876,-15824,-298,240,-85
-7384,-3920,-15716,-310,239,-81
-7444,-3792,-15676,-288,253,-73
-7508,-3932,-15736,-293,231,-70
-7496,-3944,-15764,-290,234,-74
-7404,-3884,-15876,-311,232,-89
-7344,-3824,-15708,-306,238,-78
-7416,-3904,-15868,-297,224,-83
-7432,-3816,-15760,-311,220,-93
-7520,-3872,-15852,-299,217,-87
-7368,-3952,-15740,-326,239,-95
-7344,-3788,-15692,-285,223,-109
-7304,-3888,-15732,-293,224,-101
-7420,-3872,-15880,-285,258,-86
-7368,-3740,-15904,-302,220,-101
-7400,-3912,-15764,-306,247,-107
-7328,-3868,-15704,-285,239,-95
-7360,-3896,-15700,-289,234,-88
-7388,-3876,-15748,-308,252,-90
-7408,-3936,-15624,-312,222,-100
-7400,-3820,-15836,-281,255,-97
-7416,-3884,-15832,-328,248,-82
-7428,-3900,-15788,-305,224,-111
-7356,-3872,-15744,-293,237,-77
-7356,-3860,-15756,-303,230,-102
-7392,-3848,-15888,-277,221,-69
-7404,-3892,-15780,-301,216,-98
-7388,-3804,-15696,-279,240,-80
-7472,-3916,-15672,-283,245,-104
-7340,-3856,-15808,-274,265,-84
-7436,-3832,-15664,-307,244,-73
-7392,-3792,-15848,-286,255,-92
-7408,-3804,-15764,-293,272,-93
-7384,-3864,-15780,-321,247,-91
-7436,-3904,-15652,-297,230,-92
-7412,-3844,-15764,-300,239,-75
-7384,-3828,-15792,-297,229,-99
-7376,-3820,-16000,-302,213,-109
-7384,-3888,-15672,-277,251,-91
-7360,-3812,-15684,-287,241,-87
-7440,-3888,-15880,-309,247,-127
-7384,-3840,-15808,-264,251,-81
-7416,-56,-292,253844,-1578,-66
-7404,-3960,-15780,-316,246,-79
-7316,-3872,-15836,-294,267,-88
-7364,-3884,-15704,-293,254,-105
-7344,-3868,-15612,-307,240,-90
-7284,-3856,-15664,-297,200,-81
-7304,-3896,-15856,-280,225,-75
-7400,-3864,-15744,-303,232,-80
-7432,-3764,-15712,-311,255,-88
-7432,-3900,-15808,-313,252,-101
-7368,-3884,-15764,-309,259,-94
-7396,-3808,-15756,-287,256,-81
-7332,-3708,-15740,-295,229,-98
-7372,-3868,-15880,-309,231,-95
-7416,-3876,-15888,-308,223,-87
-7468,-3928,-15872,-299,252,-93
-7380,-3836,-15664,-278,237,-78
-7276,-3932,-15768,-288,249,-98
-7368,-3760,-15784,-273,240,-89
-7440,-3876,-15584,-295,269,-83
-7364,-3920,-15676,-293,235,-84
-7420,-3800,-15696,-319,248,-100
-7376,-3968,-15764,-314,229,-85
-7324,-3856,-15768,-291,238,-104
-7352,-3856,-15596,-297,242,-70
-7396,-3792,-15704,-277,234,-95
-7320,-3928,-15820,-300,230,-91
-7356,-3864,-15680,-295,237,-103
-7432,-3816,-15764,-310,232,-95
-7284,-3900,-15756,-276,233,-114
-7320,-4008,-15708,-291,220,-104
-7460,-3844,-15720,-307,235,-79
-7348,-3876,-15708,-283,225,-68
-7404,-3892,-15772,-284,234,-95
-7384,-3816,-15772,-289,229,-85
-7376,-3912,-15844,-287,264,-85
-7380,-3852,-15936,-289,245,-93
-7344,-3844,-15800,-287,240,-83
-7368,-3928,-15712,-316,242,-78
-7296,-3928,-15812,-309,232,-99
-7300,-3860,-15724,-295,237,-97
-7420,-3812,-15812,-297,253,-89
-7380,-3932,-15800,-289,261,-112
-7468,-3872,-15724,-282,238,-93
-7348,-4020,-15784,-301,233,-77
-7376,-3916,-15876,-290,241,-124
-7380,-3784,-15748,-304,246,-102
-7260,-3924,-15716,-296,254,-85
-7432,-3908,-15676,-305,238,-99
-7424,-3896,-15740,-305,238,-67
-7332,-3880,-15816,-295,241,-74
-7380,-3856,-15768,-294,230,-84
-7420,-3848,-15984,-298,215,-94
-7476,-3848,-15624,-294,247,-78
-7332,-3880,-15928,-281,236,-88
-7292,-3896,-15692,-308,225,-95
-7392,-3844,-15640,-281,229,-62
-7500,-3920,-15824,-321,250,-110
-7456,-3852,-15792,-282,260,-93
-7364,-3784,-15716,-286,233,-103
-7424,-3912,-16008,-294,240,-94
-7352,-3828,-15880,-297,237,-101
-7340,-3844,-15768,-319,212,-97
-7372,-3900,-15696,-294,229,-87
-7368,-3876,-15608,-312,227,-98
-7364,-3796,-15692,-289,232,-74
-7380,-3844,-15724,-306,220,-95
-7464,-3876,-15720,-289,230,-81
-7352,-3876,-15824,-285,225,-90
-7316,-3948,-15648,-300,248,-81
-7340,-3868,-15708,-300,241,-95
-7300,-3876,-15824,-293,231,-96
-7420,-3868,-15748,-305,238,-86
-7396,-3896,-15716,-280,247,-81
-7416,-3776,-15900,-312,238,-103
-7420,-3896,-15824,-300,252,-82
-7340,-3848,-15684,-301,254,-100
-7356,-3896,-15684,-284,230,-74
-7468,-3816,-15848,-278,245,-84
-7468,-3796,-15792,-285,281,-86
-7376,-3852,-15784,-299,244,-89
-7348,-3884,-15932,-299,214,-114
-7372,-3904,-15712,-306,232,-96
-7476,-3944,-15792,-289,254,-102
-7328,-3868,-15688,-317,258,-84
-7464,-3892,-15828,-293,215,-88
-7364,-3800,-15792,-320,240,-100
-7320,-3956,-15740,-302,247,-72
-7380,-3752,-15808,-292,244,-90
-7328,-3820,-15932,-275,231,-83
-7380,-3780,-15840,-287,235,-82
-7328,-3956,-15696,-274,231,-97
-7380,-3924,-15712,-301,250,-76
-7392,-3888,-15660,-314,245,-68
-7380,-3912,-15812,-274,240,-100
-7464,-3844,-15652,-310,240,-90
-7296,-3888,-15880,-276,226,-80
-7352,-3944,-15808,-296,245,-95
-7404,-3832,-15728,-280,251,-85
-7360,-3844,-15740,-308,239,-83
-7232,-3848,-15748,-282,240,-79
-7288,-3832,-15748,-322,249,-108
-7304,-3836,-15800,-296,229,-86
-7344,-3836,-15724,-285,238,-66
-7428,-3800,-15836,-300,248,-100
-7416,-3840,-15936,-293,210,-91
-7392,-3848,-15844,-288,224,-94
-7416,-3812,-15884,-285,250,-97
-7396,-3904,-15792,-315,225,-94
-7376,-3844,-15744,-296,249,-109
-7476,-3964,-15772,-287,241,-89
-7325748,-304,8,-3972,-1235,-78
-7336,-3932,-15748,-290,239,-86
-7304,-3880,-15752,-288,242,-107
-7392,-3856,-15780,-320,240,-93
-7376,-3820,-15824,-296,249,-97
-7408,-3864,-15772,-302,249,-94
-7408,-3856,-15736,-296,242,-106
-7400,-3776,-15736,-291,245,-105
-7396,-3844,-15876,-314,220,-79
-7364,-3884,-15732,-268,237,-81
-7404,-3908,-15764,-305,254,-95
-7400,-3840,-15752,-295,221,-98
-7372,-3888,-15708,-310,240,-107
-7396,-3904,-15648,-301,255,-76
-7356,-3924,-15768,-291,223,-98
-7352,-3844,-15828,-277,244,-66
-7472,-3876,-15712,-286,227,-92
-7328,-3876,-15708,-274,247,-107
-7312,-3872,-15700,-296,235,-79
-7424,-3852,-15772,-306,228,-78
-7364,-3872,-15848,-320,230,-67
-7320,-3796,-15708,-285,242,-98
-7352,-3936,-15708,-302,244,-85
-7312,-3860,-15776,-310,202,-108
-7344,-3732,-15752,-284,237,-117
-7436,-3856,-15664,-281,236,-90
-7312,-3888,-15768,-304,261,-114
-7440,-3904,-15912,-275,246,-103
-7328,-3884,-15812,-292,256,-92
-7468,-3860,-15760,-303,222,-88
-7448,-3820,-15828,-305,237,-98
-7488,-3884,-15812,-299,219,-83
-7392,-3832,-15724,-293,226,-77
-7440,-3972,-15824,-302,255,-85
-7448,-3888,-15784,-285,245,-97
-7384,-3812,-15832,-311,229,-94
-7312,-3880,-15696,-331,249,-86
-7324,-3928,-15808,-310,257,-81
-7328,-3768,-15780,-310,233,-83
-7356,-3828,-15676,-306,228,-100
-7392,-3844,-15812,-290,250,-95
-7324,-3848,-15772,-308,238,-109
-7340,-3804,-15848,-282,226,-87
-7288,-3856,-15688,-302,253,-82
-7360,-3828,-15808,-269,250,-94
-7396,-3832,-15684,-290,230,-82
-7316,-3856,-15816,-311,232,-87
-7300,-3888,-15828,-296,232,-79
-7352,-3852,-15880,-318,234,-85
-7328,-3868,-15780,-287,257,-92
-7312,-3844,-15700,-309,225,-102
-7380,-3848,-15796,-298,231,-78
-7332,-3820,-15772,-273,232,-72
-7396,-3928,-15784,-298,247,-96
-7240,-3852,-15768,-305,222,-88
-7372,-3944,-15712,-305,235,-94
-7416,-3996,-15744,-275,212,-66
-7372,-3772,-15800,-283,261,-100
-7332,-3804,-15816,-296,254,-115
-7384,-3808,-15864,-304,239,-93
-7244,-3928,-15868,-299,219,-98
-7432,-3856,-15740,-275,240,-108
-7340,-3900,-15780,-315,236,-89
-7344,-3816,-15780,-282,236,-104
-7360,-3824,-15804,-300,245,-71
-7424,-3876,-15796,-307,267,-88
-7372,-3828,-15812,-293,228,-84
-7304,-3820,-15728,-282,274,-86
-7376,-3832,-15864,-304,251,-72
-7388,-3828,-15872,-267,238,-82
-7260,-3812,-15840,-303,239,-83
-7316,-3796,-15568,-310,243,-102
-7396,-3924,-15740,-309,213,-80
-7276,-3808,-15724,-293,233,-83
-7384,-3832,-15732,-292,218,-84
-7256,-3792,-15676,-310,241,-98
-7348,-3916,-15716,-285,233,-110
-7444,-3796,-15644,-283,249,-92
-7316,-3912,-15684,-295,207,-83
-7340,-3912,-15744,-288,236,-61
-7276,-3932,-15712,-312,222,-97
-7352,-3932,-15808,-297,242,-97
-7400,-3876,-15784,-299,228,-80
-7384,-3876,-15776,-292,252,-82
-7352,-3880,-15872,-294,234,-106
-7260,-3908,-15792,-305,250,-87
-7372,-3800,-15800,-313,223,-76
-7372,-3740,-15768,-286,256,-91
-7408,-3932,-15728,-303,221,-96
-7248,-3840,-15772,-283,252,-92
-7396,-3948,-15612,-283,256,-103
-7340,-3864,-15736,-303,237,-70
-7352,-3912,-15672,-298,227,-99
-7340,-3884,-15692,-304,238,-92
-7232,-3808,-15860,-287,242,-97
-7320,-3828,-15624,-272,231,-100
-7320,-3880,-15892,-309,238,-74
-7376,-3880,-15768,-292,231,-100
-7352,-3848,-15740,-291,229,-89
-7380,-3804,-16016,-288,240,-99
-7468,-3844,-15660,-292,231,-84
-7444,-3924,-15852,-305,240,-87
-7304,-3824,-15852,-297,258,-72
-7368,-3804,-15700,-293,240,-81
-7372,-3824,-15740,-303,238,-105
-7392,-3776,-15904,-277,223,-73
-7464,-3904,-15768,-291,244,-115
-7308,-3832,-15764,-280,244,-79
-7364,-3852,-15880,-301,226,-94
-7340,-3912,-15700,-290,242,-88
-7408,-3768,-15724,-303,249,-74
-7344,-3872,-15640,-283,233,-68
-7400,-3908,-15896,-316,236,-111
-7400,-3836,-15824,-311,236,-82
-7300,-3848,-15980,-302,240,-91
-7332,-3844,-15792,-296,292,-100
-7436,-3820,-15612,-291,255,-87
-7468,-3732,-15764,-286,240,-104
-7264,-3852,-15700,-308,248,-92
-7396,-3816,-15876,-289,245,-88
-7400,-3840,-15868,-303,220,-76
-7328,-3864,-15776,-288,263,-99
-7272,-3828,-15732,-298,240,-79
-7356,-3892,-15752,-289,224,-100
-7292,-3844,-15760,-301,247,-98
-7324,-3800,-15784,-286,246,-61
-7316,-3956,-15724,-278,239,-74
-7384,-3860,-15764,-301,256,-97
-7356,-3884,-15820,-314,276,-95
-7332,-3832,-15804,-302,252,-74
-7348,-3876,-15908,-294,236,-76
-7388,-3800,-15788,-298,247,-79
-7492,-3920,-15752,-311,226,-101
-7284,-3884,-15896,-281,258,-86
-7308,-3844,-15808,-307,251,-93
-7364,-3836,-15736,-313,244,-96
-7324,-3848,-15848,-301,258,-90
-7364,-3912,-15860,-288,245,-78
-7272,-3756,-15788,-295,252,-92
-7304,-3864,-15836,-301,215,-90
-7368,-3848,-15784,-299,246,-99
-7364,-3828,-15720,-269,234,-108
-7316,-3848,-15816,-299,241,-96
-7276,-3860,-15956,-319,263,-81
-7304,-3880,-15700,-302,238,-80
-7384,-3852,-15544,-289,246,-97
-7356,-3808,-15800,-310,255,-96
-7372,-3808,-15740,-298,240,-79
-7344,-3856,-15728,-293,251,-107
-7400,-3928,-15768,-292,245,-69
-7304,-3864,-15856,-294,239,-92
-7384,-3860,-15776,-279,233,-77
-7376,-3836,-15764,-324,232,-109
-7380,-3808,-15740,-311,225,-91
-7436,-3828,-15860,-295,251,-86
-7316,-3892,-15764,-313,252,-102
-7328,-3892,-15848,-301,254,-86
-7380,-3884,-15712,-306,220,-92
-7440,-3920,-15680,-287,244,-119
-7380,-3848,-15668,-291,237,-82
-7312,-3808,-15796,-289,232,-114
-7336,-3912,-15756,-300,224,-88
-7420,-3896,-15756,-300,230,-94
-7376,-3848,-15652,-305,232,-83
-7464,-3848,-15844,-283,273,-81
-7360,-3808,-16016,-283,253,-83
-7296,-3832,-15820,-282,220,-78
-7364,-3888,-15736,-275,218,-91
-7332,-3932,-15656,-282,246,-86
-7308,-3900,-15744,-301,249,-92
-7452,-3860,-15748,-291,237,-94
-7276,-3868,-15828,-306,245,-90
-7256,-3844,-15756,-295,238,-108
-7364,-3796,-15760,-299,242,-88
-7312,-3904,-15824,-282,239,-108
-7364,-3904,-15828,-305,239,-99
-7400,-3844,-15756,-310,260,-106
-7392,-3864,-15728,-308,251,-94
-7388,-3828,-15764,-288,251,-83
-7300,-3904,-15832,-321,257,-85
-7356,-3864,-15788,-308,248,-89
-7432,-3836,-15724,-279,221,-85
-7308,-3832,-15932,-267,260,-103
-7404,-3964,-15840,-293,243,-66
-7344,-3816,-15664,-295,246,-79
-7320,-3852,-15860,-301,248,-89
-7320,-3908,-15672,-297,230,-93
-7332,-3916,-15664,-315,244,-73
-7340,-3800,-15832,-285,244,-75
-7388,-3800,-15768,-293,252,-74
-7372,-3888,-15772,-283,230,-79
-7340,-3884,-15728,-285,225,-7344
-7340,-3884,-15728,-285,225,-7344
-7396,-3892,-15820,-291,245,-89
-7264,-3880,-15748,-283,240,-96
-7352,-3824,-15908,-288,256,-81
-7372,-3932,-15856,-291,237,-81
-7324,-3832,-15848,-296,240,-104
-7360,-3864,-15976,-299,237,-68
-7396,-3932,-15716,-300,253,-85
-7360,-3812,-15688,-296,231,-86
-7364,-3816,-15928,-294,236,-84
-73057728,-3848,-1,-303,246,-94
-7228,-3816,-15724,-295,249,-87
-7324,-3824,-15760,-313,221,-92
-7288,-3956,-15736,-320,256,-95
-7416,-3812,-15664,-306,246,-110
-7284,-3876,-15660,-262,263,-78
-7336,-3820,-15712,-300,246,-97
-7328,-3848,-15688,-300,240,-105
-7372,-3960,-15640,-283,256,-92
-7324,-3840,-15828,-299,243,-87
-7296,-3920,-15832,-301,235,-72
-7364,-3868,-15764,-289,246,-104
-7284,-3892,-15912,-282,248,-89
-7368,-3780,-15776,-286,270,-99
-7352,-3840,-15660,-286,250,-93
-7296,-3900,-15684,-300,243,-88
-7316,-3796,-15748,-308,249,-91
-7424,-3828,-15764,-297,226,-79
-7316,-3808,-15740,-284,252,-93
-7308,-3860,-15724,-294,248,-70
-7340,-3888,-15864,-300,235,-89
-7324,-3892,-15740,-292,235,-85
-7332,-3776,-15800,-288,241,-87
-7312,-3756,-15848,-291,240,-77
-7304,-3932,-15704,-275,237,-88
-7316,-3856,-15732,-310,244,-81
-7304,-3904,-15776,-315,268,-101
-7404,-3888,-15888,-292,255,-73
-7364,-3796,-15768,-298,236,-110
-7436,-3844,-15648,-278,225,-65
-7352,-3788,-15824,-298,233,-75
-7380,-3876,-15860,-286,244,-89
-7228,-3956,-15700,-293,253,-101
-7276,-3780,-15748,-301,243,-97
-7300,-3844,-15740,-290,258,-101
-7276,-3836,-15740,-288,227,-99
-7276,-3828,-15648,-296,241,-87
-7328,-3872,-15772,-282,259,-64
-7300,-3916,-15864,-291,245,-107
-7204,-3780,-15688,-306,261,-88
-7280,-3808,-15704,-306,252,-96
-7312,-3924,-15776,-308,224,-101
-7244,-3820,-15816,-282,258,-100
-7496,-3900,-15708,-294,238,-90
-7328,-3848,-15828,-295,228,-91
-7352,-3884,-15688,-312,258,-75
-7332,-3820,-15812,-297,235,-63
-7340,-3772,-15868,-281,243,-102
-7292,-3904,-15816,-294,251,-70
-7312,-3896,-15708,-301,230,-97
-7320,-3824,-15752,-304,237,-82
-7312,-3940,-15752,-292,240,-103
-7332,-3884,-15820,-303,241,-69
-7324,-3996,-15744,-287,249,-101
-7356,-3836,-15896,-285,261,-95
-7308,-3884,-15816,-298,215,-100
-7352,-3924,-15908,-309,263,-102
-7360,-3904,-15800,-300,244,-93
-7360,-3976,-15804,-287,262,-91
-7256,-3864,-15820,-317,198,-74
-7352,-3900,-15776,-313,267,-97
-7296,-3876,-15704,-289,235,-93
-7288,-3904,-15704,-297,187,-56
-7368,-3852,-15820,-311,257,-103
-7364,-3864,-15788,-296,224,-87
-7364,-3864,-15688,-312,223,-83
-7388,-3756,-15816,-284,241,-93
-7368,-3940,-15880,-302,234,-110
-7376,-3860,-15700,-295,264,-96
-7384,-3844,-15784,-296,248,-91
-7380,-3944,-15672,-278,238,-118
-7412,-3888,-15836,-308,257,-82
-7280,-3856,-15656,-293,253,-118
-7304,-3920,-15880,-296,264,-85
-7272,-3872,-15888,-291,262,-82
-7420,-3808,-15832,-305,216,-102
-7416,-3748,-15756,-283,265,-77
-7248,-3868,-15840,-291,251,-80
-7356,-3844,-15760,-289,219,-107
-7348,-3856,-15600,-298,254,-91
-7384,-3816,-15764,-290,247,-77
-7280,-3816,-15892,-307,249,-88
-7284,-3868,-15676,-286,243,-93
-7296,-3892,-15768,-305,247,-87
-7360,-3752,-15764,-304,234,-92
-7348,-3796,-15864,-302,257,-82
-7280,-3900,-15876,-288,251,-92
-7352,-3820,-15792,-285,229,-74
-7308,-3816,-15864,-305,258,-91
-7360,-3868,-15836,-302,258,-75
-7296,-3776,-15712,-286,258,-68
-7428,-3816,-15772,-275,241,-91
-7348,-3840,-15744,-292,244,-102
-7356,-3900,-15752,-289,242,-95
-7360,-3848,-15772,-286,243,-77
-7348,-3844,-15828,-282,250,-102
-7412,-3844,-15716,-304,226,-61
-7340,-3844,-15836,-278,255,-84
-7260,-3848,-15740,-301,255,-76
-7288,-3840,-15848,-313,246,-102
-7396,-3792,-15836,-281,234,-75
-7276,-3760,-15800,-297,236,-120
-7324,-3832,-15688,-298,241,-87
-7276,-3816,-15656,-297,248,-83
-7308,-3840,-15776,-293,245,-96
-7380,-3768,-15744,-295,221,-91
-7284,-3824,-15776,-296,239,-70
-7316,-3952,-15756,-281,218,-86
-7276,-3848,-15648,-289,236,-92
-7332,-3848,-15836,-276,244,-75
-7380,-3900,-15784,-308,219,-109
-7376,-3896,-15736,-297,235,-94
-7384,-3888,-15764,-279,246,-98
-7368,-3736,-15736,-281,246,-87
-7420,-3900,-15544,-291,227,-85
-7392,-3780,-15832,-294,260,-75
-7316,-3832,-15824,-277,235,-81
-7404,-3840,-15644,-296,230,-99
-7404,-3788,-15760,-314,243,-83
-7340,-3884,-15756,-284,233,-85
-7428,-3840,-15760,-306,221,-78
-7332,-3860,-15696,-310,242,-85
-7352,-3796,-15808,-283,234,-99
-7320,-3876,-15748,-308,248,-72
-7416,-3908,-15708,-300,235,-87
-7320,-3888,-15768,-300,234,-89
-7304,-3800,-15808,-296,215,-90
-7280,-3916,-15876,-307,238,-95
-7308,-3864,-15740,-305,238,-92
-7380,-3856,-15792,-284,237,-90
-7284,-3868,-15860,-320,221,-70
-7420,-3792,-15628,-293,247,-80
-7444,-3844,-15848,-301,234,-98
-7428,-3964,-15768,-295,225,-96
-7292,-3916,-15760,-283,242,-101
-7272,-3924,-15784,-288,249,-86
-7364,-3876,-15840,-287,248,-92
-7296,-3860,-15736,-320,240,-85
-7304,-3784,-15800,-307,224,-102
-7348,-3836,-15752,-272,230,-76
-7348,-3808,-15780,-291,248,-96
-7348,-3820,-15736,-294,248,-102
-7368,-3844,-15860,-291,248,-81
-7332,-3800,-15748,-293,240,-88
-7332,-3844,-15776,-304,249,-87
-7372,-3860,-15932,-300,258,-100
-7332,-3748,-15780,-285,242,-70
-7288,-3888,-15644,-289,247,-94
-7404,-3792,-15792,-298,244,-83
-7292,-3808,-15736,-307,254,-98
-7352,-3844,-15784,-312,218,-80
-7316,-3840,-15832,-298,240,-93
-7300,-3852,-15804,-273,245,-106
-7432,-3860,-15608,-292,256,-81
-7356,-3888,-15824,-297,231,-81
-7356,-3848,-15800,-297,244,-98
-7296,-3928,-15740,-281,225,-76
-7336,-3820,-15736,-293,241,-81
-7352,-3844,-15732,-326,254,-87
-7288,-3728,-15744,-289,250,-74
-7360,-3900,-15836,-307,271,-72
-7412,-3872,-15764,-281,233,-88
-7360,-3804,-15852,-304,245,-88
-7372,-3876,-15700,-303,245,-90
-7308,-3872,-15732,-267,238,-97
-7276,-3752,-15828,-315,244,-84
-7284,-3864,-15688,-294,238,-77
-7272,-3812,-15872,-300,224,-79
-7436,-3836,-15792,-282,266,-99
-7396,-3852,-15812,-296,251,-69
-7248,-3724,-15684,-286,239,-95
-7332,-3760,-15880,-291,239,-87
-7392,-3820,-15772,-288,234,-91
-7320,-3896,-15912,-292,250,-71
-7316,-3896,-15696,-295,235,-78
-7320,-3856,-15748,-276,240,-86
-7392,-3872,-15736,-316,230,-85
-7400,-3836,-15660,-310,241,-94
-7320,-3792,-15728,-298,255,-86
-7236,-3840,-15820,-291,228,-90
-7292,-3888,-15732,-293,234,-98
-7320,-3820,-15840,-310,246,-84
-7340,-3852,-15808,-302,227,-107
-7396,-3812,-15844,-284,277,-73
-7348,-3740,-15808,-290,253,-87
-7312,-3820,-15740,-277,241,-50
-7340,-3876,-15772,-288,251,-93
-7392,-3896,-15748,-299,273,-68
-7256,-3812,-15648,-291,222,-95
-7392,-3828,-15800,-274,259,-93
-7356,-3888,-15804,-281,235,-95
-7240,-3888,-15732,-298,255,-94
-7328,-3852,-15852,-303,252,-90
-7256,-3788,-15820,-309,229,-88
-7260,-3776,-15792,-287,232,-76
-7372,-3872,-15712,-291,256,-77
-7288,-3880,-15688,-278,256,-80
-7324,-3896,-15928,-294,231,-76
-7344,-3900,-15852,-311,248,-85
-7268,-3864,-15680,-290,236,-82
-7376,-3796,-15812,-278,233,-89
-7288,-3856,-15752,-284,246,-85
-7296,-3860,-15796,-302,262,-84
-7308,-3804,-15896,-296,232,-99
-7440,-3836,-15856,-314,255,-85
-7352,-3832,-15704,-289,251,-85
-7384,-3860,-15736,-298,224,-75
-7436,-3808,-15824,-294,251,-67
-7424,-3720,-15780,-275,245,-116
-7300,-3864,-15812,-308,257,-98
-7308,-3912,-15820,-303,251,-84
-7444,-3780,-15660,-290,249,-90
-7272,-3848,-15840,-290,246,-78
-7388,-3820,-15920,-283,257,-116
-7344,-3872,-15844,-297,242,-104
-7276,-3840,-15748,-281,245,-86
-7364,-3900,-15860,-286,244,-110
-7340,-3832,-15980,-286,236,-90
-7404,-3868,-15828,-313,233,-94
-7148,-3792,-15728,-295,239,-109
-7312,-3816,-15776,-295,232,-88
-7232,-3888,-15856,-287,219,-111
-7352,-3788,-15760,-283,229,-107
-7340,-3856,-15716,-316,233,-85
-7364,-3800,-15708,-303,215,-73
-7404,-3712,-15776,-310,242,-103
-7272,-3856,-15820,-288,229,-91
-7232,-3928,-15776,-300,211,-86
-7260,-3844,-15928,-293,246,-103
-7276,-3904,-15764,-299,233,-82
-7364,-3820,-15732,-309,282,-106
-7316,-3884,-15728,-293,250,-79
-7344,-3848,-15720,-299,240,-82
-7396,-3916,-15856,-293,267,-102
-7332,-3836,-15880,-275,283,-77
-7348,-3788,-15708,-290,250,-111
-7364,-3744,-15760,-304,244,-79
-7300,-3840,-15840,-309,237,-74
-7340,-3848,-15824,-298,227,-69
-7292,-3752,-15724,-276,242,-74
-7340,-3864,-15740,-267,243,-101
-7296,-3824,-15640,-286,228,-89
-7332,-3784,-15792,-286,249,-80
-7344,-3744,-15824,-296,224,-98
-7320,-3708,-15764,-288,269,-95
-7352,-3900,-15776,-269,239,-92
-7400,-3816,-15656,-291,270,-87
-7336,-3752,-15808,-310,235,-97
-7348,-3804,-15784,-269,226,-79
-7408,-3788,-15740,-305,223,-92
-7284,-3820,-15788,-272,233,-88
-7280,-3820,-15784,-277,243,-84
-7312,-3796,-15900,-299,236,-78
-7324,-3884,-15816,-294,249,-86
-7344,-3824,-15796,-296,223,-70
-7336,-3904,-15840,-279,253,-81
-7296,-3836,-15744,-300,237,-86
-7344,-3808,-15812,-287,241,-90
-7276,-3824,-15716,-303,213,-70
-7300,-3836,-15836,-284,253,-82
-7264,-3812,-15704,-298,233,-84
-7344,-3936,-15744,-305,246,-102
-7328,-3928,-15840,-283,226,-110
-7288,-3880,-15880,-279,244,-97
-7308,-3712,-15904,-324,229,-98
-7288,-3852,-15768,-281,249,-87
-7420,-3856,-15876,-270,247,-76
-7296,-3732,-15976,-292,227,-88
-7308,-3868,-15852,-309,222,-82
-7336,-3828,-15752,-308,256,-96
-7292,-3904,-15720,-290,226,-93
-7320,-3888,-15696,-297,249,-96
-7328,-3824,-15796,-287,233,-84
-7312,-3804,-15728,-299,247,-98
-7288,-3876,-15712,-299,240,-82
-7364,-3908,-15800,-284,231,-74
-7288,-3880,-15688,-295,248,-94
-7360,-3872,-15724,-294,238,-71
-7232,-3852,-15736,-298,266,-89
-7352,-3908,-15632,-302,223,-112
-7276,-3816,-15644,-303,251,-68
-7372,-3736,-15844,-283,239,-101
-7344,-3820,-15760,-313,231,-99
-7272,-3920,-15804,-293,247,-87
-7296,-3824,-15788,-276,237,-67
-7336,-3776,-15704,-310,226,-96
-7300,-3872,-15888,-281,226,-105
-7284,-3764,-15860,-304,252,-94
-7264,-3788,-15712,-304,244,-88
-7332,-3844,-15868,-301,234,-84
-7328,-3872,-15968,-261,232,-104
-7332,-3912,-15756,-273,238,-81
-7340,-3892,-15872,-282,248,-100
-7384,-3804,-15808,-310,234,-79
-7340,-3876,-15724,-313,229,-101
-7376,-3872,-15680,-293,237,-88
-7372,-3832,-15692,-315,260,-83
-7360,-3940,-15844,-300,248,-99
-7284,-3984,-15796,-305,231,-58
-7356,-3828,-15856,-300,261,-95
-7296,-3772,-15676,-287,270,-93
-7380,-3856,-15664,-305,211,-79
-7296,-3880,-15876,-288,241,-89
-7264,-3776,-15888,-302,234,-94
-7268,-3824,-15788,-280,243,-82
-7292,-3776,-15824,-294,247,-85
-7400,-3792,-15876,-280,237,-94
-7336,-3808,-15776,-289,224,-85
-7344,-3884,-15732,-307,256,-92
-7232,-3948,-15824,-299,258,-75
-7364,-3880,-15720,-287,242,-104
-7328,-3852,-15812,-301,230,-85
-7300,-3864,-15632,-300,236,-94
-7348,-3844,-15708,-314,196,-84
-7288,-3840,-15876,-294,244,-84
-7300,-3856,-15756,-289,244,-88
-7380,-3920,-15808,-281,245,-98
-7292,-3856,-15964,-291,234,-81
-7332,-3832,-15888,-307,235,-120
-7320,-3876,-15960,-284,248,-83
-7260,-3932,-15868,-281,237,-103
-7292,-3848,-15828,-316,251,-81
-7304,-3832,-15720,-297,253,-78
-7312,-3804,-15904,-295,255,-79
-7244,-3824,-15892,-311,237,-87
-7296,-3784,-15792,-285,231,-94
-7216,-3904,-15808,-284,222,-70
-7324,-3728,-15792,-307,229,-72
-7220,-3772,-15812,-301,232,-80
-7352,-3820,-15744,-286,232,-107
-7412,-3836,-15792,-287,233,-98
-7384,-3860,-15740,-307,256,-97
-7288,-3856,-15832,-302,279,-99
-7320,-3800,-15924,-286,229,-109
-7372,-3820,-15836,-282,263,-83
-7312,-3808,-15844,-295,216,-91
-7196,-3840,-15996,-310,242,-94
-7296,-3840,-15732,-306,280,-103
-7292,-3920,-15908,-294,244,-67
-7332,-3892,-15640,-289,250,-92
-7200,-3848,-15720,-282,257,-69
-7432,-3844,-15788,-284,233,-73
-7408,-3796,-15788,-285,241,-90
-7356,-3948,-15712,-296,236,-101
-7332,-3856,-15792,-294,264,-73
-7324,-3872,-15888,-299,222,-85
-7256,-3928,-15860,-290,226,-74
-7376,-3656,-15828,-295,239,-111
-7444,-3848,-15772,-283,234,-75
-7344,-3972,-15696,-281,221,-97
-7380,-3896,-15704,-267,236,-82
-7364,-3776,-15832,-303,221,-72
-7340,-3756,-15768,-294,240,-88
-7208,-3940,-15996,-296,249,-116
-7372,-3776,-15680,-279,205,-93
-7296,-3756,-15768,-293,243,-65
-7320,-3820,-15764,-304,235,-71
-7260,-3772,-15832,-288,244,-77
-7396,-3872,-15896,-290,250,-93
-7368,-3808,-15760,-322,279,-90
-7292,-3812,-15624,-297,231,-84
-7344,-3900,-15688,-306,226,-74
-7356,-3892,-15860,-306,249,-88
-7360,-3824,-15700,-302,253,-84
-7316,-3960,-15764,-315,265,-89
-7288,-3848,-15716,-294,258,-81
-7400,-3864,-15888,-287,227,-89
-7332,-3788,-15896,-296,220,-69
-7264,-3792,-15932,-290,248,-75
-7432,-3760,-15968,-303,237,-101
-7360,-3808,-15856,-284,234,-91
-7364,-3784,-15768,-310,250,-81
-7268,-3688,-15908,-294,245,-70
-7356,-3840,-15756,-275,240,-74
-7340,-3924,-15656,-309,225,-78
-7360,-3724,-15912,-286,213,-86
-7272,-3840,-15784,-294,223,-81
-7244,-3900,-15908,-285,239,-100
-7336,-3912,-15876,-309,224,-80
-7212,-3796,-15904,-276,245,-56
-7352,-3848,-15724,-288,207,-74
-7268,-3804,-15760,-281,220,-115
-7260,-3844,-15832,-284,270,-79
-7332,-3880,-15800,-289,215,-74
-7288,-3856,-15640,-280,231,-83
-7284,-3808,-15780,-296,243,-95
-7424,-3720,-15760,-304,247,-90
-7188,-3844,-15700,-291,233,-102
-7336,-3804,-15784,-282,248,-83
-7264,-3868,-15836,-301,261,-100
-7416,-3816,-15716,-307,252,-85
-7368,-3836,-15760,-312,235,-66
-7332,-3884,-15820,-292,246,-80
-7352,-3860,-15896,-293,231,-92
-7264,-3776,-15712,-271,217,-79
-7212,-3808,-15708,-290,228,-91
-7308,-3820,-15808,-287,260,-92
-7344,-3820,-15752,-298,245,-80
-7300,-3832,-15828,-328,265,-109
-7396,-3816,-15892,-309,227,-102
-7304,-3820,-15688,-307,233,-97
-7296,-3732,-15796,-306,217,-56
-7392,-3848,-15656,-298,226,-74
-7368,-3844,-15720,-286,276,-107
-7220,-3808,-15768,-277,251,-100
-7244,-3780,-15848,-311,238,-73
-7316,-3752,-15784,-284,254,-90
-7264,-3800,-15764,-289,270,-97
-7412,-3768,-15772,-308,251,-105
-7412,-3876,-15696,-303,245,-76
-7260,-3748,-15760,-285,257,-81
-7292,-3872,-15944,-289,222,-88
-7256,-3824,-15776,-297,258,-81
-7336,-3808,-15836,-291,236,-85
-7300,-3872,-15712,-292,244,-95
-7304,-3788,-15804,-316,231,-104
-7304,-3812,-15760,-289,243,-99
-7320,-3824,-15884,-312,227,-66
-7300,-3856,-15796,-305,240,-85
-7444,-3800,-15920,-304,214,-111
-7308,-3844,-15764,-303,243,-80
-7308,-3828,-15848,-288,235,-97
-7308,-3860,-15944,-282,218,-100
-7356,-3740,-15760,-295,243,-94
-7280,-3792,-15772,-293,223,-96
-7232,-3796,-15864,-291,233,-81
-7408,-3848,-15700,-320,251,-61
-72845840,-316,23,-3860,-14,-77
-7312,-3856,-15804,-300,223,-53
-7292,-3788,-15804,-299,237,-90
-7316,-3844,-15768,-294,239,-79
-7256,-3832,-15788,-285,240,-77
-7312,-3864,-15748,-316,235,-83
-7316,-3764,-15724,-301,249,-93
-7280,-3788,-15860,-265,256,-100
-7276,-3852,-15812,-265,246,-107
-7232,-3896,-15852,-308,233,-95
-7320,-3868,-15780,-303,241,-95
-7308,-3808,-15792,-276,226,-85
-7256,-3812,-15764,-280,262,-84
-7256,-3872,-15908,-297,258,-78
-7276,-3880,-15764,-303,222,-83
-7404,-3760,-15728,-288,249,-69
-7356,-3832,-15720,-289,238,-88
-7304,-3796,-15952,-287,224,-81
-7352,-3808,-15736,-323,273,-86
-7256,-3876,-15800,-309,239,-96
-7296,-3896,-15788,-318,256,-90
-7240,-3820,-15740,-295,238,-80
-7412,-3856,-15880,-306,242,-96
-7360,-3804,-15956,-292,247,-74
-7360,-3812,-15856,-289,235,-104
-7304,-3860,-15792,-301,231,-102
-7328,-3788,-15700,-286,264,-102
-7332,-3824,-15916,-304,250,-65
-7388,-3876,-15752,-303,247,-80
-7296,-3840,-15688,-303,243,-79
-7240,-3764,-15744,-297,261,-91
-7348,-3864,-15784,-309,262,-84
-7304,-3772,-15848,-284,223,-85
-7272,-3792,-15880,-283,218,-83
-7232,-3820,-15756,-295,211,-90
-7280,-3812,-15744,-283,223,-96
-7476,-3884,-15876,-314,266,-79
-7292,-3860,-16040,-279,198,-113
-7336,-3816,-15788,-291,255,-76
-7320,-3796,-15756,-265,223,-75
-7308,-3912,-15868,-303,259,-89
-7268,-3772,-15936,-284,242,-84
-7244,-3752,-15832,-295,270,-82
-7280,-3904,-15784,-284,218,-98
-7368,-3712,-15700,-313,250,-99
-7212,-3772,-15740,-280,255,-99
-7388,-3808,-15644,-295,238,-90
-7316,-3876,-15720,-279,249,-101
-7316,-3884,-15844,-294,231,-93
-7344,-3916,-15784,-294,223,-86
-7328,-3716,-15812,-275,270,-78
-7244,-3832,-15944,-287,257,-84
-7308,-3820,-15900,-297,237,-112
-7288,-3836,-16044,-277,218,-96
-7300,-3872,-15808,-292,227,-80
-7316,-3832,-15864,-288,225,-96
-7272,-3772,-15736,-289,251,-96
-7324,-3792,-15820,-285,252,-73
-7260,-3848,-15800,-299,269,-113
-7356,-3884,-15748,-288,260,-88
-7272,-3864,-15784,-283,250,-89
-7228,-3868,-15840,-284,258,-72
-7164,-3864,-15832,-287,235,-89
-7344,-3772,-15824,-311,245,-104
-7200,-3828,-15828,-314,217,-67
-7260,-3784,-15784,-306,221,-103
-7308,-3788,-15820,-297,231,-112
-7252,-3880,-15876,-275,211,-88
-7304,-3768,-15628,-310,239,-104
-7336,-3860,-15660,-313,238,-96
-7404,-3800,-15768,-292,236,-94
-7264,-3872,-15788,-312,239,-118
-7272,-3876,-15808,-287,244,-81
-7264,-3860,-15980,-298,222,-81
-7288,-3796,-15684,-303,230,-71
-7204,-3932,-15932,-292,206,-95
-7384,-3836,-15904,-295,233,-109
-7284,-3868,-15712,-308,239,-99
-7364,-3864,-15700,-284,247,-98
-7280,-3888,-15740,-290,204,-94
-7260,-3900,-15708,-290,233,-106
-7276,-3892,-15640,-286,245,-86
-7284,-3764,-15828,-277,255,-81
-7384,-3900,-15820,-287,245,-103
-7296,-3776,-15808,-301,249,-84
-7304,-3856,-15752,-280,244,-93
-7244,-3924,-15780,-302,214,-76
-7296,-3808,-15828,-290,258,-81
-7220,-3848,-15752,-307,240,-95
-7372,-3900,-15868,-302,217,-96
-7292,-3876,-15788,-277,209,-80
-7264,-3856,-15908,-292,251,-96
-7316,-3808,-15680,-308,213,-81
-7264,-3888,-15728,-288,244,-80
-7304,-3880,-15672,-280,269,-76
-7288,-3880,-15700,-295,238,-84
-7340,-3760,-15748,-284,248,-99
-7328,-3756,-15644,-289,237,-83
-7280,-3776,-15876,-291,232,-110
-7364,-3888,-15756,-300,226,-90
-7312,-3800,-15728,-298,258,-99
-7364,-3796,-15776,-291,236,-84
-7324,-3704,-15904,-293,230,-86
-7252,-3836,-15824,-262,224,-81
-7312,-3896,-15732,-296,245,-82
-7352,-3860,-15616,-302,249,-91
-7300,-3844,-15912,-306,230,-81
-7408,-3860,-15756,-306,234,-95
-7320,-3796,-15744,-294,236,-94
-7280,-3832,-15772,-319,227,-113
-7256,-3744,-15924,-314,253,-81
-7212,-3828,-15748,-269,246,-104
-7308,-3916,-15900,-270,243,-92
-7344,-3804,-15868,-277,224,-116
-7256,-3768,-15856,-322,230,-90
-7188,-3852,-15756,-303,201,-106
-7472,-3704,-15856,-302,237,-106
-7332,-3784,-15816,-295,250,-83
-7292,-3884,-15720,-314,251,-98
-7324,-3876,-15788,-280,254,-107
-7284,-3940,-15728,-281,239,-79
-7332,-3928,-15900,-296,262,-100
-7248,-3708,-15792,-301,249,-85
-7196,-3712,-15836,-302,241,-81
-7288,-3900,-15776,-299,247,-93
-7304,-3844,-15756,-287,275,-90
-7300,-3904,-15736,-297,255,-78
-7284,-3776,-15856,-301,247,-77
-7280,-3760,-15788,-291,236,-93
-7300,-3844,-15896,-313,232,-78
-7212,-3792,-15828,-298,250,-110
-7284,-3784,-15924,-282,236,-96
-7328,-3844,-15796,-306,246,-93
-7328,-3856,-15864,-314,246,-84
-7396,-3748,-15640,-272,251,-81
-7280,-3860,-15764,-308,278,-81
-7332,-3792,-15656,-298,243,-67
-7316,-3864,-15924,-312,238,-111
-7316,-3804,-15720,-287,255,-91
-7332,-3940,-15896,-282,204,-112
-7308,-3744,-15876,-294,217,-65
-7320,-3764,-15824,-311,234,-83
-7268,-3792,-15812,-313,248,-92
-7308,-3828,-15780,-302,255,-83
-7316,-3808,-15872,-301,245,-90
-7328,-3700,-15760,-280,253,-74
-7284,-3740,-15812,-285,232,-100
-7364,-3776,-15772,-297,256,-70
-7336,-3692,-15660,-276,238,-105
-7352,-3904,-15948,-289,219,-75
-7348,-3812,-15940,-305,257,-87
-7408,-3904,-15824,-320,247,-84
-7272,-3840,-15752,-287,229,-77
-7304,-3788,-15704,-72,-267,232
-7276,-3752,-15952,-283,244,-102
-7304,-3788,-15704,-72,-267,232
-7300,-3848,-15792,-309,241,-88
-7332,-3780,-15892,-313,230,-109
-7372,-3844,-15756,-293,249,-94
-7512,-3788,-15792,-297,245,-71
-7356,-3832,-15828,-276,249,-106
-7268,-3836,-15700,-311,222,-96
-7332,-3900,-15876,-286,231,-86
-7352,-3800,-15716,-286,223,-93
-7264,-3808,-15772,-289,238,-75
-7252,-3900,-15808,-288,246,-87
-7308,-3804,-15864,-314,240,-90
-7228,-3812,-15720,-312,235,-105
-7328,-3816,-15676,-296,231,-68
-7192,-3832,-15752,-277,250,-92
-7336,-3880,-15836,-284,239,-89
-7348,-3820,-15960,-305,257,-90
-7248,-3820,-15668,-276,233,-80
-7320,-3760,-15828,-288,227,-85
-7372,-3784,-15804,-301,234,-105
-7328,-3856,-15852,-314,245,-98
-7220,-3760,-15832,-277,247,-107
-7268,-3852,-15660,-314,244,-79
-7272,-3740,-15840,-289,244,-95
-7232,-3852,-15760,-285,232,-109
-7248,-3808,-15764,-290,214,-102
-7368,-3804,-15700,-291,256,-79
-7244,-3856,-15788,-294,238,-96
-7244,-3852,-15808,-288,256,-99
-7312,-3788,-15852,-305,250,-97
-7360,-3844,-15912,-291,255,-88
-7344,-3788,-15880,-283,190,-60
-7272,-3788,-15724,-266,217,-100
-7228,-3944,-15852,-303,247,-84
-7220,-3844,-15688,-314,238,-101
-7332,-3876,-15956,-289,218,-104
-7312,-3928,-15776,-286,259,-95
-7300,-3872,-15816,-293,224,-93
-7372,-3872,-15888,-287,275,-82
-7416,-3804,-15892,-271,199,-102
-7316,-3776,-15800,-296,240,-74
-7344,-3888,-15720,-296,256,-92
-7284,-3744,-15848,-315,220,-91
-7200,-3804,-15704,-298,253,-93
-7208,-3892,-15800,-313,242,-97
-7332,-3824,-15920,-312,218,-86
-7364,-3876,-15880,-299,241,-79
-7340,-3824,-15772,-281,239,-97
-7412,-3876,-15748,-289,243,-127
-7364,-3876,-15716,-297,273,-100
-7272,-3832,-15868,-284,228,-106
-7404,-3940,-15836,-289,230,-68
-7348,-3932,-15828,-304,238,-87
-7264,-3800,-15816,-295,216,-96
-7288,-3856,-15764,-283,244,-74
-7308,-3836,-15896,-276,240,-88
-7196,-3832,-15664,-292,220,-86
-7276,-3844,-15992,-276,224,-97
-7332,-3828,-15752,-300,251,-84
-7276,-3784,-15888,-299,257,-106
-7344,-3764,-15748,-292,238,-73
-7288,-3832,-15836,-289,253,-88
-7256,-3904,-15756,-339,247,-57
-7276,-3816,-15736,-293,251,-77
-7264,-3740,-15804,-292,246,-105
-7184,-3728,-15792,-280,235,-72
-7352,-3860,-15804,-287,226,-98
-7408,-3748,-15916,-289,223,-88
-7304,-3764,-15784,-301,252,-81
-7268,-3868,-15836,-302,258,-84
-7320,-3824,-15764,-290,252,-87
-7232,-3984,-15816,-293,225,-77
-7140,-3824,-1574,-9236,-281,24
-7304,-3760,-15728,-284,247,-90
-7356,-3876,-15760,-285,221,-81
-7320,-3744,-15716,-320,237,-85
-7340,-3880,-15816,-304,254,-100
-7228,-3848,-15892,-299,286,-100
-7320,-3840,-15792,-318,248,-96
-7312,-3784,-15816,-304,248,-115
-7240,-3824,-15852,-281,241,-70
-7392,-3884,-15804,-296,256,-89
-7256,-3792,-15864,-318,243,-89
-7256,-3872,-15824,-290,220,-80
-7260,-3868,-15820,-316,241,-66
-7276,-3888,-15800,-288,235,-87
-7336,-3800,-15744,-305,270,-66
-7256,-3868,-15804,-306,255,-95
-7280,-3744,-15816,-280,212,-119
-7256,-3736,-15832,-294,225,-82
-7272,-3852,-15768,-282,236,-75
-7208,-3872,-15740,-311,262,-71
-7340,-3864,-15836,-275,240,-74
-7340,-3932,-15796,-307,234,-100
-7216,-3804,-15868,-285,243,-82
-7296,-3880,-15820,-281,236,-87
-7200,-3956,-15832,-314,250,-104
-7300,-3892,-15780,-308,236,-90
-7276,-3704,-15844,-289,252,-80
-7316,-3832,-15892,-293,221,-107
-7248,-3848,-15900,-292,246,-81
-7380,-3800,-15820,-321,243,-94
-7260,-3732,-15844,-298,257,-93
-7252,-3780,-15776,-303,245,-85
-7352,-3868,-15720,-311,249,-80
-7312,-3772,-15852,-307,243,-102
-7276,-3848,-16016,-277,244,-101
-7372,-3824,-15816,-309,240,-90
-7284,-3820,-15836,-315,242,-75
-7236,-3748,-15860,-303,218,-93
-7272,-3884,-15720,-291,231,-87
-7256,-3900,-15736,-288,247,-88
-7244,-3868,-15708,-291,234,-80
-7260,-3884,-15856,-294,232,-81
-7236,-3844,-15768,-289,245,-83
-7352,-3884,-15752,-273,248,-85
-7224,-3972,-15704,-308,238,-59
-7232,-3872,-15744,-294,234,-93
-7312,-3856,-15692,-278,261,-76
-7348,-3828,-15900,-297,236,-90
-7268,-3824,-15808,-306,225,-78
-7340,-3840,-15844,-292,214,-103
-7292,-3800,-15696,-289,227,-88
-7320,-3776,-15748,-285,230,-101
-7260,-3812,-15848,-303,211,-56
-7424,-3864,-15760,-294,252,-107
-7352,-3776,-15868,-289,274,-76
-7336,-3784,-15776,-307,234,-89
-7372,-3800,-15896,-302,229,-88
-7280,-3848,-15788,-316,255,-85
-7240,-3756,-15704,-277,240,-98
-7248,-3776,-15852,-284,220,-90
-7292,-3792,-15812,-281,235,-77
-7352,-3792,-15764,-299,242,-101
-7352,-3688,-15816,-288,223,-81
-7220,-3884,-15824,-287,262,-94
-7328,-3724,-15868,-305,221,-99
-7308,-3736,-15752,-273,241,-82
-7232,-3832,-15868,-291,252,-88
-7380,-3832,-15952,-282,266,-80
-7184,-3696,-15924,-316,261,-98
-7228,-3744,-15736,-308,217,-82
-7336,-3848,-15808,-295,268,-92
-7344,-3804,-15996,-299,243,-93
-7196,-3848,-15856,-282,223,-77
-7276,-3952,-15892,-296,245,-81
-7212,-3848,-15892,-300,253,-86
-7332,-3820,-15876,-293,255,-83
-7412,-3796,-15760,-323,241,-90
-7272,-3760,-15776,-295,252,-80
-7264,-3904,-15832,-278,270,-86
-7400,-3884,-15752,-295,236,-84
-7192,-3848,-15744,-304,262,-103
-7176,-3940,-15832,-303,228,-106
-7260,-3792,-15808,-312,249,-99
-7308,-3772,-15836,-312,275,-63
-7240,-3792,-15772,-296,236,-105
-7252,-3772,-15780,-299,249,-107
-7264,-3724,-15788,-298,227,-80
-7288,-3788,-15748,-285,237,-94
-7376,-3900,-15860,-284,231,-93
-7296,-3784,-15824,-290,248,-78
-7380,-3896,-15768,-284,252,-88
-7320,-3780,-15652,-296,264,-96
-7260,-3888,-15768,-291,231,-95
-7332,-3836,-15948,-280,222,-95
-7300,-3764,-15764,-287,247,-101
-7332,-3700,-15848,-297,265,-81
-7308,-3832,-15840,-286,266,-93
-7240,-3764,-15840,-292,230,-69
-7268,-3840,-15752,-290,247,-90
-7172,-3888,-15884,-318,253,-97
-7304,-3828,-15824,-282,252,-79
-7332,-3780,-15788,-282,250,-96
-7248,-3784,-15860,-289,243,-98
-7344,-3812,-15840,-279,231,-104
-7208,-3904,-15792,-282,247,-75
-7244,-3816,-15800,-275,240,-86
-7252,-3776,-15860,-287,253,-100
-7284,-3828,-15812,-285,237,-100
-7360,-3776,-15788,-298,237,-76
-7324,-3788,-15808,-285,242,-91
-7288,-3736,-15824,-304,225,-91
-7292,-3880,-15844,-299,226,-93
-7296,-3752,-15760,-301,225,-86
-7288,-3804,-15672,-301,230,-99
-7220,-3848,-15852,-305,248,-67
-7252,-3668,-15808,-294,263,-79
-7288,-3896,-15760,-282,263,-89
-7328,-3760,-15756,-294,252,-75
-7344,-3876,-15764,-281,252,-89
-7244,-3860,-15824,-284,263,-66
-7320,-3824,-15876,-296,244,-105
-7240,-3748,-15964,-291,235,-56
-7316,-3756,-15824,-310,239,-73
-7340,-3744,-15860,-299,235,-107
-7276,-3820,-15904,-289,248,-93
-7344,-3792,-15868,-290,236,-94
-7276,-3808,-15852,-298,234,-100
-7328,-3780,-15876,-280,223,-107
-7320,-3792,-15808,-293,246,-111
-7264,-3788,-15820,-315,232,-86
-7220,-3856,-15776,-273,251,-81
-7424,-3768,-15660,-304,248,-75
-7296,-3812,-15788,-276,241,-100
-7292,-3764,-15672,-269,256,-117
-7276,-3920,-15720,-299,266,-89
-7232,-3800,-15820,-293,220,-90
-7348,-3888,-15868,-292,274,-102
-7268,-3860,-15856,-295,251,-101
-7268,-3740,-15752,-272,231,-79
-7340,-3872,-16040,-303,246,-85
-7300,-3808,-15824,-312,246,-87
-7252,-3760,-15876,-283,241,-70
-7232,-3868,-15728,-292,216,-102
-7296,-3804,-15688,-307,269,-76
-7248,-3788,-15972,-286,225,-79
-7376,-3844,-15924,-291,226,-92
-7244,-3768,-15728,-297,239,-98
-7368,-3892,-15832,-289,243,-96
-7332,-3804,-15904,-272,218,-82
-7296,-3752,-15780,-297,210,-101
-7280,-3824,-15784,-288,225,-102
-7204,-3888,-15956,-296,242,-76
-7340,-3824,-15796,-289,234,-103
-7272,-3788,-15768,-283,255,-73
-7292,-3776,-15872,-298,216,-98
-7428,-3840,-15848,-282,227,-88
-7284,-3784,-15852,-281,247,-84
-7336,-3856,-15848,-294,243,-86
-7304,-3856,-15820,-296,240,-85
-7332,-3828,-15844,-282,224,-83
-7300,-3872,-15880,-297,232,-82
-7312,-3744,-15920,-305,254,-102
-7252,-3840,-15868,-289,250,-86
-7212,-3800,-15824,-274,215,-81
-7280,-3804,-15764,-310,231,-117
-7260,-3788,-15864,-269,239,-78
-7312,-3800,-15812,-300,263,-97
-7328,-3872,-15784,-308,235,-89
-7248,-3816,-15708,-306,253,-88
-7296,-3872,-15896,-302,231,-86
-7200,-3848,-15876,-269,247,-103
-7256,-3788,-15876,-305,245,-95
-7368,-3840,-15844,-279,229,-113
-7220,-3848,-15796,-269,232,-95
-7292,-3792,-15844,-274,205,-87
-7328,-3888,-15940,-291,244,-94
-7372,-3820,-15820,-294,252,-100
-7208,-3948,-15832,-299,226,-85
-7288,-3800,-15800,-294,261,-99
-7256,-3880,-15752,-283,276,-75
-7328,-3748,-15856,-308,256,-108
-7228,-3728,-15788,-306,238,-89
-7248,-3928,-15900,-290,239,-81
-7208,-3792,-15704,-299,247,-90
-7308,-3924,-15676,-297,247,-79
-7232,-3816,-15760,-294,238,-56
-7232,-3864,-16020,-295,259,-66
-7284,-3860,-15872,-300,234,-90
-7296,-3792,-15816,-303,257,-95
