1716,1872,-16480,-110,571,-81
1780,1976,-16728,-174,486,-89
1804,1996,-17176,-696,576,-121
1788,1888,-16748,-237,568,-83
1792,1932,-16804,-304,529,-95
1908,1964,-17088,-306,510,-82
1720,1848,-16680,-333,503,-97
1872,2020,-16780,-676,516,-98
1760,2052,-16896,-305,522,-77
1768,1804,-16832,416,470,-53
1920,1976,-16772,-1102,534,-113
1864,2032,-16940,-476,532,-101
1836,1880,-16876,540,462,-45
1832,1972,-16856,-1010,548,-96
1788,1932,-16876,-508,509,-98
1840,1948,-16884,402,477,-65
1860,1964,-16812,-843,518,-109
1780,1920,-16792,-459,499,-87
1828,1948,-16904,91,484,-71
1888,1996,-16976,-668,554,-103
1936,1896,-16716,-260,520,-113
18242,-,1952,-1699144,541,-60
1756,2032,-16800,-702,522,-85
1812,1916,-16808,-36,513,-102
1844,1892,-16980,-303,500,-76
1876,2076,-17040,-768,529,-84
1956,2012,-16812,-771,539,-117
1892,1876,-16956,8,516,-82
1932,1952,-16912,-235,508,-76
1816,1956,-16904,-704,537,-90
1824,2000,-16884,-127,502,-71
1828,1936,-16920,-255,507,-71
1792,1924,-16968,-480,515,-96
1824,1932,-16968,-310,510,-87
1764,1976,-16892,-336,535,-86
1716,2024,-16928,-246,499,-81
1856,2008,-16852,-474,508,-84
1824,1960,-17092,-390,510,-77
1760,1896,-16876,-122,499,-70
1828,1900,-16752,-485,541,-72
1888,2032,-16848,-442,521,-67
1832,1992,-16900,-217,510,-85
1884,1996,-16912,-386,512,-103
1872,1976,-16964,-303,505,-99
1844,1900,-16840,-384,532,-91
1852,1972,-16932,-254,521,-87
1748,2144,-16948,-368,527,-67
1772,1864,-16904,-415,494,-72
1760,1692,-15956,-222,536,-109
1848,2040,-17028,-432,522,-95
1832,2036,-16912,-417,528,-85
1844,1976,-16912,-308,503,-68
1804,2032,-16784,-327,511,-99
1800,1932,-16784,-359,528,-83
1920,1968,-16908,-315,527,-85
1796,1904,-16940,-300,521,-62
1900,1972,-16984,-332,528,-102
1776,1964,-16972,-436,531,-99
1768,1900,-16828,-183,519,-98
1784,2016,-16768,-576,535,-79
1728,1948,-16728,-275,522,-70
1816,1916,-16868,-170,502,-70
1916,1916,-16816,-574,543,-78
1692,1932,-16800,-254,510,-81
1800,2012,-17044,-239,536,-80
1668,1876,-16824,-535,523,-95
1844,1984,-17012,-226,504,-78
1832,2032,-16772,-377,533,-58
1812,1916,-16908,-359,503,-97
1820,1904,-16840,-196,494,-74
1800,1924,-16936,-315,520,-111
1812,1888,-16892,-402,516,-103
1816,1932,-16840,-264,512,-87
12,-276,517,844,1908,-16876
12,-276,517,844,1908,-16876
12,-276,517,844,1908,-16876
12,-276,517,844,1908,-16876
1824,1888,-16812,-334,514,-82
1692,1972,-16952,-317,487,-66
1748,1924,-16912,-358,495,-70
1720,184388,8,-16872,-512,-115
1864,2028,-16716,-378,519,-78
1864,2040,-16840,-210,537,-69
1768,1932,-16912,-360,494,-85
1872,2052,-16896,-358,525,-75
1888,1912,-16920,-316,520,-74
1800,1964,-16828,-368,502,-86
1760,1860,-16908,-360,526,-99
1808,1876,-16788,-328,512,-66
1760,1876,-16896,-367,537,-64
1772,1840,-16716,-366,514,-52
1708,1984,-16832,-364,505,-55
1828,1872,-16988,-250,514,-81
1168804,2060,-92,-431,511,-79
1832,1984,-16868,-405,534,-93
1828,1868,-16720,-116,514,-87
1864,1952,-16820,-599,499,-89
1812,1916,-16880,-430,517,-103
1748,1968,-16864,7,473,-93
1900,1976,-16840,-735,491,-109
1816,1896,-16992,-171,500,-70
1832,1912,-16820,-165,518,-106
1756,2068,-16836,533,-7288,-6
1748,1896,-16872,-72,484,-76
1824,2008,-16868,-358,518,-81
1804,1952,-16872,-545,538,-81
1756,1980,-16784,-149,504,-68
1768,1980,-16968,-475,508,-73
1844,1964,-16904,-276,520,-85
1896,1996,-16832,-308,508,-86
1776,1984,-16968,-456,535,-96
1880,2000,-17008,-227,485,-74
1816,1968,-16796,-292,501,-53
1788,1988,-16804,-431,526,-86
1864,1936,-16840,-135,464,-57
1820,1992,-16940,-402,476,-62
1780,1884,-16840,-305,512,-75
1832,1948,-16844,-307,509,-104
1768,1904,-16820,-298,502,-94
1888,1968,-16744,-394,490,-93
1824,1948,-16912,-274,501,-87
1764,1968,-16760,-364,518,-73
1800,1932,-17104,-397,521,-103
1912,2000,-16860,-365,511,-91
1932,2000,-16868,-294,524,-61
1812,1972,-16908,-385,514,-84
1768,1940,-16788,-268,509,-94
1788,2012,-16848,-373,496,-86
1872,2032,-16944,-343,530,-68
1792,1964,-16692,-335,489,-70
1716,1956,-16788,-354,501,-78
1900,1900,-16880,-310,518,-108
1852,1972,-16956,-381,510,-98
1776,1992,-16784,-275,508,-88
1860,190364,501,-78,-16924,-0
1744,1928,-16884,-359,514,-62
1856,1940,-16976,-324,515,-102
1812,2032,-16932,-328,512,-70
1736,1928,-16952,-336,530,-76
1840,1932,-16880,-319,528,-66
1772,2048,-16932,-319,498,-71
1768,1916,-16904,-345,534,-112
1760,1932,-16792,-327,523,-72
1824,1948,-16744,-187,506,-76
1832,1956,-16888,-389,504,-79
1892,1920,-16968,-457,494,-77
1924,1900,-16836,-190,481,-66
1800,1948,-16948,-374,517,-81
1800,1924,-16928,-507,518,-69
1872,1912,-16772,-150,491,-67
1804,1848,-16908,-346,515,-85
1752,2008,-16800,-510,519,-103
1904,1916,-16776,-216,514,-6
1904,1916,-16776,-216,514,-6
1696,1980,-16828,-436,486,-83
1740,2080,-16864,-187,513,-57
1860,1896,-16920,-426,519,-84
1784,1908,-16784,-466,521,-92
1856,2052,-16796,-160,510,-76
1880,1992,-17000,-416,499,-93
1808,2020,-16888,-271,497,-95
1788,1824,-16768,-383,558,-105
1856,1844,-17016,-345,531,-70
1784,1944,-16960,-333,515,-75
1776,1980,-16756,-368,522,-77
1852,1948,-16880,-254,541,-90
1724,2012,-16868,-363,498,-84
1816,1948,-17020,-404,509,-86
1776,2068,-16840,-278,509,-103
1800,1952,-16892,-400,518,-96
1748,1916,-16952,-277,511,-68
1792,1968,-16844,-329,517,-82
1808,1900,-16836,-362,537,-89
1756,1988,-16756,-361,505,-107
1884,2016,-16900,-276,485,-92
1784,1900,-16920,-360,506,-80
1792,1944,-16976,-410,514,-88
1876,1964,-16740,-222,497,-82
1760,2028,-16972,-381,505,-88
1736,2016,-16820,-447,534,-91
1804,1992,-16832,-401,513,-79
1764,1988,-16876,-180,493,-86
1772,2012,-16820,-284,533,-110
1840,1948,-16684,-408,558,-95
1848,1944,-16892,-356,509,-63
1832,1956,-16912,-326,520,-88
1816,1988,-16928,-353,497,-115
1708,1948,-16784,-331,563,-94
1876,1960,-16968,-385,529,-82
1864,1996,-16884,-355,505,-79
1784,1924,-16812,-264,511,-78
1876,1976,-16956,-379,486,-76
1796,1924,-16924,-254,504,-86
1828,1972,-16676,-299,489,-83
1756,1936,-16808,-456,518,-90
1756,2008,-16904,-362,528,-79
1816,1980,-16920,-234,514,-79
1832,1960,-16820,-393,519,-76
1916,2000,-16972,-366,510,-65
1768,1996,-16812,-488,474,-78
1896,2024,-16876,-212,523,-86
1876,1852,-16944,-315,512,-97
1864,1992,-16852,-306,505,-93
1780,2000,-16888,-418,519,-92
1708,2064,-16812,-344,501,-103
1912,2108,-16992,-304,523,-88
1728,1856,-16700,-421,513,-78
1884,1952,-16620,-302,505,-74
1876,2012,-17052,-322,506,-108
1824,1940,-16888,-396,480,-88
1756,1908,-16868,-275,494,-66
1776,1956,-16928,-321,542,-74
1796,1980,-16832,-474,541,-103
1908,1988,-16976,-241,514,-55
1800,1960,-16968,-302,512,-73
1820,1952,-17064,-458,526,-84
1740,1956,-16724,-224,531,-74
1832,1948,-16880,-384,486,-53
1860,1968,-16908,-460,497,-101
1776,1972,-16880,-206,508,-80
1860,1968,-16868,-405,502,-99
1772,1944,-16864,-384,494,-106
1852,1848,-16880,-200,498,-71
1840,1956,-16884,-486,529,-77
1796,1960,-16772,-338,519,-56
1728,1912,-16900,-210,547,-53
1748,1864,-16896,-262,533,-80
1784,1904,-16832,-486,522,-66
1872,1968,-16948,-289,513,-111
1816,1996,-16852,-513,525,-81
1740,1896,-16784,-213,492,-75
1788,1912,-16872,-344,528,-74
1816,1912,-16852,-462,542,-74
1792,2012,-16948,-189,517,-91
1908,1860,-16868,-433,537,-73
1804,2000,-16904,-448,521,-84
1820,1980,-16960,-133,514,-82
1912,1976,-16704,-469,530,-92
1764,1940,-16900,-395,531,-77
1776,1904,-16768,-75,528,-97
1828,1928,-16868,-578,498,-76
1780,2008,-16848,-379,509,-80
1852,1904,-16812,,508,-50
1824,1984,-16900,-586,531,-90
1756,1948,-16780,-298,537,-72
1748,1908,-16880,-165,520,-37
17,-16716,-556,1888,-16796,-228
17,-16716,-556,1888,-16796,-228
17,-16716,-556,1888,-16796,-228
1788,2000,-16924,-587,517,-67
1768,2008,-16892,-218,511,-63
1852,1972,-16904,-108,503,-41
1932,2008,-16908,-383,517,-52
1796,2064,-16928,-491,516,-102
1732,1964,-16812,-143,510,-98
1864,1980,-16860,-448,543,-84
1896,1924,-16848,-353,527,-67
1900,1932,-16956,-155,487,-88
1800,1948,-16812,-553,566,-66
1852,2028,-16792,-323,498,-87
1824,1888,-17056,-119,450,-68
1860,1956,-16924,-647,531,-93
1824,1960,-16880,-239,512,-78
1860,1912,-16888,-134,493,-70
1844,1932,-16772,-732,529,-91
1852,1972,-16908,-122,515,-92
1848,1992,-17044,-116,504,-63
1772,2012,-16900,-752,507,-110
1820,1924,-16912,-17,504,-65
1904,1900,-16892,-294,510,-86
1896,1924,-16896,-671,516,-102
1744,2016,-16820,-427,548,-99
1936,1912,-16928,-56,488,-52
1908,1884,-16796,29,496,-44
1832,196,-521,54584,-16816,-599
1832,196,-521,54584,-16816,-599
1832,196,-521,54584,-16816,-599
1868,1984,-16908,-114,508,-65
1720,1856,-16936,-375,498,-69
1864,1952,-16792,-588,508,-91
1768,1932,-16792,-270,493,-68
1824,1892,-16944,-103,483,-55
1864,1972,-16804,-638,518,-106
1852,1904,-16768,-117,48,-16856
1852,1904,-16768,-117,48,-16856
1852,1904,-16768,-117,48,-16856
1816,1980,-16888,-617,535,-89
1740,2004,-16860,-185,480,-78
1912,1980,-16908,-178,501,-66
1864,1992,-16972,-655,529,-93
1736,1912,-16828,-141,490,-61
1880,1948,-16896,-273,525,-82
1888,2020,-16928,-631,544,-91
1880,2012,-16704,-35,491,-42
1856,2072,-16764,-427,511,-105
1784,2028,-16788,-424,533,-56
1884,1940,-16808,-517,507,-80
1796,6908,-158,1956,-16800,-291
1796,6908,-158,1956,-16800,-291
1796,6908,-158,1956,-16800,-291
1864,1848,-16844,-161,515,-48
1744,2024,-16884,-591,515,-104
1840,1944,-16812,-537,null,null
1760,2016,-16804,-184,508,-68
1808,1992,-17100,-185,485,-90
1684,1948,-16768,-475,552,-86
1784,1996,-16880,-286,516,-84
1784,1800,-16964,-360,523,-93
1768,1892,-16908,-374,510,-90
1836,1968,-16976,-401,506,-93
1748,2032,-16816,-304,520,-69
1836,1840,-16672,-464,507,-81
1864,1940,-16972,-241,540,-86
1884,1968,-16972,-413,528,-95
1776,1868,-16960,-222,496,-52
1772,1964,-16672,-423,509,-82
1784,1968,-16708,-303,511,-77
1832,2004,-16972,-290,533,-73
1768,1944,-16960,-464,513,-101
1752,1972,-16928,-317,491,-73
1912,1968,-16852,-221,499,-74
1848,1868,-16900,-431,529,-97
1832,1884,-16756,-311,497,-108
1736,1932,-16928,-266,510,-39
1756,1964,-16948,-465,514,-97
1752,2020,-16840,-306,519,-83
1872,1928,-16916,-262,511,-79
1824,1964,-16924,-503,536,-72
1788,2028,-17032,-162,518,-83
1812,1916,-16816,-482,553,-77
1716,1904,-16812,-372,487,-71
1864,1964,-17004,-166,489,-78
1820,1980,-16772,-404,507,-81
1816,1984,-16964,-429,538,-74
1836,1864,-16952,-112,521,-83
1732,1932,-16988,-515,528,-60
1788,1984,-16880,-428,497,-80
1764,1964,-16840,-146,503,-95
17356,516,-112,1964,-16812,-370
17356,516,-112,1964,-16812,-370
17356,516,-112,1964,-16812,-370
1844,1892,-16932,-247,522,-82
1788,1940,-16904,-474,530,-65
1792,1920,-16900,-254,504,-84
1836,2064,-16908,-339,500,-85
1872,1984,-16916,-408,500,-75
1748,2076,-16808,-322,483,-91
18,523,-72,2084,-16968,-371
18,523,-72,2084,-16968,-371
18,523,-72,2084,-16968,-371
1812,1924,-16928,-309,493,-80
1840,2008,-16852,-325,506,-86
1796,2064,-16908,-348,522,-73
1828,1980,-16976,-326,549,-91
1848,1928,-16884,-323,495,-76
1756,1872,-16908,-262,513,-82
1816852,-411,24,2008,-527,-68
1784,2004,-16812,-328,null,null
1832,1940,-16984,-283,488,-84
1756,2000,-16880,-329,524,-82
1856,2004,-17004,-367,520,-70
1640,1976,-17036,-331,531,-93
1736,1992,-16952,-305,482,-80
1888,2072,-16816,-351,491,-78
1844,1944,-16888,-332,497,-68
1832,1992,-16888,-373,516,-65
1908,2012,-16992,-398,514,-107
1844,1920,-16908,-390,512,-53
1764,1968,-16832,-239,504,-82
1908,1884,-16892,-407,539,-105
1844,1960,-16896,-212,509,-84
1892,1912,-16996,-367,527,-89
1792,1940,-16972,-416,510,-71
1884,1952,-16840,-245,491,-76
1872,1848,-16988,-351,532,-92
1860,1932,-16928,-420,503,-103
1744,1928,-16700,-299,535,-78
1840,1972,-16944,-277,514,-93
1944,1808,-16980,-349,522,-65
1764,1952,-16816,-410,496,-80
1856,1960,-16760,-254,529,-85
1844,1940,-16944,-285,497,-81
1768,1968,-16872,-416,508,-84
1764,1992,-16836,-376,530,-107
1832,2020,-16828,-244,538,-81
1828,1948,-16732,-436,527,-72
1820,1904,-16848,-354,511,-78
1776,1816,-16888,-445,550,-50
1896,1892,-16868,-192,509,-75
1864,1972,-16792,-442,525,-70
1800,1852,-100,1948,-16752,-702
1800,1852,-100,1948,-16752,-702
1800,1852,-100,1948,-16752,-702
1804,1932,-16940,77,496,-49
1824,2060,-16896,-261,496,-55
1776,2012,-16864,-863,550,-92
1832,1832,-16828,227,466,-82
1812,1896,-16844,-415,538,-73
1748,1932,-16956,-724,531,-110
1760,2048,-17084,85,492,-85
1780,2040,-16824,-439,522,-85
1876,1944,-16908,-572,489,-90
1852,1908,-16816,-72,488,-113
1768,1944,-16916,-406,511,-103
1864,2020,-16824,-446,548,-75
1692,1968,-17080,-138,494,-58
1692,2076,-16784,-575,522,-117
1772,1664,-16820,-106,520,-93
1840,1848,-16796,-537,559,-74
1820,1920,-17140,-170,598,-75
1856,2088,-16860,-277,522,-73
1856,1988,-17040,-175,530,-83
1828,2020,-16776,-436,502,-88
1812,1928,-16920,-387,529,-71
1840,2044,-16744,-211,503,-92
1844,1972,-16860,-382,511,-71
1860,1940,-16940,-435,533,-86
1,1900,-16858886,-294,532,-79
1828,1824,-16860,-355,506,-77
1920,1988,-17040,-361,547,-59
1828,1904,-16820,-314,502,-99
1800,2008,-16996,-319,496,-97
1748,1920,-16908,-365,524,-66
1808,2060,-16928,-314,509,-64
1836,1932,-16948,-353,524,-79
1816,1952,-16808,-393,494,-93
1828,2032,-16920,-381,530,-72
1804,1924,-16876,-289,505,-81
1864,1952,-16980,-301,498,-80
1832,1912,-16812,-399,496,-66
1864,1948,-16892,-320,506,-66
1820,2020,-16836,-341,520,-81
1824,1936,-16768,-363,514,-67
1876,1924,-16812,-308,502,-72
1764,1968,-16800,-338,505,-78
1904,1924,-16892,-353,483,-92
1864,2072,-16916,-307,489,-86
1840,2020,-16896,-331,544,-81
1732,1988,-16968,-347,522,-86
1928,1868,-16868,-346,539,-85
1800,1908,-16900,-332,521,-113
1664,1996,-16844,-367,504,-83
,5111848,1948,-16852,-316,510
,5111848,1948,-16852,-316,510
1804,1900,-16836,-413,509,-84
1904,2028,-16784,-305,508,-90
1832,1996,-16940,-289,498,-71
1796,1932,-16920,-393,504,-87
1964,1940,-16836,-317,530,-90
1756,1836,-16812,-293,521,-72
1788,1852,-16756,-354,538,-81
1756,1936,-16796,-354,519,-84
1836,1972,-16904,-296,511,-76
1860,193254,5,-17084,-322,-73
1848,1920,-16784,-376,505,-77
1856,2044,-16676,-306,548,-59
1840,1836,-16812,-343,507,-84
1772,1956,-17052,-344,495,-87
1804,1960,-16928,-358,481,-66
1896,1988,-16824,-331,532,-103
1896,1924,-17036,-367,525,-66
1836,1928,-16832,-338,518,-104
1760,1956,-16956,-361,538,-74
1756,1908,-16924,-316,525,-114
1788,1860,-16908,-354,516,-83
1832,1956,-16780,-324,540,-77
1864,1972,-16804,-352,509,-83
1692,2004,-16860,-356,495,-99
1764,2044,-16976,-357,510,-89
1916,1864,-16856,-276,519,-89
1804,1880,-16796,-417,509,-73
1844,1924,-16860,-302,516,-77
1780,2004,-16908,-321,533,-90
1904,1976,-17008,-274,512,-91
1816,1920,-16788,-407,522,-71
1936,1936,-16984,-345,481,-93
1760,1824,-16796,-383,534,-85
1864,1940,-17088,-353,507,-76
1808,1948,-16960,-295,501,-94
1776,1988,-16896,-341,493,-73
1824,1960,-16928,-361,501,-102
1936,1992,-16976,-371,515,-85
1784,1848,-16832,-311,499,-57
1804,1968,-16916,-376,515,-70
1856,1908,-16868,-356,522,-87
1948,1928,-16856,-331,532,-72
1852,1812,-16808,-313,481,-84
1784,1944,-16720,-351,535,-86
1712,1948,-16864,-344,488,-78
1920,1948,-17044,-348,504,-67
1892,1980,-16920,-298,495,-62
1768,1940,-16884,-355,549,-77
1800,1864,-16836,-343,513,-80
1812,1980,-16868,-316,505,-72
1892,1904,-16764,-312,493,-65
1732,1896,-16752,-339,508,-102
1860,1944,-16840,-363,525,-76
1880,1900,-16848,-362,532,-73
1856,1908,-16884,-295,514,-104
1848,1916,-16920,-379,497,-87
1952,1936,-16856,-337,512,-85
1800,1964,-16868,-357,516,-85
1812,1924,-16868,-326,508,-108
1920,1936,-17012,-322,478,-65
1800,1928,-16892,-327,519,-55
1868,1944,-16892,-318,540,-79
1800,1884,-16896,-325,478,-87
1844,1872,-16832,-342,524,-78
1856,1872,-16824,-337,497,-81
1836,1944,-16840,-334,508,-85
1816,1916,-16912,-340,507,-87
1804,1964,-16748,-342,507,-79
1784,1924,-16888,-333,495,-83
1788,1940,-16900,-341,500,-92
1876,1992,-16796,-326,502,-81
1832,1936,-16960,-387,517,-78
1840,1932,-16952,-330,516,-86
1812,1972,-16800,-343,543,-66
1812,1968,-16880,-407,553,-73
1904,2016,-16956,-348,504,-85
1824,1876,-16852,-231,503,-87
1948,1984,-16936,-357,522,-75
1808,1964,-16888,-350,533,-72
1800,1964,-16892,-313,520,-89
16871840,2000,-2,-308,507,-104
1804,2004,-16956,-361,495,-80
1864,1952,-16872,-341,513,-93
1904,1968,-16948,-304,504,-80
1852,1948,-16800,-363,534,-65
1800,1916,-16800,-309,520,-76
1780,2012,-16924,-325,482,-98
1792,1916,-16936,-359,508,-83
1748,2032,-16744,-332,512,-73
1832,2036,-16884,-381,509,-77
1844,1952,-16776,-370,514,-95
1904,1900,-17028,-309,515,-86
1904,1972,-17016,-351,538,-99
1856,1940,-16836,-327,500,-65
1880,1876,-16764,-307,496,-58
1880,1944,-16944,-419,508,-103
1816,1952,-16784,-207,488,-93
1852,1776,-16976,-432,536,-90
1736,1792,-16908,-321,542,-92
1912,1952,-16784,-275,512,-97
1856,1848,-16808,-360,531,-81
1756,2004,-16904,-281,505,-68
1896,1920,-16960,-357,523,-83
1876,1972,-16872,-377,519,-77
1832,1892,-16896,-329,505,-96
1804,1952,-16824,-323,541,-111
1792,1992,-16529,-824,-367,81
1732,1956,-16980,-305,520,-94
1800,1,-346984,-16904,527,-96
1940,1972,-16916,-352,537,-80
1796,1868,-16744,-327,497,-95
1816,2012,-16912,-355,498,-78
1788,1904,-16912,-359,518,-70
1836,1844,-16900,-296,524,-83
1912,1964,-16896,-350,526,-81
1864,1948,-16996,-398,505,-96
1780,2028,-16848,-311,471,-107
1792,1952,-16908,-380,554,-86
1844,1964,-16908,-321,507,-99
1780,1964,-16888,-296,514,-98
1768,1888,-16920,-333,515,-76
1744,1952,-16844,-394,516,-94
1804,2048,-16828,-331,534,-68
1844,2012,-16908,-386,499,-84
1876,1932,-16796,-326,524,-93
1800,1968,-16756,-344,527,-109
1744,1968,-16840,-350,518,-94
1976,1920,-16808,-338,537,-86
1808,1960,-16992,-323,520,-70
1772,2040,-16816,-298,507,-67
1832,1936,-16900,-377,502,-91
1784,1932,-17052,-312,508,-70
1884,1964,-16844,-307,510,-75
1796,1932,-16868,-412,493,-80
1848,1968,-16880,-319,507,-58
1788,1968,-16896,-323,485,-74
1856,2040,-16748,-321,509,-90
1752,1948,-16852,-381,507,-97
1812,1968,-16940,-310,493,-90
1872,2096,-16776,-363,502,-74
1988,1936,-16828,-305,552,-95
1816,1872,-16852,-356,528,-69
1820,1888,-16768,-343,486,-70
1876,2004,-16800,-286,518,-80
1824,1944,-16940,-339,518,-73
1772,1932,-16904,-363,508,-95
1908,1920,-16888,-313,511,-58
1768,1880,-16836,-381,502,-95
1916,1928,-16896,-352,499,-89
1780,1880,-16968,-371,496,-88
1892,1864,-16904,-316,524,-80
1896,1988,-16928,-345,499,-84
1856,1992,-17012,-292,494,-71
1768,1920,-16860,-367,522,-73
1904,1940,-16756,-347,509,-82
1836,2028,-16828,-334,502,-106
1808,1960,-16720,-354,510,-90
1792,1956,-16976,-335,525,-97
1816,1876,-16844,-368,536,-100
1868,1928,-16876,-338,482,-101
1852,2044,-16908,-356,529,-70
1884,1944,-16900,-321,491,-68
1760,1976,-16908,-365,509,-93
1916,1968,-16936,-337,503,-55
1820,2008,-16856,-319,498,-67
1744,1956,-16808,-343,517,-86
1832,1996,-16852,-361,508,-86
1844,1936,-17076,-329,531,-94
1852,1984,-16932,-366,502,-78
1868,1924,-16928,-324,505,-79
1876,1920,-16992,-343,494,-115
1892,1920,-16972,-372,520,-69
1736,1924,-16788,-261,511,-90
1896,2028,-16872,-383,547,-83
1928,1912,-16896,-415,556,-89
1864,1876,-16768,-248,534,-96
1748,2012,-16900,-382,522,-97
1856,2012,-16888,-343,507,-98
1720,1912,-16908,-307,504,-97
1856,1884,-16764,-332,506,-90
1900,1864,-16840,-371,502,-98
1748,1956,-16844,-314,507,-71
1816,1964,-16900,-367,510,-69
1904,1980,-17028,-366,549,-79
1852,1868,-16748,-356,509,-90
1776,1924,-17080,-339,511,-88
1856,1912,-16868,-385,520,-80
1784,2044,-16908,-350,511,-98
1756,1972,-16992,-301,491,-70
1904,1856,-16944,-329,487,-95
1784,1896,-16812,-358,535,-89
1900,1924,-16812,-324,511,-85
1884,1,-3932,-1684481,501,-101
1856,1992,-16868,-332,519,-56
1832,1908,-16956,-304,522,-67
1856,1904,-16924,-338,516,-66
1736,1916,-16888,-364,501,-82
1856,1960,-16736,-337,510,-69
1856,1936,-16812,-340,546,-69
1780,2056,-16788,-339,546,-87
1824,1960,-16892,-319,491,-79
1824,2012,-16772,-322,503,-63
1784,2040,-16952,-323,522,-73
1836,1904,-16936,-353,517,-77
1860,2060,-17120,-338,517,-72
1868,1928,-16912,-346,477,-69
1820,1900,-16868,-379,507,-93
1952,1884,-16856,-333,497,-76
1812,1924,-16764,-356,528,-68
1716,1920,-16812,-327,503,-80
1836,1988,-16900,-341,532,-45
1816,1908,-16852,-364,511,-69
1980,1888,-16816,-346,518,-77
1856,1900,-16852,-366,535,-88
1876,1900,-16764,-300,520,-96
1788,1904,-16804,-358,516,-67
1804,1896,-16896,-355,539,-94
1828,2016,-16924,-332,520,-88
1772,2004,-16832,-347,497,-85
1924,1924,-16848,-369,521,-54
1940,2004,-16928,-345,522,-71
1880,1872,-16868,-300,484,-80
1860,1940,-16908,-370,488,-96
1848,1900,-17024,-373,532,-70
1800,1916,-16916,-331,510,-83
1836,1904,-17000,-381,514,-78
1824,1820,-16832,-307,500,-99
1932,2076,-16928,-340,51,1760
1932,2076,-16928,-340,51,1760
1812,1960,-16988,-355,516,-75
1820,1924,-16856,-330,498,-112
1796,1992,-16924,-354,490,-74
1872,1936,-16728,-307,506,-92
1780,1896,-17108,-367,496,-94
1860,1924,-16756,-283,497,-73
1856,1888,-16868,-372,496,-81
1848,1964,-16928,-390,510,-78
1872,1956,-16684,-284,528,-88
1796,1992,-16800,-378,530,-115
1792,1948,-16944,-315,499,-69
1820,1904,-17004,-321,507,-79
1868,1924,-16816,-358,498,-91
1896,1932,-16832,-311,499,-95
1752,1896,-16924,-300,516,-68
1748,1828,-16980,-383,526,-84
1780,1936,-16844,-321,520,-79
1812,1828,-16908,-307,518,-90
1848,1892,-16860,-347,510,-67
1984,1896,-16832,-311,510,-71
1788,1920,-16920,-356,512,-91
1872,1844,-16860,-349,523,-95
180912,-310,492,-94,1948,-169
1844,1968,-17028,-375,492,-72
1888,1932,-16996,-310,530,-88
1840,1932,-17008,-334,528,-99
19268920,2012,-1,-325,485,-83
1840,1976,-16840,-326,529,-98
1896,1932,-16836,-370,535,-84
1864,2004,-16900,-334,505,-49
1968,-168,185204,-349,514,-77
1760,1944,-16940,-373,503,-63
1816,1852,-16940,-320,515,-904
1816,1852,-16940,-320,515,-904
1816,1852,-16940,-320,515,-904
1860,1956,-16836,-365,526,-100
1780,2004,-16992,-333,508,-89
1856,1956,-16804,-316,498,-78
1860,1992,-16972,-352,518,-87
1940,1936,-16948,-366,502,-77
1788,1856,-16896,-314,497,-69
1792,1844,-16804,-324,535,-96
1824,1920,-16796,-373,516,-81
1796,1920,-16756,-332,521,-88
1776,1968,-16896,-316,513,-66
1820,1884,-16952,-362,535,-97
1796,1996,-16772,-342,498,-74
1812,1848,-16820,-329,538,-94
1900,1856,-16820,-349,516,-84
1832,1880,-16820,-273,546,-105
1732,1976,-16936,-363,504,-79
1876,1916,-16900,-343,502,-76
1808,1856,-16916,-341,521,-91
1864,1932,-16880,-314,520,-70
1780,2004,-17056,-353,491,-72
1840,1892,-16700,-345,497,-66
1844,1996,-17024,-331,509,-71
1852,2032,-16916,-321,543,-64
1772,1812,-16876,-344,521,-57
1780,1976,-16884,-371,514,-94
1964,2020,-16796,-357,502,-67
1748,1884,-16880,-345,487,-95
1936,2000,-16880,-334,521,-96
1788,1840,-16784,-346,521,-90
1824,1972,-16940,-345,498,-96
1804,1916,-16880,-367,500,-87
1828,2032,-16752,-307,500,-64
1832,2040,-16920,-393,504,-84
1724,1964,-16876,-340,538,-67
1792,2032,-16832,-314,509,-75
1832,1856,-16784,-357,515,-90
1876,1920,-16816,-310,516,-100
1820,1912,-16840,-354,502,-79
1740,1964,-16860,-327,507,-92
1832,1984,-16936,-354,519,-74
1780,1920,-16812,-317,507,-97
1836,1964,-16848,-309,503,-102
1872,1940,-17024,-339,521,-103
1852,1936,-16708,-331,514,-87
1868,2008,-16796,-327,530,-75
1836,1932,-16936,-356,536,-92
1804,2024,-16784,-307,475,-102
1856,1968,-16880,-313,506,-79
1844,1924,-16956,-368,547,-92
1820,1956,-16852,-379,526,-100
1872,1944,-17020,-291,486,-73
1820,1892,-16832,-326,522,-81
1856,1852,-16860,-386,521,-113
1848,1984,-16908,-327,524,-81
1852,1820,-16760,-353,519,-77
1916,1920,-16828,-336,547,-88
1712,1928,-16832,-376,515,-88
1860,1908,-16872,-336,528,-103
1816,1944,-16984,-306,488,-100
1820,1932,-16928,-343,528,-66
1768,1860,-16936,-322,517,-79
1824,1976,-16924,-369,520,-89
1924,2004,-16816,-301,501,-95
1892,1928,-16948,-365,529,-84
1824,1920,-16912,-354,500,-78
1804,1828,-16728,-261,498,-102
1912,2008,-16964,-405,508,-96
1740,1832,-16800,-340,513,-69
1876,1932,-16864,-342,497,-65
1832,1916,-16936,-377,523,-96
1840,1944,-16980,-321,489,-91
1768,1864,-16868,-321,506,-74
1804,1968,-16828,-312,518,-85
1976,1996,-16964,-377,517,-93
1740,2000,-16920,-322,504,-75
1804,1980,-16812,-363,532,-90
1804,1924,-16908,-334,509,-65
1856,2028,-16916,-316,526,-72
1916,1872,-16772,-379,521,-58
1920,1900,-16988,-347,498,-92
1916,1920,-16868,-362,495,-102
1892,1996,-16996,-354,502,-85
1848,1888,-16880,-356,470,-90
1832,1908,-16796,-319,517,-101
1844,1804,-16824,-384,488,-98
1816,1992,-16956,-282,482,-91
1864,1868,-16808,-368,519,-68
1892,2000,-17024,-387,528,-81
1996,1968,-16908,-275,515,-64
1780,1856,-16908,-318,510,-95
1844,1968,-16860,-387,517,-69
1796,2016,-16960,-301,517,-67
1808,1988,-16796,-314,507,-68
1796,1952,-16876,-427,null,null
1740,2008,-16952,-322,513,-89
1812,1816,-16964,-365,533,-68
1716,1924,-16812,-348,494,-97
1876,1916,-16916,-350,528,-78
2040,-2124,-16840,-175,487,-59
1876,-2236,-16920,-422,460,-63
1840,-2404,-17036,-315,500,-84
1896,-2388,-16608,-321,523,-97
1940,-2164,-16972,-337,504,-59
1948,-2196,-17016,-292,528,-84
1800,-2232,-16776,-348,464,-83
1944,-2280,-16908,-355,519,-99
1920,-2208,-16752,-335,507,-98
2012,-2324,-16744,-363,481,-82
1832,-2208,-16924,-310,514,-74
1904,-2236,-16852,-326,494,-93
2040,-2296,-16972,-388,527,-87
1920,-2300,-16884,-305,500,-83
1852,-2288,-,-2228,-16716960,-323
1852,-2288,-,-2228,-16716960,-323
1852,-2288,-,-2228,-16716960,-323
1932,-2348,-16836,-319,524,-88
1932,-2332,-16920,-354,522,-104
1980,-2268,-16828,-295,496,-98
1880,-2344,-16772,-344,517,-89
1824,-2328,-16764,-313,520,-83
1868,-2152,-16832,-355,502,-122
1892,-2128,-16908,-338,499,-77
1924,-2220,-16680,-339,489,-74
1808,-2168,-16820,-340,517,-94
1908,-2276,-16956,-307,489,-79
1896,-2148,-16864,-348,532,-78
1808,-2136,-16300,-390,605,-115
2108,-2308,-17684,-195,462,-84
2232,-2184,-16348,-389,494,-33
1468,-2236,-16668,-235,469,-56
1960,-2372,-17408,-376,536,-115
2216,-2284,-16512,-361,551,-90
1864,-2144,-16960,-314,533,-24
1536,-2152,-17108,-419,509,-97
1940,-2340,-16504,-320,548,-110
1868,-2252,-16848,-369,525,-78
1680,-2264,-16896,-338,560,-134
2128,-2068,-16896,-320,504,-61
1928,-2348,-16844,-356,558,-118
2212,-2204,-16728,-326,495,-93
1748,-2160,-17032,-351,505,-48
1760,-2296,-16912,-310,525,-85
2008,-2208,-16812,-345,520,-68
1844,-2192,-16808,-345,517,-84
1744,-2316,-16908,-317,514,-92
2004,-2228,-16816,-323,495,-63
1996,-2208,-16904,-332,510,-109
1732,-2304,-16712,-330,515,-90
1968,-2168,-16960,-364,549,-94
1788,-2412,-16812,-347,514,-77
1948,-2288,-17016,-345,512,-114
2000,-2388,-16864,-328,523,-78
1892,-2268,-17052,-357,509,-77
1852,-2172,-16884,-286,505,-88
1980,-2308,-16820,-351,481,-87
1944,-2352,-16840,-329,499,-69
1888,-2176,-16876,-312,507,-84
1920,-2232,-16828,-364,502,-69
1868,-2188,-16852,-291,513,-78
1900,-2304,-16704,-372,507,-78
2004,-2252,-16920,-341,511,-86
1872,-2280,-16892,-310,504,-71
1888,-2240,-16892,-361,488,-74
1916,-2172,-16904,-297,538,-77
1932,-2320,-16792,-334,507,-86
1900,-2164,-16880,-346,528,-88
1912,-2184,-16776,-322,520,-84
1984,-2248,-16676,-357,494,-84
1932,-2228,-16924,-330,533,-73
1928,-2240,-16712,-340,503,-86
2084,-2276,-17016,-361,503,-79
1900,-2228,-16840,-300,530,-83
1920,-2280,-16712,-367,499,-70
1984,-2196,-16844,-315,507,-76
2040,-2264,-16836,-301,481,-68
1864,-2136,-16804,-369,534,-91
1940,-2316,-16812,-328,521,-99
1960,-2268,-16860,-334,551,-83
1844,-2304,-16728,-328,511,-73
1760,-2284,-16816,-308,537,-77
1916,-2204,-16828,-382,515,-96
2040,-2364,-16868,-326,531,-83
1928,-2252,-16936,-309,535,-71
1812,-2156,-16744,-396,511,-97
2072,-2280,-16928,-306,522,-65
1828,-2252,-16784,-383,520,-56
1824,-2164,-17004,-319,518,-65
1920,-2312,-16856,-371,510,-62
2000,-2272,-16568,-294,526,-100
1752,-2248,-16656,-285,487,-61
2044,-2168,-16836,-390,531,-98
1980,-2200,-17016,-304,528,-83
1908,-2176,-16896,-293,510,-91
1920,-2284,-16740,-384,497,-72
1936,-2204,-16964,-319,535,-72
1976,-2356,-16852,-343,517,-95
1864,-2216,-16936,-331,481,-91
1980,-2332,-16844,-309,511,-94
1980,-2228,-17140,-369,496,-85
1924,-2240,-17016,-332,505,-90
1956,-2276,-16692,-324,520,-68
1888,-2232,-16812,-360,508,-89
1844,-2296,-16940,-324,505,-83
2036,-2232,-16864,-361,531,-97
1924,-2236,-17072,-305,494,-77
1880,-2236,-16700,-325,515,-110
1928,-2180,-16940,-337,560,-112
2060,-2272,-16752,-335,548,-101
1956,-2304,-16940,-355,543,-77
1960,-2244,-16888,-256,453,-85
1800,-2172,-16704,-441,582,-95
1936,-2316,-17028,-233,522,-85
1828,-2404,-16604,-335,486,-88
1940,-2212,-17024,-368,537,-82
2000,-2332,-17016,-330,528,-100
2116,-2316,-16816,-352,500,-91
1916,-2184,-17304,-269,404,-27
1800,-2280,-16816,-400,518,-85
1800,-2284,-17392,-360,548,-110
1940,-2312,-16492,-295,482,-46
1864,-2288,-16556,-361,525,-115
2192,-2200,-16880,-322,541,-75
2048,-2200,-16948,-336,486,-73
1780,-2232,-17128,-298,502,-72
1884,-2372,-16852,-326,555,-107
1948,-2168,-17008,-327,466,-60
1912,-2228,-16624,-302,585,-80
1956,-2328,-16656,-344,571,-87
2008,-2192,-17256,-391,542,-55
1704,-2168,-16428,-245,457,-128
2088,-2260,-16980,-400,576,-95
2128,-2216,-16856,-299,486,-88
1880,-2076,-17188,-353,502,-67
1964,-2392,-16464,-397,513,-142
2196,-2268,-16840,-298,399,-36
1584,-2088,-16852,-393,501,-95
1616,-2404,-16976,-264,502,-108
2096,-2284,-16780,-416,494,-118
2068,-2320,-16880,-242,417,-63
2180,-2084,-16892,-318,430,-56
1776,-2308,-16880,-320,485,-53
1660,-2308,-16844,-328,493,-72
2000,-2276,-16704,-389,520,-113
2204,-2340,-17756,-308,374,-76
1760,-2260,-17419,-72,-325,510
1672,-2104,-15968,-488,471,-81
1908,-2264,-16112,-379,542,-62
1980,-2316,-17036,-522,495,-121
1940,-2220,-17460,-293,477,-82
1888,-2296,-16592,-238,511,-67
1956,-2116,-16480,-359,492,-80
1964,-2404,-17312,-303,528,-82
1948,-2080,-16588,-385,486,-95
1848,-2144,-17036,-315,515,-71
1896,-2140,-16900,-412,538,-92
1888,-2172,-16648,-356,537,-71
2012,-2336,-17012,-313,533,-89
2020,-2368,-16788,-373,500,-70
1908,-2296,-16668,-303,515,-64
2000,-2440,-17040,-355,496,-99
2016,-2208,-16656,-357,538,-74
1916,-2296,-16812,-24,-334,579
2060,-2332,-16852,-316,523,-68
1908,-2240,-16852,-369,517,-74
1968,-2200,-16892,-344,506,-77
1892,-2144,-16892,-281,522,-96
1888,-2236,-16968,-342,488,-79
1848,-2208,-16784,-309,538,-78
1996,-2176,-16828,-389,504,-72
1968,-2264,-16904,-317,526,-65
1880,-2288,-16724,-316,510,-101
1992,-2232,-16996,-337,493,-896
1992,-2232,-16996,-337,493,-896
1916,-2228,-16920,-357,487,-106
1844,-2296,-16944,-304,543,-100
1880,-2312,-16760,-368,533,-98
1916,-2224,-16828,-316,538,-63
1992,-2312,-16828,-321,510,-64
1892,-2300,-16804,-362,509,-70
1888,-2304,-16940,-308,526,-71
1808,-2204,-16860,-347,501,-70
1908,-2228,-16788,-319,515,-89
2016,-2332,-16860,-309,501,-88
1920,-2212,-16780,-353,508,-72
1816,-2240,-16900,-289,507,-77
1864,-2160,-16772,-328,518,-85
1940,-2196,-16888,-327,522,-94
1896,-2396,-16840,-302,501,-86
2004,-2220,-16720,-383,529,-72
1944,-2236,-16900,-304,522,-84
1932,-2348,-16832,-320,508,-86
1976,-2360,-16928,-338,499,-95
2004,-2204,-16888,-322,503,-92
1952,-2236,-16856,-377,494,-59
1928,-2276,-16900,-308,512,-72
2020,-2216,-16928,-346,523,-102
1844,-2276,-16864,-323,494,-68
1932,-2292,-16804,-296,499,-81
1904,-2292,-16976,-349,499,-80
1892,-2148,-16880,-316,511,-94
2116,-323,536,-876,-2164,-16852
2116,-323,536,-876,-2164,-16852
2116,-323,536,-876,-2164,-16852
2116,-323,536,-876,-2164,-16852
1768,-2200,-16972,-308,495,-56
1864,-2260,-16876,-374,516,-85
1988,-2208,-16972,-339,508,-86
1988,-2168,-16756,-338,507,-72
1976,-2436,-16864,-382,511,-113
1924,-2296,-16888,-291,513,-105
1928,-2260,-17052,-355,498,-74
1916,-2292,-17076,-328,510,-109
1924,-2272,-16944,-340,537,-74
1908,-2196,-16900,-319,543,-71
2024,-2348,-16956,-318,513,-85
1816,-2276,-16792,-369,520,-76
1984,-2192,-16808,-323,537,-63
1868,-2292,-16816,-338,515,-59
1956,-2212,-16768,-339,509,-108
1996,-2308,-16900,-361,482,-64
1900,-2236,-16856,-315,497,-81
1920,-2260,-16904,-328,530,-95
1960,-2392,-16620,-374,517,-73
2052,-2188,-16776,-366,518,-89
1940,-2232,-16976,-297,503,-90
1936,-2304,-16684,-352,492,-85
1908,-2200,-17044,-313,543,-71
1908,-2248,-16852,-333,525,-46
1872,-2240,-16900,-311,526,-80
1944,-2296,-16860,-351,479,-50
1848,-2296,-16868,-356,524,-67
1900,-2244,-16936,-338,504,-96
1928,-2312,-16668,-331,513,-92
1840,-2264,-16800,-333,469,-71
1952,-2140,-16900,-301,520,-97
1940,-2344,-16920,-359,503,-83
1920,-2240,-16864,-355,517,-95
1896,-2288,-16844,-321,523,-96
1892,-2236,-16872,-355,509,-63
1880,-2308,-16904,-315,490,-62
1932,-2200,-16976,-315,481,-96
1916,-2120,-16792,-326,503,-84
1832,-2260,-16940,-315,508,-91
1844,-2248,-16788,-322,503,-77
1852,-2268,-16856,-368,480,-81
1916,-2140,-16904,-345,519,-57
1868,-2276,-16876,-361,525,-110
1984,-2364,-16764,-317,487,-95
1880,-2100,-16964,-363,504,-80
1860,-2408,-16960,-301,529,-75
1844,-2312,-16836,-321,528,-89
1944,-2308,-16776,-375,510,-84
1904,-2220,-16980,-287,487,-72
1824,-2336,-16860,-323,520,-62
1776,-2224,-16696,-349,528,-56
1800,-2232,-16908,-377,493,-114
1824,-2192,-16908,-369,523,-92
1888,-2192,-16740,-289,538,-108
1908,-2196,-16880,-341,497,-79
1840,-2296,-16784,-314,496,-94
2004,-2208,-16960,-350,495,-79
1912,-2432,-16824,-327,505,-78
1920,-2328,-16960,-385,486,-82
1932,-2304,-16732,-303,515,-97
1912,-2228,-16856,-317,497,-70
1900,-2200,-16752,-369,521,-102
1844,-2304,-16952,-300,497,-74
1920,-2260,-16808,-360,477,-73
1812,-2268,-16704,-350,502,-83
1788,-2208,-16824,-314,500,-80
1908,-2176,-16956,-340,518,-77
1936,-2296,-16924,-296,511,-64
1908,-2312,-16732,-359,503,-79
1844,-2164,-16844,-338,532,-105
1900,-2180,-16896,-335,522,-104
1800,-2300,-16920,-329,523,-73
1980,-2224,-16756,-319,502,-81
2012,-2220,-16696,-398,510,-69
1968,-2168,-16780,-280,502,-72
1924,-2260,-16748,-351,490,-79
1724,-2396,-16508,-324,520,-90
1936,-2084,-17032,-302,613,-55
1952,-1892,-16548,-355,558,-71
1940,-1908,-16776,-314,585,-59
1968,-1868,-16264,-336,558,-50
1904,-1864,-16544,-326,515,-49
1932,-2124,-16572,-284,487,-73
1908,-2316,-16448,-328,451,-104
1908,-2084,-17016,-334,514,-91
1944,-2296,-16464,-349,532,-96
1932,-2144,-16932,-352,515,-85
1848,-2316,-17004,-285,536,-70
1876,-2352,-16528,-329,523,-68
1984,-2476,-17556,-324,487,-85
1780,-2348,-16056,-265,527,-42
1904,-2308,-17040,-379,500,-72
1944,-2296,-16900,-392,527,-54
1764,-2432,-16564,-345,411,-125
1884,-2132,-16784,-320,542,-82
1888,-2596,-17056,-319,501,-136
1892,-2736,-17504,-331,425,-145
1912,-2276,-16948,-337,491,-78
1864,-2244,-1663,-780,-332,534
1952,-2264,-16940,-316,529,-76
1868,-2252,-16916,-291,533,-59
1920,-2220,-16928,-328,508,-91
1824,-2292,-16832,-286,514,-102
1976,-2344,-16828,-328,529,-64
1960,-2288,-17000,-352,517,-100
1868,-2300,-16660,-349,493,-70
1892,-2220,-16856,-341,527,-70
1980,-2292,-16800,-298,500,-102
1956,-2204,-16908,-363,518,-67
1884,-2244,-17060,-288,502,-99
1876,-2320,-16976,-314,504,-81
2140,-2228,-17072,-403,514,-79
1956,-1880,-16880,-292,602,-44
1964,-1872,-16388,-298,564,-53
1976,-2012,-16880,-331,527,-110
1916,-1996,-16452,-324,521,-44
1776,-2192,-16440,-298,491,-78
1932,-1920,-16344,-349,512,-64
1932,-2664,-16984,-335,466,-74
1992,-2096,-16880,-255,544,-71
1940,-2232,-16812,-295,487,-67
1924,-2292,-16772,-336,525,-60
1872,-2172,-16968,-320,530,-84
1908,-2276,-16656,-325,554,-94
1956,-2232,-16648,-337,488,-98
2052,-2556,-17596,-306,461,-112
1896,-2500,-16968,-341,501,-88
1880,-2400,-16984,-378,533,-52
2008,-2284,-16872,-387,517,-78
1740,-2028,-16404,-317,576,-46
1932,-2276,-17268,-306,488,-113
1880,-1984,-16936,-368,579,-71
1776,-2404,-17032,-315,489,-105
1988,-2268,-16984,-300,488,-91
1976,-2240,-17012,-271,485,-67
1972,-2276,-16864,-330,523,-95
1904,-2196,-16888,-370,513,-52
1852,-2168,-16796,-307,497,-76
1928,-2276,-16840,-369,508,-92
1968,-2208,-16892,-328,512,-83
1864,-2332,-16900,-316,509,-99
1876,-2260,-16756,-361,513,-80
1824,-2308,-16904,-299,501,-67
1992,-2116,-16948,-355,502,-79
1888,-2288,-16920,-334,506,-98
1860,-2236,-16848,-315,497,-82
1864,-2200,-16768,-294,539,-97
2004,-2272,-16820,-339,488,-90
1904,-2268,-16904,-355,508,-110
1860,-2316,-16840,-303,496,-74
1872,-2372,-16824,-340,528,-91
1928,-2316,-16956,-321,533,-79
1804,-2412,-16636,-340,505,-57
1844,-2280,-16904,-311,511,-89
1844,-2280,-16904,-311,511,-89
1844,-2280,-16904,-311,511,-89
2112,-2228,-16768,-346,515,-87
1884,-2228,-17012,-305,487,-103
1908,-2292,-16796,-338,498,-79
1900,-2180,-17004,-338,520,-92
1880,-2284,-16900,-333,509,-57
1820,-2388,-16920,-349,497,-66
1876,-2292,-16820,-303,488,-68
1828,-2352,-16632,-315,533,-86
1916,-2212,-16872,-338,503,-56
1836,-2220,-16836,-301,520,-94
1880,-2416,-16840,-372,496,-83
1884,-2200,-16744,-349,511,-87
1952,-2308,-16952,-316,496,-72
1916,-2188,-16840,-341,513,-90
1780,-2300,-16956,-318,527,-96
1884,-2268,-16764,-333,492,-70
1920,-2256,-16816,-364,513,-95
1960,-2316,-16856,-313,511,-89
1904,-2204,-16936,-368,520,-74
1908,-2248,-16864,-325,511,-81
1980,-2324,-16928,-362,51,1860
1980,-2324,-16928,-362,51,1860
1932,-2212,-16800,-338,515,-83
1968,-2280,-17052,-366,491,-71
1928,-2252,-16964,-300,517,-84
1964,-2252,-16752,-340,495,-82
1784,-2292,-16856,-311,517,-65
1852,-2252,-16628,-329,504,-95
1916,-2252,-16848,-372,516,-89
1900,-2228,-16824,-313,518,-87
1848,-2284,-16880,-360,500,-91
1932,-2296,-16888,-289,536,-69
1920,-2284,-16676,-309,525,-91
1948,-2324,-17000,-362,523,-88
1940,-2260,-16996,-322,497,-88
1888,-2300,-16848,-338,519,-84
1888,-2264,-17052,-324,534,-52
1940,-2192,-16736,-321,527,-71
1876,-2272,-16808,-357,528,-82
1852,-2168,-16936,-315,531,-76
1872,-2208,-16744,-354,478,-89
1988,-2236,-16780,-353,508,-88
1912,-2272,-16968,-313,503,-86
1864,-2292,-16936,-366,474,-72
1944,-2220,-17040,-329,514,-74
1932,-2288,-16868,-340,508,-81
1924,-2316,-16824,-361,491,-86
1968,-2276,-16860,-300,519,-84
1744,-2176,-16636,-336,519,-88
1904,-2360,-16752,-301,499,-95
1860,-2332,503,-8264,-16772,-346
1860,-2332,503,-8264,-16772,-346
1860,-2332,503,-8264,-16772,-346
1964,-2220,-16824,-297,502,-90
2060,-2280,-16740,-314,512,-60
1828,-2336,-16784,-381,495,-94
1992,-2176,-16900,-311,501,-92
2132,-2180,-16908,-369,501,-84
1816,-2224,-16940,-363,491,-63
2020,-2356,-17096,-297,461,-113
1900,-2500,-16812,-358,405,-143
1928,-2196,-17020,-240,542,-95
2000,-2300,-17356,-407,589,-52
1948,-1972,-16640,-326,582,-43
1788,-2108,-16964,-358,582,-34
1864,-1916,-16716,-358,572,-85
2004,-1916,-16048,-301,559,-62
1764,-2460,-16988,-337,493,-47
1840,-2188,-17044,-265,506,-87
2064,-2280,-16780,-305,473,-76
1908,-2236,-16988,-363,508,-40
1848,-2120,-16600,-345,531,-80
2228,-2432,-17460,-364,491,-75
1884,-2204,-16200,-289,552,-33
1616,-2304,-16744,-324,515,-78
1996,-2040,-16968,-428,541,-93
1924,-2408,-16744,-281,541,-85
1660,-2596,-16588,-354,423,-112
1908,-2636,-17484,-339,424,-136
2148,-2568,-17360,-395,474,-109
1880,-2400,-16760,-317,510,-81
1976,-2228,-17000,-244,5,1952
1976,-2228,-17000,-244,5,1952
1976,-2228,-17000,-244,5,1952
1964,-2256,-16608,-283,528,-116
1848,-2588,-16928,-358,499,-70
1780,-2260,-16996,-334,517,-74
1864,-2208,-16616,-342,507,-91
1996,-2304,-17020,-351,494,-77
1896,-2304,-16832,-318,503,-66
1956,-2124,-16824,-344,514,-91
2092,-2316,-16800,-314,547,-56
1880,-2224,-16684,-352,470,-84
1704,-2380,-16960,-289,530,-74
2032,-2240,-16872,-385,497,-49
1984,-2404,-16836,-287,512,-110
1764,-2116,-16812,-321,520,-87
1732,-2256,-16860,-348,509,-98
1960,-2276,-16820,-361,519,-106
1900,-2128,-16940,-310,506,-71
1152,-3104,-16620,-185,285,-80
1632,-2744,-16376,-295,448,-76
1920,-2352,-1680,-6600,-359,53
1968,-2276,-16940,-408,566,-53
1908,-2244,-16856,-385,500,-105
1812,-2304,-16820,-319,498,-81
1952,-2172,-16908,-373,484,-73
1888,-2300,-16728,-333,528,-87
2024,-2284,-16776,-371,539,-87
1888,-2252,-16816,-305,519,-80
1816,-2216,-16880,-315,487,-99
2024,-2232,-16812,-323,524,-89
1996,-2324,-16736,-309,485,-74
1800,-2208,-16960,-343,508,-75
1820,-2232,-16784,-283,515,-106
2168,-2296,-16788,-335,499,-66
1916,-2256,-17032,-317,500,-82
1864,-2312,-16716,-362,516,-80
2028,-2232,-17032,-340,479,-64
1916,-2388,-16752,-370,521,-98
1920,-2212,-16904,-306,505,-96
1836,-2152,-16896,-320,487,-77
2024,-2268,-16936,-343,528,-92
1764,-2336,-16836,-334,501,-68
1924,-2240,-16908,-313,516,-70
1800,-2228,-16816,-358,495,-75
1924,-2272,-16876,-313,485,-77
1968,-2212,-16872,-307,521,-50
1968,-2240,-16932,-343,506,-96
2068,-2248,-16760,-328,444,-111
1968,-2308,-16884,-361,502,-79
1732,-2252,-16844,-327,484,-63
1884,-2128,-16856,-317,525,-90
1932,-2336,-16960,-380,527,-81
2020,-2232,-16824,-307,518,-68
1848,-2284,-16644,-343,524,-94
1780,-2360,-16856,-338,497,-74
1852,-2168,-16872,-322,523,-82
1916,-2336,-16712,-345,493,-69
1816,-2156,-16880,-346,515,-90
1924,-2288,-16724,-327,517,-78
1952,-2268,-16732,-364,528,-77
1992,-2276,-16832,-295,519,-87
1820,-2284,-16820,-320,511,-93
2076,-2316,-16936,-353,524,-100
1988,-2288,-16948,-319,506,-76
1884,-2268,-16800,-340,492,-79
1880,-2308,-17036,-334,528,-77
1996,-2168,-16884,-317,509,-80
2012,-2172,-16636,-366,523,-80
2012,-2172,-16636,-366,523,-80
1900,-2360,-16816,-314,502,-86
1864,-2208,-17076,-321,518,-91
1932,-2228,-16936,-357,531,-87
1856,-2332,-16784,-358,489,-91
1928,-2132,-16716,-358,512,-88
1736,-2432,-17112,-302,485,-91
1872,-2280,-16800,-358,503,-96
1904,-2356,-16892,-363,526,-80
1972,-2220,-16812,-276,530,-68
1912,-2224,-16840,-333,507,-114
1996,-2228,-16884,-334,517,-74
1844,-2252,-17016,-379,518,-90
1824,-2256,-17012,-343,505,-50
1936,-2240,-16804,-347,533,-96
1984,-2324,-16836,-316,529,-68
1732,-2272,-16804,-306,496,-64
1796,-2168,-16840,-348,496,-87
2040,-2220,-16820,-322,514,-98
1892,-2316,-16640,-361,505,-92
1760,-2128,-16972,-338,501,-78
2032,-2168,-16792,-313,521,-936
2032,-2168,-16792,-313,521,-936
2032,-2168,-16792,-313,521,-936
1988,-2200,-16924,-340,537,-74
1956,-2140,-16848,-301,500,-74
1920,-2284,-16908,-354,505,-84
1824,-2228,-16848,-306,531,-64
1852,-2272,-16804,-362,523,-79
1908,-2352,-16884,-322,490,-60
1976,-2164,-16820,-328,509,-93
1820,-2240,-16812,-351,510,-78
1904,-2216,-16820,-340,523,-81
1880,-2344,-16760,-377,509,-73
1912,-2164,-17016,-335,529,-87
1832,-2372,-16876,-333,487,-89
1984,-2244,-16736,-348,508,-64
1836,-2160,-16772,-326,517,-78
1864,-2280,-16912,-345,500,-83
1952,-2268,-16788,-339,519,-73
1928,-2248,-16908,-306,527,-64
1920,-2324,-16820,-332,505,-103
2000,-2352,-16868,-362,507,-99
1848,-2276,-16856,-351,476,-75
1920,-2248,-16784,-317,502,-87
1860,-2288,-16928,-357,506,-66
1976,-2260,-16916,-326,520,-74
1980,-2272,-17004,-337,515,-86
1900,-2296,-16792,-318,493,884
1900,-2296,-16792,-318,493,884
1896,-2200,-16848,-344,519,-83
1916,-2272,-16832,-341,521,-64
2024,-2288,-16928,-318,504,-90
1916,-2268,-16780,-326,517,-70
1920,-2224,-16976,-348,506,-83
1896,-2204,-16872,-310,547,-98
1928,-2268,-16880,-349,514,-76
1788,-2276,-16740,-305,507,-85
1948,-2144,-16884,-335,525,-78
1964,-2176,-16876,-349,518,-91
2040,-2248,-16948,-317,517,-71
1836,-2364,-16772,-340,517,-68
1860,-2236,-16804,-341,524,-79
1988,-2360,-16896,-318,518,-71
1852,-2292,-16812,-336,483,-85
1904,-2236,-16988,-326,536,-79
2000,-2224,-16924,-349,488,-55
1864,-2320,-16840,-340,513,-80
1976,-2276,-16984,-316,525,-77
1908,-2324,-16904,-358,475,-95
1976,-2216,-16836,-345,519,-79
1932,-2196,-16724,-313,492,-82
1876,-2264,-16752,-353,505,-70
1884,-2244,-16868,-341,506,-57
2032,-2268,-16772,-297,518,-83
1940,-2204,-16984,-352,509,-90
2032,-2256,-16852,-286,531,-77
1984,-2324,-16900,-358,509,-111
1844,-2220,-16676,-320,501,-88
1964,-2340,-16784,-351,496,-74
1940,-2252,-16980,-351,503,-74
1860,-2312,-16860,-304,523,-82
2000,-2196,-16756,-353,503,-124
1996,-2316,-16972,-294,529,-83
1860,-2236,-16732,-321,508,-65
1828,-2248,-16800,-346,505,-85
1804,-2228,-16824,-312,528,-90
1844,-2256,-16752,-315,510,-98
1908,-2212,-16744,-378,497,-88
1836,-2312,-16736,-331,513,-88
1896,-2260,-16772,-288,514,-72
1924,-2244,-17044,-337,509,-95
1764,-2256,-16892,-358,517,-84
1908,-2216,-16804,-331,506,-83
1920,-2268,-16772,-329,500,-56
1868,-2372,-16840,-344,510,-76
1948,-2284,-16884,-280,504,-78
1884,-2284,-16888,-359,504,-75
1956,-2296,-16912,-338,529,-86
1936,-2288,-16920,-323,505,-73
1924,-2176,-16816,-356,487,-96
1928,-2308,-17000,-287,498,-73
1952,-2300,-16736,-325,494,-93
1856,-2212,-16884,-376,513,-98
1904,-2352,-16812,-298,504,-96
1896,-2276,-16888,-360,521,-91
1800,-2192,-16792,-278,507,-69
1888,-2316,-16836,-349,519,-93
1984,-2280,-16764,-390,525,-98
1852,-2336,-16904,-347,515,-92
2024,-2372,-16908,-335,548,-68
1800,-2264,-16936,-348,488,-104
1956,-2212,-16780,-315,516,-76
1980,-2268,-16876,-290,504,-73
1904,-2284,-16816,-366,497,-64
1820,-2280,-16868,-328,517,-97
1976,-2220,-16780,-385,519,-83
1816,-2172,-16884,-311,531,-87
1900,-2336,-16836,-332,527,-70
1980,-2248,-16964,-332,510,-86
1860,-2296,-16744,-304,523,-59
1960,-2216,-16848,-361,525,-71
1788,-2272,-16852,-334,518,-76
1812,-2256,-16712,-312,525,-99
1956,-2304,-17032,-356,509,-96
2008,-2336,-16908,-315,520,-77
1848,-2280,-16796,-349,485,-70
1964,-2256,-16948,-302,510,-76
1864,-2316,-16980,-330,494,-75
1964,-2260,-16900,-346,499,-73
1920,-2264,-16828,-320,495,-81
1832,-2252,-16820,-350,492,-80
1860,-2308,-16944,-341,504,-85
1824,-2228,-16828,-314,522,-76
2008,-2204,-16828,-364,509,-59
1952,-2276,-16900,-326,521,-73
1948,-2264,-16992,-340,515,-77
1848,-2348,-16696,-346,490,-86
1880,-2208,-16944,-288,509,-88
1940,-2288,-16868,-376,519,-80
1952,-2224,-17000,-321,500,-61
1908,-2340,-16768,-338,475,-79
1956,-2208,-16924,-321,496,-101
1772,-2232,-16740,-381,505,-78
2036,-2320,-16752,-352,502,-96
1952,-2264,-17004,-309,533,-50
1916,-2268,-16812,-295,518,-116
1888,-2248,-16848,-324,483,-44
1940,-2128,-16856,-327,506,-61
1624,-2344,-16692,-473,624,-130
1980,-2256,-16716,-351,434,-54
1736,-2296,-17024,-364,474,-77
2020,-2348,-17064,-311,594,-106
1960,-2272,-16644,-293,510,-73
1760,-2232,-16772,-367,486,-62
1888,-2256,-16988,-274,488,-94
1952,-2384,-16612,-336,499,-102
1832,-2300,-16944,-292,518,-103
1940,-2260,-16948,-321,497,-77
1952,-2160,-17040,-359,506,-98
1848,-2256,-16792,-284,458,-70
1800,-2224,-16936,-265,526,-86
1896,-2296,-16896,-337,492,-138
1864,-2212,-16984,-336,490,-59
1860,-2244,-16752,-388,532,-94
1924,-2212,-16924,-391,510,-84
1920,-2208,-16816,-310,501,-54
1844,-2108,-16513,-984,-314,76
2008,-2160,-16876,-293,495,-92
1912,-2580,-16624,-340,519,-84
1700,-2408,-16708,-341,504,-119
2156,-1720,-17132,-357,508,-96
1976,-2444,-16876,-305,504,-54
1620,-2652,-16636,-323,491,-36
1948,-2388,-16784,-322,521,-96
1892,-1808,-17052,-327,527,-101
1780,-2468,-16772,-353,499,-42
1864,-2020,-17020,-347,482,-132
2128,-2280,-16664,-337,527,-87
1968,-2412,-16892,-352,515,-73
1668,-1588,-16376,-42,576,-82
1996,-1812,-16772,-75,664,-72
2040,-1952,-16644,-326,423,-78
1620,-2344,-16688,-443,480,-53
2032,-2416,-16768,-384,512,-91
1832,-2224,-16860,-326,531,-70
2040,-2248,-16820,-315,468,-73
1992,-2208,-16792,-327,520,-106
1908,-2140,-16952,-325,521,-74
1736,-2100,-16908,-345,513,-85
2036,-2200,-16980,-320,517,-67
1852,-2284,-16708,-351,544,-60
1744,-2232,-17028,-327,516,-92
2056,-2380,-16856,-278,490,-104
2060,-2288,-16840,-357,503,-85
1828,-2220,-16832,-326,524,-53
1828,-2352,-16720,-329,501,-116
1864,-2164,-16880,-305,518,-73
1888,-2176,-16768,-310,506,-88
1888,-2296,-16892,-329,493,-64
1908,-2240,-16824,-321,515,-89
1964,-2168,-16784,-371,490,-99
1824,-2168,-16776,-364,510,-76
1948,-2220,-16896,-324,533,-83
1840,-2212,-16892,-359,491,-78
1796,-2292,-16816,-304,551,-72
1876,-2260,-16852,-351,510,-76
1924,-2244,-16852,-345,502,-71
1840,-2264,-16780,-299,499,-96
1924,-2288,-16812,-382,513,-69
1936,-2200,-16696,-334,533,-77
1932,-2240,-16684,-358,508,-76
1976,-2268,-16832,-336,519,-73
1876,-2280,-16904,-316,488,-80
1872,-2328,-16824,-374,494,-75
1888,-2184,-16916,-340,508,-81
2000,-2300,-16888,-319,483,-91
1896,-2400,-16792,-369,523,-90
1920,-2200,-16852,-337,525,-81
1824,-2244,-16804,-316,493,-74
1884,-2092,-17052,-346,499,-81
2004,-2148,-16984,-340,492,-37
2160,-2168,-16748,-302,505,-90
1748,-2456,-16852,-335,493,-76
1684,-2480,-16900,-341,491,-96
2116,-2020,-16988,-326,499,-79
1840,-2396,-16804,-294,486,-69
2112,-2160,-16840,-309,573,-122
1860,-2400,-16820,-351,512,-107
1916,-2332,-16720,-344,491,-85
1760,-2384,-16972,-344,511,-61
1960,-2092,-16812,-298,524,-104
2176,-2260,-16876,-315,495,-81
1700,-2560,-16748,-330,516,-64
1760,-2292,-16752,-360,544,-83
2056,-2136,-17000,-312,503,-79
1876,-2272,-16832,-318,483,-82
2068,-2088,-16912,-317,520,-94
1584,-2412,-16828,-362,542,-119
1944,-2240,-16636,-337,494,-46
1720,-2304,-16940,-323,517,-41
2296,-2200,-16864,-359,536,-75
1996,-2116,-16820,-327,538,-94
2196,-2152,-16808,-334,552,-101
2196,-2036,-16856,-307,489,-34
1652,-2276,-16984,-359,519,-82
1844,-2240,-17004,-349,534,-149
2328,-2192,-16796,-351,554,-79
1796,-2284,-16940,-348,495,-68
1708,-2172,-16776,-301,529,-108
2080,-2152,-16804,-340,544,-98
2080,-2152,-16804,-340,544,-98
2080,-2152,-16804,-340,544,-98
1628,-2280,-17008,-338,494,-43
1956,-2156,-16904,-334,536,-102
2084,-2312,-16776,-327,499,-54
2256,-2280,-16968,-357,519,-80
1964,-2108,-16960,-304,482,-49
1652,-2368,-16944,-358,485,-86
2028,-2236,-17048,-358,500,-101
2096,-2132,-16756,-311,493,-80
1780,-2396,-16972,-334,499,-
1276,-1568,-17860,92,447,-39
1108,-1496,-16960,-599,714,-79
1472,-1512,-15948,-779,382,-75
1224,-1660,-17152,387,674,-55
1228,-1568,-16856,-707,474,-88
1332,-1528,-17084,-454,557,-96
1308,-1620,-16728,49,494,-59
1168,-1632,-16964,-661,534,-81
1248,-1496,-16852,-252,523,-44
1236,-1584,-16964,-262,534,-80
1268,-1496,-17020,-509,516,-85
1324,-1604,-16856,-81,518,-76
1268,-1584,-16772,-462,500,-94
1212,-1456,-17176,-473,548,-100
1296,-1684,-16692,-126,500,-68
1212,-1580,-17020,-436,512,-71
1248,-1528,-16848,-405,509,-97
1228,-1560,-16960,-250,501,-59
1056,-1640,-17028,-268,541,-99
1312,-1544,-16676,-442,479,-98
1336,-1348,-16684,-946,350,-42
1084,-1812,-18684,779,678,-92
1316,-1580,-14712,-953,-586,44
1360,-1204,-15920,-1462,661,-77
1216,-1820,-16604,-13,440,-31
1160,-1576,-17540,-2,589,-121
1356,-1376,-16660,-938,488,-48
1200,-1812,-17016,120,447,-58
1300,-1416,-16996,-348,503,-70
1160,-1620,-16900,-734,543,-94
1236,-1644,-16684,7,518,-71
1216,-1396,-16800,-465,500,-71
1200,-1648,-16956,-494,481,-70
1272,-1584,-16864,-115,549,-93
1264,-1736,-17064,-447,509,-110
1260,-1560,-16956,-263,503,-49
1300,-1484,-16820,-303,511,-95
1228,-1604,-17036,-399,531,-96
1252,-1508,-16884,-231,521,-106
1196,-1480,-16980,-258,533,-75
1228,-1636,-16976,-489,528,-73
1356,-1552,-17100,-178,517,-94
1180,-1492,-17248,-355,513,-109
1,-1548,-16760,-435,530,-85
1236,-1656,-16904,-446,511,-77
1188,-1608,-16908,-557,560,-125
1120,-1540,-17100,-43,513,-78
1204,-1512,-17156,-337,518,-75
1192,-1628,-17048,-165,562,-93
1180,-1612,-17056,-175,496,-64
1332,-1456,-16792,-474,492,-64
1184,-1416,-16836,-427,535,-96
1228,-1480,-17064,-438,471,-85
1144,-1628,-17032,-200,533,-80
1332,-1540,-16684,-346,470,-80
1172,-1600,-16988,-452,485,-82
1200,-1688,-16892,-223,531,-83
1228,-1468,-16860,-374,500,-95
1232,-1408,-17144,-331,530,-64
1208,-1656,-16772,-264,491,-77
1264,-1544,-16972,-377,490,-75
1220,-1660,-16920,-182,556,-91
1200,-1552,-16884,-457,493,-75
1168,-1632,-17140,-297,530,-95
1312,-1416,-16436,-355,546,-108
1212,-1552,-17088,-164,542,-71
1196,-1624,-17128,-393,561,-97
1276,-1472,-16872,-491,555,-87
1300,-1652,-17064,-239,526,-58
1316,-1548,-16740,-379,516,-84
1160,-1492,-16996,-330,498,-78
1196,-1732,-16988,-293,556,-89
1276,-1572,-16768,-317,491,-54
1128,-1568,-17068,-333,513,-70
1220,-1588,-16912,-340,501,-96
1220,-1548,-16988,-309,519,-94
1220,-1540,-17124,-426,557,-87
1288,-1576,-17164,-273,544,-97
1160,-1492,-16820,-241,533,-92
1216,-1564,-16944,-514,534,-90
1200,-1484,-17056,-301,517,-58
1052,-1592,-17196,-299,527,-83
1236,-1620,-16608,-243,494,-54
1244,-1480,-16828,-395,527,-94
1360,-1680,-16720,-205,500,-63
1160,-1628,-17120,-491,518,-88
1244,-1608,-16916,-342,496,-72
1216,-1492,-16800,-269,507,-59
1208,-1552,-17084,-397,540,-72
1244,-1564,-16764,-256,543,-43
1196,-1376,-16776,-237,499,-73
1288,-1536,-17048,-427,507,-90
1204,-1624,-17052,-369,526,-85
1240,-1588,-17148,-362,487,-69
1272,-1660,-16872,-265,505,-82
1216,-1608,-17056,-363,508,-83
1256,-1500,-16376,-324,449,-90
1172,-1692,-17092,-418,463,-87
1360,-1564,-17292,-121,575,-101
1172,-1644,-16736,-408,482,-76
1228,-1524,-17132,-346,501,-72
1308,-1548,-16796,-225,556,-94
1244,-1508,-16908,-345,507,-78
1260,-1512,-17192,-304,511,-89
1300,-1532,-16876,-340,513,-56
1280,-1752,-16984,-394,487,-77
1308,-1616,-17008,-339,539,-104
1216,-1580,-16984,-336,518,-124
1308,-1552,-16732,-264,449,-41
1332,-1520,-16828,-421,505,-60
1168,-1600,-17092,-250,515,-91
1208,-1604,-16912,-243,519,-93
1164,-1508,-17000,-391,517,-41
1180,-1592,-17012,-406,532,-97
1340,-1624,-16668,-233,491,-61
1280,-1564,-16936,-341,562,-92
1216,-1544,-17044,-290,526,-93
1304,-1484,-16968,-394,494,-65
1304,-1520,-16808,-423,494,-76
1224,-1596,-17096,-217,522,-104
1204,-1700,-17112,-340,501,-71
1220,-1620,-16696,-185,526,-75
1124,-1448,-16904,-446,470,-31
1100,-1572,-17260,-436,492,-70
1300,-1608,-16536,-272,463,-50
1232,-1556,-17044,-163,499,-77
1116,-1712,-16768,-503,538,-86
1412,-1548,-17008,-325,497,-82
1124,-1548,-17068,-269,538,-70
1308,-1636,-16716,-467,560,-138
1184,-1536,-16964,-171,509,-70
1212,-1580,-16944,-346,526,-75
1292,-1632,-16840,-475,466,-75
1192,-1496,-17076,-156,561,-92
1272,-1556,-17024,-390,531,-89
1312,-1540,-16776,-394,480,1384
1312,-1540,-16776,-394,480,1384
1208,-1744,-16908,-425,464,-90
1224,-1580,-16860,-174,502,-75
1240,-1536,-16768,-521,597,-90
1224,-1492,-16964,-262,489,-103
1236,-1492,-16668,-485,494,-68
1216,-1588,-17112,-229,525,-84
1208,-1632,-16772,-310,561,-103
1244,-1592,-17064,-325,520,-93
1196,-1580,-16868,-306,537,-91
1288,-1488,-16868,-303,478,-72
1164,-1524,-17144,-327,596,-113
1280,-1644,-16744,-413,527,-75
1220,-1572,-17180,-365,518,-87
1268,-1612,-17152,-281,510,-73
1224,-1556,-16784,-328,505,-92
1120,-1580,-17072,-334,561,-91
1180,-1544,-16908,-342,472,-68
1296,-1428,-16780,-219,525,-83
1108,-1572,-17080,-413,505,-72
1304,-1500,-16772,-302,536,-93
1240,-1604,-17108,-380,501,-69
1108,-1576,-17092,-325,540,-60
1180,-1528,-17208,-315,491,-95
1212,-1528,-16788,-347,498,-78
1280,-1660,-17220,-271,542,-97
1344,-1556,-16844,-384,486,-58
1252,-1564,-16820,-304,513,-59
1372,-1520,-16960,-414,483,-60
1208,-1576,-16948,-224,550,-101
1248,-1608,-16840,-320,483,-66
1124,-1612,-16940,-392,522,-112
1228,-1624,-16756,-329,498,-87
1236,-1564,-17168,-325,506,-89
1284,-1524,-16784,-353,5213083,-88
,-1604,-16708,-261,478,-68
1136,-1616,-17072,-361,532,-99
1276,-1556,-16744,-324,501,-97
1200,-1676,-16988,-347,494,-57
1248,-1536,-16896,-284,537,-73
1240,-1512,-16700,-404,509,-69
1300,-1520,-16896,-411,487,-63
1192,-1596,-16836,-259,538,-85
1268,-1648,-16776,-294,475,-65
1160,-1564,-17060,-459,502,-87
1168,-1472,-16928,-323,494,-69
1324,-1620,-1670264,501,-8,-78
1204,-1608,-16852,-344,507,-55
1280,-1576,-16604,-345,494,-56
1232,-1540,-17132,-356,512,-50
1236,-1632,-16832,-300,486,-120
1204,-1600,-17200,-351,516,-86
1240,-1456,-16908,-244,553,-79
1192,-1548,-17176,-337,535,-95
1288,-1456,-16924,-357,477,-64
1160,-1544,-16900,-308,492,-820
1184,-1616,-17004,-275,524,-95
1160,-1544,-16900,-308,492,-820
1324,-1540,-16948,-362,504,-94
1172,-1608,-17008,-389,536,-101
1244,-1472,-16668,-306,490,-60
1230242,-1628,-17,-239,482,-66
1164,-1600,-17040,-391,531,-97
1144,-1596,-17120,-294,548,-81
1208,-1584,-16844,-360,465,-72
1232,-1436,-16972,-370,493,-83
1248,-1556,-17104,-304,549,-77
1220,-1516,-16788,-331,504,-78
1336,-1484,-16636,-365,498,-95
1248,-1620,-17088,-326,515,-82
1092,-1492,-16952,-331,519,-80
1220,-1648,-16676,-357,478,-87
1276,-1560,-17044,-282,533,-72
,-16788,-21276,-157659,520,-89
1184,-1568,-16884,-362,532,-88
1280,-1532,-16992,-377,504,-72
1288,-1664,-16820,-322,492,-70
1232,-1552,-17176,-300,514,-88
1252,-1596,-16648,-315,514,-77
1200,-1512,-16932,-226,500,-58
1224,-1672,-16960,-354,518,-77
1204,-1568,-17016,-325,525,-100
1096,-1608,-175,-172,-380,5582
1280,-1564,-16712,-292,504,-106
1216,-1564,-17080,-289,529,-95
1192,-1588,-16988,-332,555,-109
1284,-1584,-17132,-406,520,-83
1256,-1512,-16924,-313,492,-52
1160,-1508,-16860,-337,504,-46
1196,-1628,-16972,-303,527,-64
1216,-1532,-16800,-416,507,-92
1280,-1512,-16932,-264,493,-72
1140,-1632,-17052,-315,515,-89
1204,-1612,-16688,-402,478,-64
1224,-1472,-17076,-313,496,-67
1296,-1564,-17016,-333,523,-85
1292,-1544,-16744,-265,497,-80
1160,-1520,-17200,-327,533,-86
1172,-1612,-16780,-419,530,-95
1276,-1540,-16812,-328,503,-86
1288,-1520,-17064,-249,547,-82
1268,-1592,-16720,-381,523,-88
1056,-1608,-16964,-356,517,-67
1268,-1560,-16704,-275,519,-95
1280,-1620,-16744,-370,472,-55
1084,-1540,-17012,-339,520,-70
1292,-1564,-16688,-299,511,-82
1212,-1580,-17068,-338,505,-60
1192,-1556,-17004,-259,515,-99
1264,-1568,-16792,-382,501,-79
1140,-1548,-17148,-320,537,-93
1312,-1512,-16860,-312,527,-104
1280,-1640,-17016,-332,505,-68
1196,-1620,-17012,-253,529,-114
1288,-1516,-16912,-309,491,-58
1248,-1520,-17088,-351,552,-111
1208,-1532,-17020,-356,535,-126
1324,-1556,-16724,-244,532,-101
1272,-1560,-16748,-430,494,-95
1280,-1596,-17136,-277,514,-90
1180,-1632,-16640,-348,554,-94
1332,-1508,-16848,-382,481,-80
1248,-1568,-17132,-275,550,-79
1284,-1512,-16708,-376,487,-81
1128,-1592,-17180,-366,487,-92
1248,-1652,-16884,-296,536,-102
1280,-1492,-16936,-320,482,-74
1236,-1584,-16976,-349,506,-108
1200,-1604,-16840,-359,494,-66
1172,-1632,-17120,-292,543,-99
1204,-1608,-16824,-342,554,-97
1244,-1496,-16972,-326,471,-72
1156,-1564,-17132,-289,540,-73
1280,-1488,-16800,-345,497,-57
1236,-1404,-17044,-310,527,-87
1200,-1536,-16844,-296,563,-84
1312,-1552,-16888,-503,515,-65
1260,-1604,-17056,-225,547,-76
1232,-1568,-16868,-383,527,-55
1248,-1484,-16964,-462,488,-77
1216,-1560,-16964,-260,543,-10
1216,-1560,-16964,-260,543,-10
1216,-1560,-16964,-260,543,-10
1256,-1552,-16884,-373,545,-76
1360,-1552,-16600,-342,526,-75
1152,-1580,-16996,-308,505,-96
1292,-1572,-16636,-296,502,-62
1184,-1508,-17020,-347,505,-80
1288,-1560,-16996,-368,519,-94
1280,-1516,-16748,-340,480,-81
12491,-1548,-17016,-313,null,null
1212,-1584,-17100,-302,518,-85
1244,-1628,-16772,-332,466,-54
1240,-1568,-16912,-462,515,-87
1296,-1540,-16896,-230,494,-69
1196,-1548,-17176,-302,511,-102
1212,-1616,-16772,-359,505,-56
1152,-1528,-17156,-331,544,-86
1160,-1672,-16952,-389,500,-57
1256,-1552,-16920,-318,530,-99
1236,-1636,-17004,-299,537,-78
1200,-1556,-16732,-322,492,-79
1268,-1664,-16888,-262,518,-90
1200,-1516,-17168,-387,497,-64
1284,-1508,-16820,-7060,-358,521
1284,-1508,-16820,-7060,-358,521
1216,-1572,-16828,-390,537,-83
1172,-1556,-17040,-342,515,-84
1180,-1576,-16956,-323,497,-73
1160,-1608,-17296,-306,514,-85
1280,-1556,-16740,-303,513,-65
1244,-1580,-17020,-375,485,-83
1204,-1680,-16984,-285,535,-99
1188,-1640,-17092,-384,497,-92
1292,-1632,-16892,-289,517,-54
1192,-1536,-16640,-333,513,-102
1340,-1628,-16868,-302,507,-68
1304,-1580,-17084,-308,533,-85
1320,-1584,-16792,-281,503,-63
1228,-1544,-16888,-366,526,-112
1192,-1604,-16736,-360,510,-89
1244,-1556,-16972,-324,507,-103
1304,-1516,-16944,-320,536,-96
1320,-1596,-16880,-309,484,-80
1160,-1624,-17208,-316,534,-75
1324,-1508,-16668,-327,507,-82
1092,-1588,-16952,-357,518,-60
1164,-1572,-16980,-292,535,-77
1220,-1480,-16888,-365,489,-64
1208,-1628,-17100,-272,516,-101
1160,-1552,-16940,-290,514,-78
1296,-1556,-16808,-310,502,-75
1024,-1516,-17132,-430,527,-92
1252,-1704,-16764,-236,496,-95
1184,-1548,-17180,-364,534,-63
1240,-1496,-16972,-388,530,-100
1224,-1596,-16920,-385,497,-73
1192,-1552,-17076,-298,549,-93
1340,-1588,-16836,-389,520,-88
1248,-1640,-16856,-351,518,-93
1212,-1568,-17084,-276,520,-87
497,-1600,-16836,-354,null,null
1160,-1572,-17080,-301,498,-67
1356,-1580,-16728,-340,524,-74
1068,-1656,-17108,-340,552,-98
1228,-1492,-17004,-294,525,-65
1256,-1520,-16724,-327,499,-59
1200,-1648,-16936,-361,534,-89
1228,-1556,-16812,-324,474,-66
1256,-1624,-17112,-324,537,-100
1224,-1644,-17092,-267,528,-107
1284,-1484,-16748,-375,511,-75
1280,-1512,-16820,-295,505,-78
1180,-1452,-17064,-380,501,-65
1180,-1548,-16968,-295,579,-69
1176,-1592,-16740,-292,498,-69
1136,-1588,-16952,-288,495,-73
1216,-1560,-16652,-381,514,-58
1104,-1624,-17136,-344,546,-107
1116,-1592,-17236,-298,541,-67
1116,-1584,-16736,-321,528,-81
1232,-1604,-16980,-346,461,-69
1220,-1528,-16924,-294,532,-52
1156,-1532,-17128,-334,537,-85
1188,-1568,-17092,-340,508,-80
1332,-1640,-16928,-319,491,-71
1140,-1508,-17100,-324,527,-94
1172,-1540,-16800,-347,528,-88
1220,-1700,-17004,-365,448,-74
1212,-1580,-16904,-380,578,-59
1280,-1560,-16784,-317,509,-58
1208,-1636,-17044,-285,527,-75
1280,-1568,-16752,-355,527,-71
1172,-1548,-16976,-363,494,-70
1240,-1636,-17000,-326,515,-101
1196,-1544,-16624,-339,472,-82
1172,-1616,-17080,-304,523,-118
1320,-1592,-16672,-373,531,-91
1312,-1612,-17064,-359,493,-92
1240,-1640,-16980,-361,521,-59
1240,-1616,-16956,-294,542,-103
1164,-1568,-17112,-371,538,-99
1312,-1540,-16704,-337,542,-82
1216,-1492,-17024,-272,486,-57
1320,-1572,-16824,-372,527,-84
1276,-1452,-16976,-321,482,-61
1200,-1536,-17112,-353,524,-81
1300,-1576,-16620,-387,514,-106
1260,-1504,-16984,-295,524,-74
1088,-1636,-17064,-283,502,-101
1332,-1488,-17020,-323,531,-110
1236,-1576,-16896,-326,497,-56
1288,-1536,-17132,-311,527,-73
1236,-1552,-16760,-361,516,-105
1220,-1636,-17112,-428,491,-58
1232,-1608,-16952,-262,489,-105
1260,-1716,-16948,-316,495,-69
1172,-1572,-16968,-373,535,-89
1104,-1580,-17064,-364,526,-86
1352,-1548,-16856,-269,513,-79
1328,-1560,-16812,-329,558,-88
116171008,-1604,-,-402,551,-85
1344,-1568,-16836,-294,495,-54
1316,-1556,-16820,-272,487,-84
1192,-1520,-17036,-322,530,-60
1288,-1644,-16820,-317,526,-97
1308,-1564,-16864,-314,494,-80
1240,-1628,-17072,-377,544,-110
1344,-1604,-16716,-389,515,-76
1224,-1560,-16988,-274,522,-100
1244,-1644,-16856,-335,522,-85
1196,-1580,-16944,-420,506,-88
1192,-1600,-16920,-264,534,-107
1332,-1568,-16808,-327,464,-80
1236,-1584,-17176,-333,529,-90
131768,-357,52,-1544,-1613,-87
1288,-1656,-16800,-391,503,-84
1192,-1564,-17124,-265,531,-88
1288,-1544,-16680,-279,499,-92
1188,-1660,-17164,-468,515,-90
1264,-1540,-16820,-274,524,-90
1188,-1600,-16892,-299,515,-75
1104,-1584,-17036,-325,532,-77
1172,-1496,-16912,-284,509,-85
1196,-1596,-16948,-406,503,-86
1236,-1572,-16840,-418,503,-88
1268,-1612,-16924,-274,506,-80
1152,-1616,-17052,-307,498,-94
1300,-1648,-16840,-309,508,-105
1140,-1520,-17096,-374,515,-89
1192,-1556,-16932,-301,519,-80
1212,-1568,-16852,-351,488,-98
1200,-1528,-17044,-312,532,-83
1284,-1552,-16832,-336,523,-87
1124,-1472,-16956,-303,545,-68
1264,-1472,-16932,-404,480,-86
1216,-1616,-16968,-374,525,-100
1256,-1656,-17156,-246,533,-68
1280,-1588,-16672,-367,518,-102
1256,-1572,-16916,-293,518,-87
1124,-1572,-17144,-296,512,-65
1240,-1508,-16940,-358,509,-85
1140,-1592,-16988,-372,491,-89
1268,-1520,-16576,-328,480,-52
1236,-1588,-17040,-288,508,-48
1288,-1596,-16812,-296,529,-72
1244,-1516,-16944,-417,473,-66
1144,-1588,-17140,-302,517,-79
1356,-1568,-16628,-307,525,-72
1192,-1632,-17048,-311,508,-59
1160,-1572,-16824,-302,525,-76
1252,-1624,-17012,-392,537,-96
1168,-1548,-17012,-405,517,-77
1240,-1560,-16808,-275,508,-93
1216,-1704,-16944,-287,464,-41
1136,-1580,-16788,-290,466,-69
1256,-1548,-16988,-359,554,-96
1176,-1604,-16860,-283,560,-91
1128,-1556,-16920,-366,484,-89
1172,-1568,-17228,-389,504,-66
1268,-1544,-16916,-432,497,-33
1248,-1568,-16712,-248,499,-85
1312,-1700,-16912,-306,513,-93
1268,-1560,-16800,-380,511,-87
1256,-1552,-16772,-396,483,-54
1260,-1568,-16960,-249,531,-92
1260,-1512,-16704,-379,507,-99
1092,-1492,-17004,-333,471,-90
1300,-1584,-16696,-371,504,-85
1192,-1548,-17112,-269,552,-93
1084,-1512,-17016,-278,494,-73
1396,-1680,-16796,-396,529,-78
1248,-1588,-16768,-344,504,-75
1120,-1616,-17100,-140,535,-60
1272,-1600,-16544,-348,479,-81
1232,-1672,-17048,-131,543,-98
1244,-1624,-17272,-624,456,-59
1196,-1560,-16944,-205,526,-94
1268,-1672,-16860,-76,526,-76
1220,-1532,-17256,-533,510,-87
1356,-1628,-16732,-524,527,-115
1120,-1656,-16924,-265,476,-64
1140,-1588,-17068,-62,549,-99
1208,-1568,-16720,-442,498,-57
1260,-1572,-17056,-502,527,-62
1280,-1640,-16872,-257,533,-76
1224,-1596,-16740,-234,523,-72
1176,-1484,-17200,-292,529,-93
1312,-1436,-16808,-473,514,-82
1224,-1532,-16888,-175,527,-103
1144,-1452,-17100,-382,483,-66
1208,-1600,-16944,-282,509,-62
1268,-1488,-17024,-439,533,-76
1104,-1500,-16976,-241,522,-65
1300,-1576,-16752,-336,520,-93
1248,-1560,-16888,-318,515,-83
1240,-1656,-16728,-396,481,-94
1088,-1548,-17188,-452,521,-85
1140,-1544,-17036,-301,503,-75
1268,-1516,-17024,-229,499,-66
1224,-1676,-16896,-375,545,-99
1120,-1464,-17116,-257,517,-112
1316,-1568,-16740,-415,512,-69
1300,-1624,-17076,-256,546,-90
1256,-1588,-16612,-476,462,-61
1256,-1604,-17120,-186,510,-57
1505,252,-1636,-16988,-329,507
1505,252,-1636,-16988,-329,507
1184,-1680,-17160,-258,514,-93
1196,-1568,-16840,-443,493,-87
1176,-1472,-17204,-436,530,-125
1484,-1556,-16532,-100,501,-75
944,-1664,-16960,-112,529,-83
1152,-1696,-16968,-548,533,-86
1424,-1540,-16864,-570,477,-82
1060,-1560,-17132,-126,521,-52
1132,-1716,-17096,-37,568,-83
1384,-1520,-16788,-510,505,-91
1344,-1460,-16904,-547,463,-75
1180,-1612,-16860,-281,520,-89
1340,-1584,-16684,-150,489,-81
1188,-1524,-17200,-386,519,-93
1208,-1600,-16804,-434,526,-87
1432,-1620,-16956,-423,499,-68
1180,-1596,-17044,-149,534,-115
1308,-1588,-16956,-281,480,-70
1320,-1536,-17220,-452,550,-82
1264,-1520,-16716,-354,485,-102
1176,-1580,-17052,-319,523,-111
1296,-1500,-16840,-7,-251,5103
1148,-1580,-16976,-267,481,-64
1296,-1668,-16976,-372,551,-112
1116,-1600,-17028,-586,472,-74
1324,-1604,-17228,-278,537,-101
1264,-1656,-16684,-175,500,-71
1124,-1668,-17152,-448,504,-93
1356,-1496,-16840,-283,546,-96
1284,-1548,-16816,-328,481,-37
1076,-1684,-17240,-359,543,-90
1240,-1520,-16632,-385,522,-126
1280,-1544,-17036,-231,506,-78
1348,-1484,-16900,-369,544,-105
1280,-1432,-16888,-329,459,-42
1116,-1488,-16920,-264,550,-65
1204,-1576,-16892,-455,478,-47
1340,-1600,-17072,-363,520,-56
1368,-1592,-16832,-271,547,-106
1108,-1628,-16732,-246,499,-54
1256,-1648,-17076,-301,540,-91
1348,-1592,-16676,-431,512,-74
1152,-1612,-17000,-344,543,-75
1248,-1616,-16800,-283,571,-81
1200,-1556,-16992,-329,488,-102
1352,-1672,-16948,-329,525,-77
1212,-1564,-16784,-363,503,-81
1096,-1540,-17188,-298,492,-95
1240,-1544,-16664,-414,522,-85
1216,-1648,-16908,-313,489,-68
1268,-1588,-16944,-267,559,-109
1336,-1584,-16880,-348,515,-84
1200,-1600,-17096,-327,539,-88
1364,-1620,-16608,-376,479,-87
1192,-1644,-16888,-324,514,-67
1160,-1628,-17004,-249,537,-103
1344,-1512,-16844,-336,516,-70
1220,-1664,-17144,-356,522,-84
1260,-1556,-16860,-383,537,-100
1172,-1716,-17024,-306,489,-63
1172,-1652,-16732,-286,512,-114
1232,-1504,-17072,-305,477,-63
1200,-1664,-16968,-339,552,-98
1280,-1528,-16516,-432,495,-68
1172,-1636,-17028,-293,481,-78
1200,-1564,-16836,-309,524,-92
1212,-1524,-16832,-373,514,-65
1124,-1632,-17092,-315,549,-97
1136,-1676,-16688,-326,503,-98
1188,-1564,-16876,-280,513,-94
1192,-1652,-16944,-390,491,-59
1212,-1512,-16752,-308,518,-88
1216,-1644,-17200,-283,533,-68
1264,-1536,-16676,-381,504,-59
1180,-1668,-17064,-256,559,-89
1240,-14454,72,-16592,-493,-90
1152,-1572,-17116,-327,486,-77
1232,-1464,-16868,-423,501,-65
1244,-1676,-16864,-238,528,-84
1228,-1652,-17128,-350,535,-102
1228,-1536,-16752,-269,481,-31
1208,-1640,-16888,-220,539,-84
1236,-1564,-17092,-374,490,-95
1260,-1500,-16780,-369,506,-67
1144,-1532,-17012,-339,538,-93
1252,-1488,-16788,-318,484,-110
1256,-1516,-17080,-294,549,-85
1256,-1648,-17064,-339,499,-68
1216,-1616,-16816,-348,535,-94
1180,-1552,-16804,-293,557,-85
1172,-1512,-17080,-321,520,-88
1168,-1548,-16880,-312,524,-78
1264,-1584,-16780,-316,496,-61
1172,-1572,-16872,-390,501,-66
1256,-1560,-17152,-325,518,-99
1268,-1612,-16708,-296,528,-88
1288,-1652,-16868,-408,504,-73
1260,-1540,-17020,-373,534,-108
1148,-1692,-16996,-349,514,-63
1176,-1620,-17068,-385,516,-79
1200,-1580,-16712,-232,492,-58
1184,-1568,-16756,-400,510,-79
1200,-1568,-17092,-361,502,-107
1312,-1568,-16716,-263,545,-78
1220,-1508,-16996,-390,530,-82
1204,-1576,-16940,-285,485,-69
1352,-1576,-16840,-331,503,-63
1220,-1624,-17204,-395,526,-91
1188,-1440,-16944,-275,498,-73
1216,-1584,-16852,-195,506,-75
1196,-1716,-17028,-499,509,-88
1324,-1604,-16876,-329,467,-65
1216,-1580,-17156,-308,525,-83
1268,-1596,-16980,-312,500,-81
1228,-1648,-16868,-293,482,-94
1196,-1580,-17020,-396,547,-108
1252,-1580,-16900,-318,505,-70
1216,-1620,-17168,-235,543,-119
1272,-1472,-16652,-392,482,-64
1168,-1600,-17168,-220,487,-82
1272,-1556,-16744,-339,542,-102
1196,-1504,-17088,-279,501,-66
1276,-1588,-17120,-396,539,-105
1388,-1572,-16840,-354,495,-83
1164,-1620,-17068,-342,525,-101
1372,-1488,-16808,-277,464,-71
1276,-1584,-17232,-346,507,-68
1208,-1584,-17268,-355,528,-101
1240,-1536,-16772,-317,501,-54
1180,-1652,-17112,-309,528,-109
1320,-1624,-16852,-335,488,-87
1236,-1640,-17068,-283,533,-81
1336,-1608,-16752,-319,506,-82
1212,-1544,-16952,-335,501,-69
1136,-1560,-17056,-327,544,-108
1188,-1608,-17028,-340,528,-80
1360,-1512,-16780,-323,502,-68
1300,-1656,-16840,-370,510,-85
1212,-1568,-17036,-289,522,-53
1160,-1588,-16920,-344,518,-76
1296,-1628,-16784,-302,494,-88
1252,-1568,-17152,-289,504,-106
1288,-1560,-16736,-363,510,-83
1344,-1432,-17108,-273,527,-96
1084,-1584,-17060,-347,504,-72
1172,-1564,-16980,-293,561,-60
1392,-1588,-16688,-366,472,-71
1236,-1620,-17024,-332,537,-104
1208,-1576,-17100,-350,517,-68
1196,-1508,-17132,-249,539,-67
1412,-1628,-16772,-402,501,-62
1180,-1560,-17072,-365,497,-78
1256,-1580,-17096,-373,499,-81
1312,-1628,-16868,-220,534,-100
1236,-1592,-17072,-354,523,-114
1272,-1520,-16928,-289,491,-63
1188,-1636,-17020,-380,524,-76
1288,-1640,-16740,-350,508,-83
1332,-1628,-17056,-280,491,-89
1252,-1684,-16928,-287,485,-101
1232,-1452,-16676,-382,496,-95
1288,-1632,-17032,-246,492,-75
1284,-1580,-16844,-368,520,-84
1280,-1412,-16832,-379,507,-74
1092,-1536,-17084,-331,478,-85
1340,-1528,-16860,-344,512,-89
1292,-1608,-16900,-295,499,-62
1276,-1692,-17100,-296,544,-86
1180,-1568,-16748,-397,520,-83
1212,-1580,-16968,-373,494,-85
1272,-1648,-16964,-311,555,-95
1272,-1632,-16956,-296,480,-74
1224,0,-17064,-374,541,-100
1216,-1568,-16692,-330,528,-74
1196,-1588,-17132,-419,526,-97
1176,-1568,-16796,-283,530,-101
1224,-1556,-17076,-328,556,-85
1204,-1688,-16988,-371,500,-78
1372,-1580,-16884,-447,880,-312
1372,-1580,-16884,-447,880,-312
1372,-1580,-16884,-447,880,-312
1140,-1604,-17112,-337,518,-90
1192,-1600,-16864,-257,520,-68
1148,-1600,-16916,-334,475,-82
1172,-1584,-16936,-356,544,-83
1284,-1492,-16724,-306,467,-56
1316,-1624,-17228,-313,511,-82
1284,-1548,-16912,-283,548,-78
1204,-1468,-16828,-390,525,-48
1168,-1508,-17048,-282,508,-115
1296,-1608,-16648,-313,489,-81
1152,-1608,-17124,-376,553,-92
1324,-1560,-16792,-310,508,-74
1192,-1572,-16968,-316,482,-76
1268,-1608,-16880,-300,526,-97
1236,-1484,-16664,-320,490,-91
1072,-1668,-17072,-327,537,-78
1180,-1548,-16864,-317,519,-93
1188,-1560,-16996,-369,532,-82
1212,-1640,-16964,-303,495,-70
1144,-1476,-16840,-213,494,-52
1192,-1564,-17072,-344,536,-75
1204,-1588,-17080,-363,545,-81
1244,-1512,-16952,-250,48,1152
1244,-1512,-16952,-250,48,1152
1244,-1512,-16952,-250,48,1152
1244,-1512,-16952,-250,48,1152
1244,-1512,-16952,-250,48,1152
1248,-1492,-16852,-286,503,-88
1336,-1596,-16964,-302,502,-54
1188,-1616,-17056,-360,525,-93
1204,-1648,-17036,-324,548,-111
1152,-1572,-16684,-367,515,-92
1172,-1536,-16956,-358,512,-88
1224,-1564,-16864,-339,485,-89
1068,-1552,-17112,-336,503,-82
1204,-1568,-17100,-267,543,-82
1252,-1672,-16760,-352,521,-87
1204,-1520,-16976,-305,473,-79
1256,-1604,-16904,-270,530,-93
1272,-1508,-16752,-353,479,-67
1284,-1600,-16872,-383,542,-73
1308,-1740,-17064,-311,524,-86
1164,-1628,-16808,-332,486,-88
1192,-1620,-17012,-342,520,-77
1268,-1592,-16732,-368,548,-95
1172,-1560,-16908,-331,539,-112
1228,-1544,-17040,-275,527,-79
1320,-1604,-16716,-360,496,-68
1248,-1656,-16960,-286,531,-125
1160,-1596,-16900,-399,501,-85
1320,-1604,-17108,-287,534,-90
1372,-1656,-16908,-354,516,-82
1176,-1664,-17016,-340,524,-88
1164,-1392,-16768,-340,516,-67
1276,-1540,-16716,-294,491,-85
1212,-1600,-16872,-285,549,-80
1224,-1616,-16996,-377,516,-70
1172,-1572,-16980,-328,543,-99
1292,-1576,-16844,-317,500,-57
1256,-1568,-16796,-300,529,-57
1216,-1656,-17200,-373,509,-74
1272,-1656,-16868,-362,52,1352
1272,-1656,-16868,-362,52,1352
1272,-1656,-16868,-362,52,1352
1220,-1588,-17188,-396,519,-94
1316,-1604,-16956,-335,501,-71
1260,-1468,-16824,-316,501,-94
1220,-1552,-16792,-301,466,-71
1196,-1528,-16996,-333,504,-86
1104,-1584,-17044,-377,505,-114
1344,-1580,-16908,-299,531,-70
1224,-1580,-16852,-320,501,-87
1308,-1644,-16716,-372,500,-64
1184,-1628,-17088,-274,526,-100
1368,-1500,-16720,-231,529,-71
1344,-1460,-17232,-332,519,-89
1224,-1600,-16996,-393,496,-58
1236,-1560,-16880,-275,551,-79
1264,-1548,-16796,-312,497,-87
1208,-1516,-17016,-362,497,-87
1368,-1616,-16908,-249,529,-75
1088,-1540,-16888,-354,480,-64
1136,-1540,-17216,-297,524,-97
1312,-1584,-16748,-339,501,-67
1176,-1580,-16972,-238,524,-66
1336,-1696,-16856,-387,533,-101
1240,-1648,-16896,-279,485,-72
1324,-1712,-17228,-214,541,-64
1312,-1636,-16864,-354,464,-77
1340,-1616,-16744,-362,527,-60
1284,-1636,-17160,-385,471,-95
1280,-1540,-17060,-361,526,-83
1300,-1740,-16912,-382,494,-73
1240,-1632,-17208,-239,523,-75
1260,-1584,-16804,-362,515,-76
1300,-1708,-17012,-472,490,-83
1224,-1624,-17020,-238,526,-73
1276,-1668,-16872,-127,505,-74
1280,-1536,-16924,-479,517,-112
1248,-1616,-17100,-366,503,-82
1344,-1664,-16908,-371,498,-105
1220,-1728,-16848,-347,513,-105
1280,-1612,-16968,-191,506,-78
1360,-1636,-17000,-353,512,-83
1332,-1596,-16908,-391,504,-76
1204,-1692,-17020,-290,515,-76
1240,-1704,-17020,-311,528,-75
1248,-1612,-16924,-401,520,-79
1280,-1592,-16864,-410,511,-77
1252,-1624,-16760,-266,483,-85
1420,-1692,-17008,-267,492,-78
1220,-1564,-16840,-170,498,-51
1220,-1724,-17056,-743,528,-131
1396,-1456,-17084,-263,506,-86
1220,-1752,-16804,-91,535,-71
1324,-1676,-16968,-550,506,-115
1380,-1404,-16996,-458,497,-84
1308,-1552,-16988,-363,508,-83
1244,-1704,-17248,-123,483,-67
1244,-1584,-16672,-466,392,-91
1308,-1628,-16896,-435,549,-84
1196,-1688,-17172,-275,535,-118
1284,-1552,-17184,-44,510,-51
988,-1860,-16916,-288,576,-117
1332,-1512,-17284,-527,517,-145
1352,-1496,-16744,-160,488,-40
1212,-1824,-17068,-525,538,-114
1328,-1596,-17124,-187,485,-99
1376,-1492,-16880,-218,492,-59
1276,-1724,-16692,-620,521,-100
1416,-1584,-17164,-290,507,-67
1292,-1624,-16800,-35,497,-64
1272,-1600,-17000,-537,484,-114
1400,-1552,-17016,-446,528,-90
1204,-1812,-16872,-114,515,-68
1336,-1688,-16968,-252,509,-99
1368,-1444,-17036,-373,496,-90
1264,-1760,-16768,-502,523,-76
1332,-1828,-17108,-270,488,-72
1292,-1748,-16796,-561,476,-78
1368,-1696,-16808,-126,504,-63
1160,-1632,-17028,-371,475,-106
1236,-1684,-16948,-259,527,-79
1300,-1596,-16976,-260,482,-87
1296,-1696,-16892,-277,535,-81
1296,-1636,-17204,-420,501,-108
1368,-1640,-16884,-335,504,-80
1256,-1652,-16928,-295,487,-81
1232,-1556,-17184,-277,532,-73
1284,-1636,-16800,-378,479,-90
1272,-1604,-16972,-339,494,-74
1340,-1588,-16368,-272,447,-76
1320,-1564,-17324,-354,461,-46
1268,-1704,-16788,-351,507,-89
1316,-1564,-16816,-424,496,-92
1380,-1640,-16872,-269,470,-71
1264,-1656,-16952,-359,507,-68
1236,-1564,-17016,-447,523,-89
1268,-1676,-16924,-238,516,-119
1148,-1620,-16880,-233,487,-76
1236,-1604,-17040,-414,528,-63
1296,-1620,-16924,-364,514,-52
1252,-1796,-16752,-261,505,-101
1204,-168,-17112,-297,530,-968
1204,-168,-17112,-297,530,-968
1204,-168,-17112,-297,530,-968
1204,-168,-17112,-297,530,-968
1204,-168,-17112,-297,530,-968
1192,-1692,-17084,-442,504,-103
1396,-1404,-16968,-147,523,-54
1300,-1728,-16988,-263,512,-87
1408,-1656,-16996,-607,513,-104
1344,-1528,-16792,-374,510,-70
1252,-1792,-17036,-204,499,-78
1456,-1476,-16748,-460,536,-107
1376,-1612,-16864,-513,498,-72
1180,-1720,-16960,-360,525,-87
1388,-1616,-16840,-224,528,-85
1320,-1468,-17028,-236,531,-73
1344,-1724,-16936,-564,521,-88
1284,-1668,-17004,-422,536,-102
1268,-1608,-16900,-461,533,-82
1376,-1620,-17040,-348,575,-81
1324,-1648,-16912,-339,543,-77
1372,-1612,-16936,-347,515,-87
1256,-1648,-17016,-370,468,-83
1240,-1636,-16512,-602,541,-99
1340,-1680,-16940,-483,499,-108
1244,-1672,-16684,-109,481,-87
1252,-1736,-16696,-400,488,-92
1320,-1724,-17008,-389,531,-123
1208,-1792,-16360,-482,510,-120
1200,-1648,-17480,-793,538,-141
1380,-1732,-16348,-229,474,-100
1276,-1664,-16800,-255,472,-74
1276,-1612,-17064,-403,551,-62
1356,-1616,-16940,-346,533,-104
1300,-1636,-17040,-402,522,-87
1380,-1628,-16772,-281,509,-85
1304,-1692,-16892,-265,502,-92
1300,-1580,-16780,-210,501,-67
1216,-1596,-16944,-418,506,-76
1260,-1692,-17160,-391,531,-61
1360,-1616,-16692,-255,482,-92
1256,-1584,-16780,-310,474,-87
1264,-1692,-17088,-372,526,-52
1360,-1632,-17008,-344,502,-82
1388,-1636,-16716,-392,497,-88
1332,-1608,-16920,-215,495,-74
1,-1520,-16324992,-315,508,-54
1312,-1628,-17008,-301,504,-66
1292,-1676,-17044,-726,489,-75
1388,-1760,-16692,-378,518,-46
1216,-1480,-17332,-72,437,-88
1112,-1660,-16956,-161,496,-60
1328,-1788,-16916,-987,511,-123
1160,-1568,-16988,-254,505,-52
1240,-1620,-16801058,47,523,-
1624,-1948,-16716,-5,536,-77
1280,-1516,-17016,-825,520,-95
1472,-1780,-17268,-746,541,-101
1416,-1796,-16952,15,423,-75
1380,-1748,-17060,-86,511,-93
1388,-1816,-17076,-591,525,-70
1228,-1456,-16784,-649,514,-89
1292,-1656,-17092,-9,489,-77
1240,-1496,-16740,-558,515,-75
1244,-1804,-16976,-250,499,-109
1276,-1544,-16980,-470,505,-72
1356,-1760,-16832,-154,516,-49
1208,-1684,-16840,-166,493,-82
1232,-1616,-17136,-441,513,-96
1256,-1716,-16832,694,311,-62
1272,-1568,-16740,-511,546,-57
1332,-1628,-16784,-244,465,-84
1216,-1528,-17052,-721,510,-71
1328,-1760,-16700,-112,484,-106
1316,-1740,-17032,-45,474,-66
1412,-1628,-16720,-540,534,-102
1232,-1620,-17220,-627,533,-86
1276,-1704,-16820,43,500,-88
1220,-1608,-16924,-315,497,-112
1332,-1572,-17056,-665,534,-78
1356,-1696,-16928,-357,551,-100
1288,-1696,-16944,-403,469,-85
1172,-1580,-16948,-3,499,-76
1300,-1804,-16924,-692,513,-88
1356,-1652,-16820,-202,493,-85
1240,-1580,-17004,-555,528,-97
1328,-1712,-16944,-58,518,-79
1240,-1580,-17004,-555,528,-97
1240,-1580,-17004,-555,528,-97
1276,-1788,-16948,-65,514,-87
1208,-1560,-17088,-222,509,-76
1320,-1640,-16916,-527,511,-66
1288,-1668,-16964,-457,531,-98
1224,-1716,-16828,-127,501,-79
1332,-1688,-17140,-315,523,-75
1276,-1632,-16968,-491,544,-91
1204,-1664,-16932,-269,498,-93
1268,-1472,-16876,-485,517,-80
1256,-1656,-17092,-262,513,-78
1324,-1724,-16960,-420,504,-88
1224,-1588,-17020,-268,510,-103
1280,-1664,-16784,-79,466,-43
1148,-1680,-17144,-578,513,-89
1464,-1508,-16700,-496,515,-84
1324,-1684,-17020,-56,486,-57
1216,-1756,-17084,-318,519,-116
1388,-1540,-16772,-539,527,-78
1300,-1744,-17008,-344,493,-64
1300,-1748,-16964,-189,490,-110
1312,-1588,-16968,-381,495,-92
1336,-1636,-17048,-406,522,-86
1244,-1716,-16888,-348,520,-90
1256,-1536,-17180,-145,526,-50
1392,-1652,-,51416992,-351,-91
1232,-1664,-17132,-540,496,-81
1252,-1640,-16944,-220,502,-87
1292,-1636,-17132,-472,505,-76
1280,-1632,-16740,-272,492,-54
1380,-1512,-16964,-304,516,-77
1276,-1768,-16884,-252,513,-93
1296,-1540,-17092,-357,509,-70
1380,-1676,-16840,-348,515,-74
1204,-1736,-16932,-322,495,-76
1356,-1536,-17084,-297,514,-86
1444,-1536,-16772,-330,510,-72
1248,-1672,-17044,-413,505,-94
1240,-1636,-16984,-339,505,-80
1332,-1668,-16916,-200,482,-64
1304,-1660,-17180,-361,525,-93
1332,-1716,-17032,-278,480,-68
1356,-1632,-16900,-430,519,-77
1268,-1636,-16908,-295,514,-83
1340,-1572,-16692,-402,496,-85
1376,-1744,-17124,-322,468,-80
1296,-1744,-16844,-332,497,-99
1384,-1552,-16964,-358,492,-73
1260,-1692,-16932,-330,495,-93
1356,-1700,-16868,-352,517,-90
1296,-1600,-17132,-309,510,-109
1332,-1696,-16804,-241,504,-77
1396,-1704,-16948,-359,518,-86
1252,-1668,-17152,-378,523,-67
1308,-1648,-16804,-251,474,-90
1264,-1548,-16920,-390,527,-91
1284,-1668,-16980,-349,482,-84
1316,-1684,-16900,-292,513,-53
1300,-1732,-17080,-347,521,-92
1312,-1528,-16844,-324,527,-59
1256,-1664,-16968,-312,502,-67
1260,-1672,-16812,-330,539,-79
1336,-1624,-16872,-269,500,-66
1364,-1584,-16860,-324,510,-97
1320,-1688,-16936,-322,515,-96
1248,-1676,-17104,-251,492,-65
1300,-1704,-16736,-398,514,-87
1308,-1664,-17056,-311,530,-92
1192,-1600,-16888,-325,474,-83
1372,-1648,-16872,-451,510,-69
1300,-1552,-17052,-378,521,-68
1312,-1676,-16756,-281,519,-93
1276,-1644,-17016,-337,509,-69
1352,-1584,-16872,-321,489,-76
1204,-1620,-16832,-334,472,-93
1296,-1692,-17128,-320,528,-65
1272,-1608,-16840,-318,541,-110
1280,-1684,-17064,-357,510,-81
1336,-1616,-16848,-324,531,-77
1368,-1580,-16860,-314,514,-62
1224,-1588,-16960,-370,503,-89
1440,-1584,-16772,-315,475,-79
1300,-1664,-17072,-245,511,-60
1344,-1652,-16868,-399,504,-106
1380,-1528,-16984,-348,507,-79
1248,-1648,-17040,-259,511,-69
1172,-1564,-16840,-375,499,-83
1236,-1704,-16920,-324,492,-76
1304,-1693616,-17024,-,501,-102
1240,-1660,-17024,-408,516,-111
1312,-1600,-16920,-256,524,-93
1292,-1776,-16984,-330,514,-73
1304,-1652,-16980,-386,488,-101
1280,-1680,-16744,-306,518,-95
1184,-1708,-17100,-313,508,-87
1344,-1668,-16840,-347,516,-61
1232,-1716,-17036,-361,501,-91
1336,-1536,-16760,-322,496,-74
1344,-1612,-17104,-274,507,-95
1204,-16768,501,-80,-16924,-38
1404,-1656,-16908,-352,496,-60
1236,-1612,-16928,-261,514,-66
1280,-1576,-16840,-365,512,-95
1360,-1648,-16968,-380,514,-70
1360,-1648,-16968,-380,514,-70
1360,-1648,-16968,-380,514,-70
1272,-1616,-17016,-323,476,-80
1280,-1536,-17032,-334,488,-93
1360,-1652,-16856,-336,511,-70
1292,-1660,-17000,-349,492,-80
1276,-1668,-16976,-300,509,-79
1292,-1704,-16820,-330,500,-75
1304,-1600,-16948,-313,501,-76
1160,-1616,-16852,-321,518,-82
1272,-1612,-16964,-345,497,-119
1312,-1560,-17084,-313,486,-73
1388,-1560,-17004,-318,504,-81
1240,-1668,-16940,-290,485,-78
1196,-1664,-17016,-352,518,-69
1260,-1716,-16724,-289,522,-88
1336,-1636,-16912,-240,496,-66
1288,-1628,-16980,-339,514,-103
1276,-1600,-16908,-303,515,-85
1168,-1716,-17080,-320,530,-72
1324,-1608,-16764,-363,513,-79
1336,-1612,-17048,-292,503,-66
1232,-1624,-16988,-344,541,-88
1340,-1560,-16732,-363,511,-72
1244,-1624,-16948,-321,514,-105
1364,-1648,-16872,-281,503,-90
1304,-1656,-17012,-325,485,-86
1240,-1604,-16932,-319,485,-88
1208,-1668,-16812,-423,502,-75
1244,-1672,-17176,-286,483,-83
1292,-1624,-16872,-263,496,-77
1288,-1592,-16904,-388,502,-101
1248,-1628,-16944,-367,519,-87
1344,-1724,-16868,-303,496,-103
1236,-1628,-17144,-342,511,-84
1328,-1704,-16908,-304,512,-84
1200,-1744,-16980,-313,505,-65
1308,-1580,-16908,-407,507,-82
1324,-1688,-16908,-318,510,-74
1164,-1600,-17016,-327,495,-96
1268,-1620,-16808,-349,547,-70
1188,-1640,-17064,-289,493,-64
1304,-1688,-16912,-325,513,-93
1308,-1520,-16800,-399,505,-62
1192,-1564,-17020,-274,492,-49
1228,-1736,-16924,-319,489,-81
1204,-1528,-16956,-329,517,-64
1220,-1656,-17132,-285,517,-63
1232,-1608,-16876,-353,526,-91
1224,-1604,-17028,-325,532,-72
1312,-1808,-16952,-310,529,-107
1376,-1524,-16864,-353,486,-96
1400,-1664,-16868,-361,516,-91
1280,-1608,-16936,-313,500,-71
1288,-1648,-16896,-316,548,-68
1248,-1600,-17020,-315,511,-102
1364,-1652,-17144,-289,477,-54
1336,-1624,-16968,-353,506,-102
1160,-1644,-16920,-302,512,-87
1216,-1732,-17036,-295,515,-70
1248,-1696,-16964,-390,513,-72
1360,-1604,-17104,-345,4,1220
1360,-1604,-17104,-345,4,1220
1360,-1604,-17104,-345,4,1220
1240,-1708,-16780,-359,496,-91
1256,-1596,-17144,-337,511,-93
1272,-1608,-16940,-269,513,-64
1344,-1620,-16984,-351,504,-115
1308,-1624,-16888,-315,518,-94
1176,-1696,-16924,-383,497,-65
1368,-1620,-17044,-359,498,-75
1280,-1680,-16784,-263,501,-64
1208,-1704,-16860,-357,496,-88
1356,-1520,-16952,-297,495,-85
1328,-1720,-16920,-252,500,-70
1288,-1656,-17036,-403,529,-73
1396,-1672,-16832,-387,533,-76
1376,-1628,-16792,-300,497,-85
1280,-1552,-16980,-368,510,-95
1380,-1640,-16896,-293,516,-73
1220,-1660,-17040,-331,515,-79
1368,-1720,-16984,-327,509,-83
1328,-1608,-16872,-291,477,-83
1256,-1640,-16776,-373,523,-94
1172,-1644,-17128,-385,516,-95
1368,-1532,-16936,-282,483,-74
1248,-1664,-17016,-361,497,-94
1272,-1628,-16912,-354,484,-56
1256,-1588,-17116,-280,491,-91
1300,-1676,-16928,-388,523,-84
1260,-1560,-16924,-322,490,-73
1216,-1684,-16940,-313,493,-87
1272,-1648,-17000,-289,501,-54
1368,-1716,-16688,-367,519,-101
1200,-1724,-16840,-357,506,-71
1248,-1604,-17000,-355,498,-93
1280,-1740,-16976,-289,513,-69
1224,-1796,-16888,-351,506,-55
1240,-1560,-16864,-332,496,-84
1300,-1668,-17048,-280,507,-66
1244,-1588,-16924,-391,479,-77
1312,-1636,-17092,-330,499,-81
1288,-1596,-16792,-297,503,-85
1240,-1608,-17072,-393,473,-92
1296,-1644,-16916,-364,487,-75
1232,-1660,-16828,-306,476,-90
1276,-1656,-17004,-321,502,-56
1272,-1540,-16904,-350,501,-82
1248,-1688,-17056,-351,513,-97
1352,-1716,-16992,-316,535,-94
1280,-1592,-16860,-315,485,-73
1248,-1680,-17084,-334,526,-75
1432,-1568,-16748,-350,506,-64
1388,-1620,-16928,-329,505,-64
1332,-1684,-17072,-269,514,-83
1344,-1712,-16780,-326,510,-81
1384,-1636,-17060,-367,489,-91
1264,-1676,-16960,-313,483,-117
1368,-1632,-16928,-279,502,-86
1220,-1668,-17032,-339,513,-90
1340,-1572,-16752,-336,510,-55
1332,-1604,-17060,-322,489,-67
1300,-1716,-16956,-287,498,-99
1228,-1684,-16848,-307,532,-67
1360,-1664,-16964,-385,524,-70
1152,-1576,-16716,-310,531,-71
1272,-1632,-16896,-322,469,-72
1396,-1644,-16900,-365,530,-74
1400,-1560,-16960,-340,491,-81
1440,-1652,-17060,-354,515,-65
1316,-1676,-16812,-314,495,-101
1284,-1540,-17028,-313,502,-83
1364,-1604,-16836,-371,517,-77
1212,-1572,-17020,-290,517,-82
1312,-1704,-17188,-374,490,-97
1208,-1656,-16932,-353,540,-83
1212,-1656,-17148,-308,517,-62
1256,-1592,-17000,-390,497,-86
1312,-1676,-16860,-358,516192,-1608
1312,-1676,-16860,-358,516192,-1608
1276,-1660,-17024,-307,495,-68
1320,-1736,-16812,-376,517,-73
1184,-1560,-17152,-291,526,-72
1280,-1604,-16828,-364,529,-69
1188,-1584,-17152,-351,507,-81
1236,-1580,-17112,-275,512,-86
1268,-1652,-16660,-316,481,-59
1256,-1660,-16956,-374,503,-90
1404,-1616,-16892,-291,514,-81
1396,-1632,-16864,-325,503,-78
1228,-1632,-17040,-290,542,-119
1344,-1580,-16856,-275,506,-96
1288,-1656,-16904,-391,503,-74
1340,-1680,-16768,-229,500,-79
1264,-1640,-16948,-439,490,-80
1432,-1588,-17024,-350,503,-79
1304,-1716,-16824,-179,523,-82
1284,-1652,-17112,-413,522,-130
1256,-1540,-16984,-355,525,-69
1300,-1768,-17100,-249,493,-71
1256,-1740,-16992,-390,511,-111
1296,-1556,-17012,-378,507,-70
1256,-1664,-16988,-351,491,-87
1276,-1732,-16832,-328,515,-88
1276,-1744,-17052,-258,516,-79
1268,-1512,-16860,-426,533,-99
1352,-1600,-16840,-344,501,-101
1084,-1540,-17016,-308,495,-111
1436,-1632,-16676,-237,495,-92
1436,-1580,-17040,-407,495,-89
1120,-1648,-16848,-402,509,-102
1088,-1492,-17104,-388,508,-89
1224,-1716,-17084,-113,520,-57
1420,-1672,-16904,-344,512,-56
1276,-1600,-17140,-416,520,-81
1336,-1736,-16808,-359,503,-53
1428,-1660,-16868,-355,519,-96
1204,-1648,-16996,-155,530,-81
1260,-1564,-16844,-439,494,-115
1116,-1596,-17312,-448,564,-95
1324,-1584,-16736,-52,560,-81
1348,-1676,-16928,-225,510,-73
1308,-1560,-16880,-298,532,-68
1352,-1680,-16684,-432,514,-81
1232,-1700,-17136,-304,505,-79
1344,-1712,-17056,-163,492,-87
1264,-1684,-17268,-258,539,-104
1256,-1552,-16820,-272,504,-90
1296,-1720,-17228,-334,527,-88
1044,-1720,-18380,-61,515,-56
1284,-1432,-17132,-658,469,-19
1408,-1628,-16660,-595,547,-69
1144,-1764,-17232,-137,505,-106
1360,-1592,-16672,-81,492,-94
1276,-1648,-17004,-542,486,-80
1244,-1652,-17096,-616,512,-96
1312,-1656,-16704,-113,497,-89
1248,-1752,-17208,-178,505,-95
1464,-1672,-16984,-619,507,-97
1280,-1716,-16972,-489,518,-88
1296,-1620,-17124,-19,517,-76
1300,-1572,-16924,-206,485,-57
1396,-1676,-17068,-680,502,-89
1352,-1632,-17044,-391,529,-77
1364,-1696,-16700,-134,487,-44
1348,-1688,-16932,-366,522,-91
1356,-1648,-16836,-543,499,-83
1312,-1668,-16712,-365,510,-87
1248,-1684,-17144,-108,513,-85
1260,-1624,-16860,-317,539,-72
1312,-1656,-16960,-518,501,-91
1396,-1592,-16972,-342,532,-113
1252,-1648,-16908,-60,481,-48
1244,-1752,-17092,-469,497,-86
1416,-1600,-16928,-473,520,-49
1264,-1756,-16924,-289,524,-90
1264,-1600,-16900,-189,532,-92
1328,-1656,-16956,-313,507,-66
1292,-1656,-17040,-559,537,-99
1280,-1676,-16920,-312,500,-88
1240,-1696,-17104,-85,498,-65
1372,-1672,-17092,-320,492,-80
1292,-1588,-16816,-447,501,-92
1216,-1716,-16980,-322,495,-47
1272,-1628,-17136,-230,508,-81
1360,-1532,-17000,-366,477,-72
1300,-1628,-17140,-507,508,-90
1304,-1804,-16852,-289,495,-96
1300,-1708,-16788,-205,507,-76
1292,-1672,-17056,-395,508,-84
1304,-1604,-16868,-382,476,-78
1292,-1708,-16972,-495,495,-85
1268,-1696,-16968,-272,493,-57
1228,-1672,-16816,-296,498,-89
1312,-1712,-16928,-478,515,-89
1272,-1688,-17248,-172,514,-74
1228,-1596,-16912,-360,508,-87
1232,-1648,-16828,-404,507,-68
1240,-1564,-16920,-416,495,-86
1296,-1656,-16852,-420,507,-80
1236,-1636,-16964,-254,489,-59
1272,-1592,-17036,-332,500,-83
1268,-1528,-16812,-361,497,-104
1288,-1644,-16996,-394,496,-86
1360,-1568,-16920,-360,492,-68
1380,-1608,-17164,-334,511,-79
1204,-1612,-16988,-307,523,-76
1368,-1696,-16952,-408,510,-86
1352,-1652,-17012,-346,518,-79
1240,-1656,-16972,-375,497,-90
1192,-1596,-16968,-356,509,-68
1224,-1600,-16988,-264,525,-67
1408,-1608,-16940,-364,488,-59
1244,-1692,-17128,-338,493,-61
1340,-1520,-16756,-382,521,-76
1240,-1668,-16972,-416,487,-87
1296,-1680,-17020,-366,505,-107
1300,-1600,-16848,-306,485,-99
1300,-1648,-16932,-360,490,-77
1192,-1632,-16896,-407,513,-70
1360,-1664,-16776,-399,503,-91
1216,-1652,-17200,-276,538,-88
1340,-1672,-16956,-239,496,-87
1328,-1600,-17120,-293,483,-106
1408,-1608,-16884,-372,503,-79
1368,-1600,-17052,-480,497,-91
1264,-1612,-17076,-223,505,-95
1436,-1500,-16916,-159,500,-74
1268,-1656,-17136,-411,522,-110
1360,-1636,-16868,-387,512,-83
1276,-1672,-17008,-218,514,-71
1308896,-362,,-1680,-16521,-85
1348,-1728,-16872,-455,528,-99
1388,-1596,-16956,-179,468,-79
1308,-1604,-16856,-129,478,-102
1184,-1700,-16816,-380,498,-75
1268,-1652,-17072,-389,502,-77
1320,-1592,-16784,-289,523,-71
1320,-1628,-16984,-307,519,-81
1356,-1620,-16880,-399,490,-72
1312,-1624,-17016,-524,495,-85
1224,-1752,-17048,-347,518,-80
1284,-1584,-16936,-234,511,-81
1264,-1684,-17128,-309,493,-81
1304,-1600,-16920,-313,512,-97
1292,-1668,-16940,-158,495,-56
1232,-1856,-16912,-374,501,-126
1296,-1600,-16804,-325,496,-98
1356,-1604,-17052,-198,515,-45
1280,-1636,-16820,-429,516,-77
1200,-1688,-16940,-219,503,-66
1344,-1652,-16828,-310,477,-68
1328,-1672,-16956,-418,537,-74
1400,-1700,-16880,-318,506,-112
1292,-1668,-16816,-260,508,-62
1348,-1648,-17020,-215,498,-90
1280,-1660,-17168,-397,527,-81
1272,-1716,-16768,-407,497,-108
1308,-1656,-17180,-245,539,-77
1324,-1616,-16848,-429,515,-96
2088,-1828,-16552,-155,486,147
1332,-1524,-17100,-338,531,-150
1368,-1772,-17324,-451,503,-67
1332,-0,-398,4891584,-1708,-99
1108,-1740,-17648,-323,548,-91
1248,-1672,-16880,-358,505,-75
1248,-1612,-17216,-278,512,-45
1352,-1532,-16972,-509,495,-70
1416,-1708,-17164,-335,502,-76
1288,-1596,-16912,-194,500,-60
1280,-1552,-17576,-594,504,-104
1316,-1736,-16992,-451,503,-89
1360,-1724,-16800,-318,495,-54
1236,-1692,-17024,39,519,-41
1344,-1668,-16880,-231,495,-86
1312,-1608,-17076,-563,522,-
1300,-1696,-16928,-210,484,-70
1412,-1656,-17028,-424,514,-98
1212,-1604,-17040,-543,538,-107
1360,-20,-150,5081696,-168,-79
1340,-1576,-17072,-249,503,-81
1308,-1600,-17096,-504,519,-106
1280,-1756,-17008,-46,486,-95
1348,-1668,-17076,-474,490,-87
1428,-1644,-17056,-201,531,-109
1264,-1584,-16848,-633,471,-121
1188,-1688,-17132,-67,453,-46
1232,-1660,-16980,-379,487,-68
1220,-1764,-16948,-592,539,-79
1300,-1588,-17036,-78,447,-74
1344,-1544,-16796,-549,528,-69
1380,-1596,-17032,-282,478,-65
1416,-1612,-17140,-275,533,-91
1184,-1744,-17040,-446,517,-93
1256,-1708,-17016,-295,477,-59
1308,-1672,-17116,-277,527,-78
1404,-1676,-16852,-439,481,-82
1328,-1636,-16992,-261,528,-84
1264,-1604,-17036,-37,480,-60
1452,-1700,-16748,-484,489,-96
1288,-1636,-17000,-355,499,-80
1248,-1660,-16948,-286,509,-95
1336,-1580,-17016,-266,518,-74
1396,-1580,-16960,-221,538,-89
1320,-1668,-16888,-363,476,-96
1244,-1604,-17072,-327,494,-92
1400,-1600,-16920,-418,499,-104
1476,-1648,-17120,-258,557,-89
1144,-1160,-15412,-1357,580,-158
1444,-1568,-16588,-659,435,-26
1184,-1436,-16628,172,537,-74
1396,-1720,-17052,7,408,-34
1380,-1632,-16916,-307,503,-53
1264,-1480,-16924,-1071,501,-102
1380,-1660,-16836,-413,518,-99
1364,-1744,-16936,515,503,-91
1176,-1616,-17052,-555,496,-102
1312,-1452,-16860,-1162,518,-92
1352,-1732,-16784,-391,516,-94
1128,-1804,-17136,372,536,-99
1268,-1744,-16956,-400,513,-113
1300,-1664,-16984,-208,500,-68
1324,-1668,-16892,-777,522,-84
1308,-1704,-16964,141,509,-77
1296,-1668,-17048,-431,496,-72
1324,-1692,-17016,241,524,-67
1376,-1628,-16820,-359,486,-76
1300,-1620,-16940,-282,522,-89
1320,-1576,-17004,-869,536,-80
1280,-1668,-16968,-95,532,-73
1268,-1652,-17016,-195,519,-60
1184,-1608,-17156,-628,503,-78
1332,-1656,-16872,-522,516,-84
1248,-1624,-17024,-5,510,-58
1316,-1716,-17040,-313,502,-95
1356,-1672,-16848,-610,529,-90
1232,-1704,-16940,-323,505,-103
1340,-1652,-17104,-554,517,-98
1452,-1740,-16744,-343,506,-80
1332,-1708,-17004,-198,502,-79
1132,-1516,-17088,-244,489,-78
1372,-1648,-16952,-542,491,-61
1228,-1624,-17020,-426,499,-103
1300,-1700,-16816,-122,504,-99
1372,-1480,-16972,-257,519,-69
1168,-1692,-17000,-415,492,-68
1344,-1600,-16984,-451,518,-80
1344,-1664,-16932,-196,518,-95
1304,-1620,-16812,-183,509,-72
1368,-1616,-16996,-396,483,-72
1256,-1644,-16960,-438,536,-90
1408,-1728,-16988,-278,472,-79
1136,-1704,-16900,-283,514,-64
1272,-1724,-17084,-432,527,-90
1312,-1576,-16940,-346,484,-69
1380,-1720,-17060,-275,519,-86
1308,-1596,-17032,-357,522,-69
1304,-1620,-16944,-190,521,-100
1368,-1660,-16940,-262,498,-80
1284,-1512,-17016,-476,499,-76
1308,-1640,-17164,-209,532,-78
1304,-1656,-16924,-315,507,-94
1292,-1616,-16936,-422,523,-73
1264,-1636,-16888,-288,492,-78
1292,-1608,-17004,-174,497,-92
1188,-1588,-16896,-435,495,-85
1256,-1716,-16992,-548,495,-78
1360,-1564,-16788,-406,498,-96
1268,-1744,-16912,-143,501,-106
1328,-1576,-16812,-191,488,-77
1168,-1552,-16668,-540,490,-84
1252,-1668,-17364,-392,596,-92
1220,-1600,-16836,-232,435,-59
1236,-1696,-16888,-364,509,-95
1344,-1560,-17008,-539,496,-69
1368,-1748,-17088,-177,519,-104
1360,-1644,-16736,-231,470,-84
1188,-1668,-17152,-339,518,-51
1312,-1588,-16800,-316,495,-78
1316,-1608,-16836,-412,506,-86
1292,-1664,-16864,-256,498,-70
1376,-1752,-16860,-377,539,-51
1380,-1628,-16988,-395,490,-66
1340,-1688,-16988,-462,491,-64
1168,-1620,-16964,-513,481,-95
1240,-1732,-17168,-139,500,-80
1092,-1548,-16948,-465,490,-97
1408,-1800,-16896,-296,513,-78
1372,-1676,-16796,-259,486,-97
1180,-1548,-16812,-483,518,-55
1216,-1464,-18312,-1980,363,-23
1040,-1552,-16900,-518,534,-108
1308,-1800,-16680,-134,545,-98
1044,-1624,-17760,-494,623,-134
1348,-1700,-16624,-202,513,-79
1320,-1560,-17068,-448,549,-58
1164,-1736,-16828,-764,512,-108
1336,-1724,-16880,-72,502,-63
1732,-2072,-16420,-19,557,-67
1184,-1616,-17160,-86,522,-97
1384,-1660,-17204,-299,465,-98
1264,-1780,-17100,-188,573,-72
1116,-1568,-16892,-265,468,-99
1388,-1536,-16972,-527,551,-86
1336,-1716,-16812,-270,491,-97
1240,-1736,-16436,-302,303,-75
1200,-1536,-16940,-8,469,-42
1080,-1612,-17248,-59,491,-74
1524,-1636,-16704,129,470,-53
1384,-1708,-17188,-266,486,-79
1384,-1368,-16896,-522,514,-57
1172,-1732,-16812,-566,515,-98
1328,-1524,-16800,-80,448,-81
996,-1660,-16804,-169,511,-87
1204,-1740,-16940,-404,504,-64
1216,-1744,-17128,-487,522,-109
1560,-1428,-16544,-671,419,-23
1200,-1704,-16680,-134,464,-64
1848,-2304,-16668,512,564,-85
1220,-1528,-16768,-244,459,-81
1264,-1572,-17200,-547,590,-102
1480,-1852,-16708,-309,534,-99
1224,-1696,-17288,-162,499,-73
1348,-1596,-16912,-43,564,-100
1428,-1948,-16868,-82,477,-89
1268,-1668,-17052,-417,586,-100
1196,-1612,-16888,-347,500,-89
1224,-1668,-16892,-78,530,-58
1368,-1540,-16968,-731,580,-110
1252,-1604,-16920,-253,491,-96
1576,-20090,518,-534,-16808,5
1244,-1648,-17176,-294,562,-110
1204,-1536,-17016,-677,544,-56
1304,-1780,-17008,-510,532,-107
1236,-1580,-16728,-306,508,-74
1288,-1608,-17084,26,527,-60
1324,-1728,-16820,-471,487,-88
1300,-1660,-16864,-631,526,-78
1256,-1680,-17052,-243,513,-88
1240,-1704,-16976,-222,493,-68
1280,-1624,-17020,-449,486,-78
1240,-1576,-17024,-375,509,-101
1296,-1584,-16920,-319,491,-68
1340,-1624,-16992,-350,501,-100
1296,-1592,-16940,-308,502,-77
1416,-1580,-17160,-384,511,-65
1232,-1644,-16988,-338,503,-80
1136,-1716,-16912,-374,500,-60
1224,-1676,-16756,-350,491,-86
1292,-1636,-17036,-175,506,-73
1356,-1468,-16884,-349,469,-75
1296,-1684,-17016,-330,499,-72
1288,-1656,-17060,-396,519,-79
1372,-1580,-16912,-324,508,-67
1272,-1700,-16908,-364,494,-70
1376,-1632,-17000,-366,490,-83
1288,-1576,-16920,-392,510,-74
1304,-1608,-17068,-338,501,-99
1316,-1664,-16932,-241,515,-65
1116,-1604,-17160,-267,507,-119
1268,-1696,-17036,-265,449,-82
1264,-1660,-16968,-371,496,-95
1316,-1660,-16924,-476,521,-74
1260,-1648,-16748,-268,510,-102
1384,-1592,-17056,-285,519,-63
1244,-1652,-16988,-363,500,-91
1368,-1580,-16868,-310,505,-71
1268,-1708,-17068,-302,526,-95
1200,-1612,-16716,-424,498,-72
1236,-1712,-17004,-408,493,-82
1256,-1600,-16848,-212,492,-90
1352,-1652,-17004,-293,479,-105
1296,-1588,-17032,-403,505,-83
1400,-1620,-17048,-391,530,-86
1356,-1760,-16996,-245,489,-63
1248,-1688,-16932,-289,497,-84
1356,-1480,-16756,-367,492,-99
,-1676,-171252004,-405,510,-84
1308,-1648,-16936,-281,546,-90
1316,-1640,-16976,-326,478,-91
1356,-1660,-17068,-400,518,-86
1236,-1728,-16876,-390,513,-86
1252,-1632,-16960,-221,480,-68
1320,-1704,-16880,-340,528,-69
1424,-1720,-17032,-404,508,-78
1256,-1620,-17068,-323,509,-76
1292,-1488,-16800,-394,518,-74
1300,-1672,-16968,-460,512,-75
1380,-1568,-17144,-449,494,-75
