-15256,-196,2520,-282,217,-85
-15220,-252,2504,-322,268,-80
-15268,-264,2712,-302,238,-93
-15256,-188,2620,-305,216,-79
-15280,-196,2508,-2616,-291,2588
-15280,-196,2508,-2616,-291,2588
-15280,-196,2508,-2616,-291,2588
-15292,-232,2524,-294,237,-73
-15224,-304,2528,-282,230,-108
-15284,-232,2528,-303,245,-105
-15320,-252,2632,-283,243,-86
-15280,-252,2480,-303,232,-90
-15284,-264,2716,-296,242,-84
-15224,-240,2548,-294,239,-69
-15248,-308,2460,-291,234,-101
-15264,-244,2580,-302,258,-81
-15280,-340,2572,-300,239,-96
-15260,-364,2612,-323,224,-89
-15224,-196,2540,-285,230,-113
-15256,-272,2616,-294,249,-77
-15272,-268,2436,-290,215,-79
-15312,-252,2508,-289,225,-61
-15248,-252,2636,-290,222,-75
-15300,-296,2540,-292,243,-106
-15196,-356,2508,-288,251,-80
-15280,-192,2572,-297,224,-70
-15212,-296,2460,-316,255,-98
-1,-244,2552,-296,248,-91
-15240,-216,2604,-300,242,-95
-15244,-280,2740,-67,-291,251
-15288,-240,2608,-327,247,-93
-15296,-284,2472,-306,234,-81
-15228,-296,2464,-276,212,-110
-15340,-265,232,-1084,2568,-30
-15092,-288,2560,-279,270,-87
-15256,-264,2516,-297,239,-99
-15200,-244,2436,-306,245,-59
-15264,-260,2628,-300,226,-102
-15212,-272,2580,-267,233,-86
-15292,-224,2508,-295,227,-88
-15304,-236,2436,-286,211,-94
-15260,-268,2552,-282,255,-97
-15296,-252,2576,-281,220,-82
-15328,-308,2556,-306,242,-91
-15228,-264,2536,-294,241,-94
-15260,-228,2396,-316,233,-98
-15312,-328,2500,-293,245,-90
-15272,-292,2516,-279,193,-102
-15248,-280,2524,-306,230,-92
-15140,-264,2700,-275,236,-57
-15200,-204,2424,-304,252,-65
-15196,-248,2412,-285,232,-78
-15208,-364,2512,-289,246,-87
-2,-316,2644,-281,217,-98
-15336,-304,2520,-290,225,-75
-15276,-256,2592,-294,233,-65
-15388,-268,2596,-295,235,-73
-15108,-144,2656,-301,249,-89
-15268,-316,2456,-283,219,-89
-15388,-308,2592,-282,243,-78
-15256,-220,2584,-282,234,-92
-15276,-332,2492,-300,235,-92
-15284,-276,2576,-296,227,-75
-15328,-352,2428,-273,246,-78
-15292,-204,2608,-283,226,-86
-1534,-300,-244,25845,251,-92
-15252,-284,2504,-284,230,-91
-15228,-200,2476,-299,249,-79
-15304,-200,2544,-288,226,-80
-15284,-292,2464,-301,228,-85
-15276,-296,2588,-277,251,-92
-15188,-300,2404,-281,222,-91
-15204,-212,2592,-305,229,-84
-15296,-224,2480,-295,241,-80
-15280,-260,2580,-296,241,-98
-15260,-396,2520,-315,238,-89
-15268,-272,2608,-311,251,-100
-15544,-228,-340,2306,254,-68
-15188,-300,2480,-300,238,-102
-15236,-392,2576,-321,234,-70
-15232,-232,2588,-296,255,-82
-15300,-284,2472,-285,255,-80
-15268,-348,2472,-275,238,-84
-15180,-248,2504,-299,237,-75
-15292,-300,2520,-273,219,-96
-15192,-348,2620,-296,223,-99
-15160,-268,2476,-290,243,-75
-15224,-212,2524,-292,225,-102
-15220,-216,2648,-302,246,-82
-15236,-264,2388,-314,261,-95
-15296,-252,2556,-303,232,-84
-15184,-280,2684,-287,223,-88
-15292,-364,2648,-283,227,-81
-15244,-356,2584,-288,224,-101
-15272,-188,2556,-271,263,-84
-15244,-288,2600,-306,231,-99
-15152,-192,2640,-302,222,-78
-1579,243,-8280,-332,2520,-292
-1579,243,-8280,-332,2520,-292
-1579,243,-8280,-332,2520,-292
-15232,-288,2448,-292,249,-94
-15304,-188,2588,-286,252,-90
-15228,-208,2456,-297,259,-90
-15136,-280,2572,-289,236,-68
-15284,-236,2500,-288,221,-79
-15188,-184,2520,-292,224,-95
-15244,-328,2448,-297,206,-100
-15172,-252,2480,-293,236,-94
-15344,-260,2496,-283,227,-81
-15288,-200,2440,-306,226,-92
-15312,-220,2576,-292,249,-91
-15232,-348,2480,-291,248,-78
-15336,-276,2496,-282,219,-91
-15268,-304,2560,-295,253,-78
-15276,-240,2564,-309,265,-96
-15308,-204,2568,-293,242,-77
-15220,-188,2448,-317,228,-100
-15268,-216,2472,-307,235,-80
-15344,-248,2508,-299,249,-80
-15180,-268,2488,-290,215,-91
-15184,-300,2676,-309,227,-83
-15236,-332,2576,-320,220,-91
-15236,-240,2544,-280,195,-81
-15284,-332,2528,-316,241,-102
-15236,-288,2552,-307,238,-94
-15256,-240,2560,-275,215,-79
-15368,-252,2504,-273,239,-71
-15328,-288,2668,-296,223,-109
-15332,-240,2340,-287,244,-102
-15292,-276,2480,-314,240,-70
-15232,-232,2528,-302,270,-85
-15380,-244,2452,-273,223,-75
-15320,-328,2604,-306,247,-98
-15240,-316,25,-15236,-324,-301
-15240,-316,25,-15236,-324,-301
-15240,-316,25,-15236,-324,-301
-15352,-288,2524,-294,209,-81
-15240,-296,2616,-287,228,-90
-15300,-364,2624,-292,232,-83
-15292,-212,2428,-303,263,-93
-15256,-281,246,-15256,-240,null
-15228,-264,2600,-279,217,-80
-15256,-340,2624,-304,241,-84
-15320,-300,2636,-300,226,-94
-15224,-360,2588,-281,244,-101
-15236,-240,2540,-292,221,-114
-15276,-252,2496,-284,247,-99
-15216,-168,2604,-319,230,-101
-15260,-228,2556,-295,228,-78
-15308,-268,2316,-279,238,-78
-15276,-272,2524,-288,216,-64
-15292,-276,2460,-294,229,-108
-15168,-312,2388,-315,248,-86
-15228,-252,2608,-291,222,-113
-15284,-228,2536,-281,245,-81
-15228,-252,2444,-290,211,-80
-15256,-312,2424,-317,234,-90
-15272,-228,2644,-279,235,-84
-15212,-228,2524,-296,246,-86
-15296,-276,2556,-315,242,-60
-15296,-244,2516,-300,223,-90
-15228,-260,2480,-284,231,-70
-15288,-256,2648,-287,230,-108
-15224,-188,2572,-287,235,-80
-15300,-248,2544,-298,216,-95
-15216,-300,2568,-283,258,-67
-15240,-252,2604,-285,205,-77
-15280,-368,2480,-299,217,-68
-15212,-268,2452,-303,229,-89
-15264,-332,2520,-284,257,-87
-1524,-304,25344,-276,256,-66
-15272,-328,2480,-293,244,-90
-15284,-288,2552,-316,208,-88
-15276,-284,2552,-289,236,-76
-15196,-380,2508,-302,225,-74
-15308,-256,2528,-303,249,-113
-15296,-196,2644,-316,265,-83
-15296,-288,2648,-287,248,-82
-15256,-284,2636,-299,227,-92
-15368,-204,2548,-317,243,-84
-15288,-316,2540,-288,214,-86
-15252,-284,2576,-299,202,-89
-15276,-300,2528,-300,242,-68
-15180,-204,2608,-288,231,-94
-15320,-268,2484,-329,237,-93
-15324,-252,2480,-313,228,-95
-15224,-288,2564,-284,235,-97
-15304,-288,2524,-330,224,-98
-15232,-248,2504,-309,238,-74
-15288,-280,2576,-284,199,-71
-15300,-280,2572,-282,234,-86
-15200,-328,2640,-281,229,-103
-15268,-308,2504,-311,268,-84
-15268,-272,2284,-291,220,-81
-15252,-320,2532,-297,236,-99
-15208,-224,2428,-296,224,-89
-15340,-360,2460,-289,232,-89
-15160,-284,2580,-281,231,-95
-15304,-212,2460,-290,245,-76
-15292,-252,2508,-310,233,-93
-15348,-236,2536,-282,232,-86
-15244,-188,2488,-299,248,-107
-15180,-192,2348,-292,219,-65
-15268,-336,2560,-284,234,-97
-15316,-368,2452,-300,236,-90
-15252,-340,2488,-313,239,-102
-15268,-260,2472,-302,242,-80
-15236,-336,2644,-296,229,-104
-15248,-252,2436,-302,235,-105
-15232,-244,2456,-293,214,-81
-12580,-294,5144,-260,231,-77
-15268,-276,2564,-304,229,-93
-15272,-240,2528,-293,254,-78
-15244,-224,2616,-281,240,-82
-15292,-228,2572,-276,254,-104
-15292,-276,2604,-293,244,-88
-1520,-96,-228,262285,242,-96
-15264,-228,2528,-319,194,-91
-15228,-272,2500,-306,215,-78
-15336,-228,2704,-304,242,-111
-15352,-244,2660,-342,234,-74
-15212,-284,2436,-292,220,-91
-15288,-240,2512,-292,246,-107
-15400,-272,2520,-299,257,-110
-15292,-340,2596,-314,220,-88
-152560,-27,-212,2644,234,-96
-15240,-268,2564,-299,220,-116
-15328,-316,2504,-285,241,-94
-15316,-268,2436,-316,243,-8272
-15316,-268,2436,-316,243,-8272
-15240,-256,2600,-309,235,-85
-15188,-276,2560,-289,234,-83
-15164,-344,2428,-321,230,-69
-15208,-228,2452,-312,227,-84
-15236,-344,2680,-319,244,-92
-15284,-268,2588,-283,222,-87
-15264,-388,2524,-288,245,-97
-15312,-296,2540,-295,234,-85
-15204,-320,2560,-293,248,-86
-15232,-248,2488,-286,236,-82
-15324,-232,2564,-295,258,-73
-15276,-200,2484,-276,243,-71
-15340,-252,2544,-291,225,-95
-15272,-212,2444,-277,252,-82
-15348,-272,2512,-294,214,-97
-15288,-288,2456,-308,223,-59
-15304,-316,2476,-288,258,-79
-15176,-208,2520,-285,248,-96
-15208,-284,2532,-314,230,-96
-15328,-236,2436,-298,248,-82
-15324,-316,2580,-277,238,-70
-15296,-256,2460,-269,249,-91
-15324,-297,208,-78,-268,2621
-15408,-256,2616,-304,242,-100
-15232,-212,2500,-294,238,-83
-15212,-196,2664,-287,257,-84
-15220,-240,2628,-279,225,-112
-15396,-348,2588,-297,243,-90
-15260,-240,2476,-303,222,-79
-15292,-248,2580,-304,240,-101
-15236,-316,2500,-271,237,-88
-15216,-296,2536,-317,225,-80
-15236,-176,2524,-318,249,-95
-15212,-368,2600,-288,221,-74
-15224,-376,2496,-294,239,-84
-15248,-280,2508,-291,248,-78
-15316,-224,2464,-297,223,-94
-15228,-280,2552,-299,243,-87
-15376,-364,2600,-276,253,-80
-15180,-296,2560,-290,253,-78
-15276,-320,2628,-310,221,-79
-15260,-292,2588,-296,241,-87
-15320,-280,2312,2352,-38,-95
-15284,-308,2648,-298,227,-94
-15304,-300,2540,-315,230,-84
-15232,-236,2556,-303,237,-102
-15248,-316,2496,-284,236,-93
-15336,-268,2532,-282,250,-76
-15288,-348,2568,-301,225,-66
-15280,-388,2428,-303,212,-108
-15256,-252,2456,-294,240,-87
-15328,-240,229,2436,-276,-106
-15192,-324,2524,-276,246,-71
-15236,-312,2672,-304,216,-103
-15248,-244,2540,-331,261,-59
-15276,-160,2448,-317,242,-62
-15308,-268,2504,-307,218,-91
-15260,-308,2640,-301,239,-73
-15188,-212,2544,-297,248,-90
-15316,-272,2472,-310,230,-93
-15264,-292,2404,-300,217,-98
-15292,-320,2448,-287,213,-82
-15292,-296,2536,-285,238,-70
-15204,-272,2436,-297,243,-95
-15244,-200,2716,-283,211,-78
-152476,-286,268,-244,239,-75
-15228,-192,2560,-286,224,-104
-15284,-200,2604,-292,221,-100
-15276,-372,2632,-260,231,-95
-15292,-292,2568,-302,243,-79
-15176,-272,2572,-300,233,-89
-15276,-232,2540,-302,224,-70
-15320,-248,2416,-292,248,-79
-15220,-188,2544,-291,222,-95
-15264,-280,2424,-289,235,-104
-15248,-192,2480,-323,235,-84
-15292,-292,2468,-274,231,-76
-15344,-260,2600,-309,203,-101
-15308,-316,2480,-289,236,-76
-15280,-260,2592,-277,254,-99
-15364,-280,2364,-296,235,-80
-15248,-276,2496,-284,215,-89
-15224,-320,2572,-278,232,-97
-15360,-268,2544,-277,238,-79
-15368,-248,2576,-280,214,-91
-15248,-224,2640,-312,233,-86
-15272,-180,2560,-278,223,-101
-15304,-340,2544,-293,224,-103
-15300,-188,2532,-298,228,-82
-15320,-272,2572,-288,223,-107
-15206,-38,-216,24901,238,-99
-15280,-264,2520,-294,229,-85
-15200,-404,2612,-305,241,-98
-15176,-204,2440,-273,265,-106
-15344,-304,2588,-281,231,-89
-15296,-240,2520,-293,229,-87
-15244,-308,2660,-295,248,-98
-15280,-328,2684,-300,248,-101
-15252,-260,2584,-292,201,-68
-15176,-204,2520,-321,242,-93
-15248,-200,2492,-270,284,-90
-15316,-280,2448,-284,240,-76
-15284,-272,2356,-303,230,-102
-15324,-256,2492,-302,249,-97
-15244,-188,2588,-280,243,-80
-15256,-308,2584,-294,238,-99
-15308,-268,2496,-305,233,-96
-15356,-176,2500,-294,223,-115
-15248,-244,2568,-306,240,-102
-15252,-268,2556,-278,248,-93
-15224,-276,2492,-290,248,-79
-15196,-276,2688,-301,227,-90
-15304,-276,2580,-301,239,-90
-15284,-264,2380,-304,236,-68
-15248,-188,2440,-282,243,-98
-15208,-312,2552,-291,228,-78
-15368,-212,2540,-309,215,-93
-15260,-268,2544,-292,203,-101
-15332,-272,2484,-319,249,-90
-15288,-308,2300,-289,237,-87
-15252,-272,2608,-281,243,-95
-15288,-256,2480,-303,234,-80
-15300,-256,2568,-330,257,-79
-15260,-340,2476,-300,253,-83
-15244,-304,2496,-280,225,-75
-15248,-168,2496,-323,240,-87
-15276,-328,2536,-278,231,-99
-15216,-332,2480,-297,209,-87
-15276,-280,2580,-286,249,-87
-15248,-272,2568,-262,250,-91
-15200,-292,2656,-314,220,-76
-12535288,-312,2,-281,237,-81
-15196,-404,2388,-297,231,-86
-15252,-232,2596,-288,206,-69
-15332,-276,2500,-281,253,-73
-15200,-204,2492,-287,240,-96
-15348,-296,2552,-278,235,-70
-15232,-168,2556,-281,242,-93
-15324,-380,2504,-282,225,-84
-15300,-336,2656,-295,242,-68
-15320,-236,2508,-293,248,-84
-15332,-264,2552,-296,235,-61
-15264,-228,2452,-302,232,-83
-15232,-188,2544,-307,259,-82
-15224,-236,2572,-292,234,-66
-15300,-220,2476,-295,238,-95
-15268,-240,2824,-300,257,-64
-15312,-380,2556,-298,233,-95
-15336,-288,2544,-306,227,-51
-15312,-220,2560,-294,245,-82
-15300,-268,2488,-289,245,-79
-15324,-216,2552,-286,230,-86
-15252,-304,2532,-314,250,-78
-15340,-240,2536,-284,232,-74
-15208,-196,2552,-301,235,-73
-15260,-240,2408,-284,236,-83
-15192,-336,2500,-295,252,-85
-15228,-320,2576,-289,232,-97
-15332,-196,2584,-312,243,-92
-15140,-276,2552,-304,211,-93
-15264,-220,2572,-297,251,-104
-15316,-284,2596,-308,253,-95
-15256,-352,2516,-313,246,-86
-15340,-260,2420,-284,253,-74
-15308,-240,2548,-312,264,-73
-15228,-252,2476,-278,213,-77
-15332,-288,2432,-293,254,-69
-15256,-296,2540,-296,248,-98
-15140,-328,2660,-295,224,-76
-15264,-276,2452,-311,224,-61
-15240,-312,2440,-307,226,-75
-15300,-308,2600,-325,250,-70
-15316,-180,2592,-289,246,-93
-15388,-216,2520,-298,229,-58
-15204,-296,2388,-300,228,-115
-15212,-256,2568,-270,216,-91
-15176,-148,2612,-303,244,-72
-15212,-284,2492,-279,224,-97
-15240,-220,2456,-302,249,-73
-15352,-336,2484,-306,259,-92
-15300,-2512,-287,20,2222,-98
-15168,-364,2452,-293,206,-81
-15352,-336,2604,-274,258,-81
-15292,-216,2568,-297,232,-98
-15276,-316,2600,-317,241,-83
-15244,-252,2464,-277,261,-90
-15212,-212,2516,-295,238,-84
-15180,-256,2568,-301,211,-81
-15296,-268,2508,-291,277,-78
-15300,-272,2488,-290,227,-90
-15312,-312,2512,-291,240,-101
-15300,-344,2616,-306,244,-83
-15284,-268,2432,-277,219,-75
-15276,-228,2624,-281,241,-83
-15256,-424,2456,-305,223,-95
-15264,-192,2524,-308,234,-82
-15232,-296,2632,-295,236,-81
-15204,-292,2588,-299,229,-88
-15276,-284,2492,-312,255,-76
-15232,-212,2556,-282,247,-96
-15300,-352,2492,-294,221,-93
-15280,-240,2484,-291,258,-66
-15212,-240,2388,-314,218,-88
-15372,-256,2476,-293,251,-86
-15312,-288,2656,-298,217,-75
-15268,-272,2428,-300,229,-93
-15308,-228,88,-285,22541,-74
-15272,-348,2668,-296,219,-82
-15272,-244,2616,-295,247,-78
-15288,-296,2556,-309,244,-85
-15220,-320,2456,-289,222,-63
-15320,-240,2492,-283,251,-71
-15228,-168,2468,-293,246,-93
-15416,-344,2412,-272,229,-71
-15224,-240,2540,-306,233,-100
-15240,-248,2536,-303,255,-97
-15508,-320,-364,2287,228,-77
-15192,-336,2576,-268,264,-61
-15280,-360,2576,-294,210,-83
-15308,-332,2640,-306,229,-80
-15188,-252,2640,-289,243,-96
-15256,-412,2528,-297,215,-80
-15268,-268,2604,-289,266,-106
-15260,-192,2452,-303,210,-108
-15224,-280,2472,-299,235,-93
-15104,-220,2596,-294,247,-76
-15328,-180,2604,-277,268,-97
-,23915376,-2962,-326,247,-87
-15300,-248,2424,-310,214,-105
-15288,-336,2528,-297,228,-79
-15352,-316,2552,-277,256,-75
-15244,-228,2460,-295,232,-75
-15192,-244,2500,-287,230,-91
-15236,-184,2572,-280,244,-101
-15320,-271,242,2588,-291,-62
-15256,-268,2576,-281,253,-90
-15352,-228,2472,-303,246,-68
-15260,-236,2392,-299,207,-74
-15180,-232,2608,-295,259,-106
-15156,-248,2616,-295,257,-82
-15212,-240,2400,-322,242,-94
-15328,-272,2556,-317,228,-77
-15252,-236,2600,-290,239,-110
-15172,-352,2572,-298,259,-65
-15280,-292,2516,-291,234,-88
-15288,-280,2604,-295,247,-85
-15228,-304,2588,-298,241,-78
-1,2545276,-3120,-305,244,-78
-15244,-244,2608,-309,249,-92
-15348,-304,2644,-292,246,-105
-15292,-296,2496,-289,242,-73
-15164,-328,2556,-299,226,-93
-15264,-208,2572,-306,211,-71
-15204,-268,2592,-280,224,-93
-15244,-276,2628,-291,235,-108
-15348,-280,2588,-287,229,-106
-15252,-280,2572,-286,244,-81
-15220,-328,2492,-299,243,-75
-15196,-292,2572,-301,261,-86
-15272,-268,2544,-318,234,-91
-15268,-260,2568,-307,251,-104
-15344,-320,2396,-288,253,-79
-15260,-316,2484,-305,231,-91
-15244,-284,2712,-292,211,-99
-15256,-284,2684,-289,249,-95
-15292,-208,2600,-303,211,-74
-15296,-332,2652,-296,225,-89
-15244,-268,2540,-274,252,-83
-15228,-344,2596,-303,236,-72
-15224,-280,2520,-299,227,-91
-15212,-328,2632,-300,242,-93
-1,202,5320,-336,2588,-278
-15164,-284,2496,-298,201,-92
-1,202,5320,-336,2588,-278
-1,202,5320,-336,2588,-278
-15256,-324,2404,-317,238,-105
-15284,-308,2552,-292,237,-76
-15280,-304,2496,-296,225,-87
-15228,-240,2656,-287,248,-101
-15272,-228,2504,-279,242,-95
-15220,-280,2376,-319,245,-115
-15288,-324,2464,-291,256,-76
-15292,-244,2540,-309,226,-76
-15348,-176,2640,-314,241,-75
-15288,-308,2528,-288,224,-94
-15332,-260,2468,-279,235,-80
-15260,-320,2476,-293,239,-64
-15244,-156,2672,-317,240,-67
-15252,-312,2664,-296,268,-87
-15360,-284,2448,-314,236,-79
-15220,-200,2520,-307,209,-94
-15296,-220,2488,-304,240,-98
-15308,-364,2580,-292,211,-102
-15268,-284,2552,-303,195,-79
-15236,-204,2568,-285,224,-78
-15216,-296,2500,-314,261,-72
-15244,-324,2548,-299,227,-84
-15276,-316,2704,-308,233,-79
-15248,-268,2520,-313,250,-90
-15304,-264,2624,-295,209,-78
-15368,-248,2564,-303,254,-74
-15288,-288,2476,-282,239,-89
-15316,-244,2488,-295,238,-85
-15388,-344,2524,-288,229,-97
-15224,-248,2608,-289,237,-85
-15300,-284,2496,-311,209,-82
-15236,-324,2592,-294,255,-83
-15176,-316,2388,-278,252,-104
-15256,-140,2432,-293,239,-66
-15220,-232,2428,-291,208,-107
-15288,-260,2476,-277,205,-80
-15236,-252,2616,-301,252,-84
-15360,-284,2532,-300,259,-68
-15296,-276,2460,-312,228,-85
-15252,-160,2548,-275,209,-86
-15376,-308,2556,-328,278,-75
-15272,-264,2656,-329,244,-55
-1,24205284,-252,-284,229,-106
-15272,-256,2724,-312,226,-77
-15296,-264,2416,-300,250,-87
-15320,-336,2568,-288,251,-76
-15224,-272,2512,-298,207,-79
-15352,-308,2452,-288,237,-87
-15260,-224,2680,-292,232,-101
-15296,-228,2516,-295,247,-95
-15224,-264,2608,-268,210,-78
-15236,-216,2392,-309,211,-81
-15300,-340,2544,-282,247,-91
-15296,-232,2544,-291,246,-58
-15248,-224,2524,-301,257,-69
-15372,-188,2528,-271,233,-114
-15220,-272,2628,-315,228,-93
-15356,-292,2552,-301,261,-76
-15176,-368,2444,-297,252,-54
-15296,-216,2552,-314,231,-93
-125485344,-324,,-303,229,-75
-15224,-320,2572,-304,246,-82
-15228,-356,2680,-301,245,-95
-15336,-300,2516,-307,242,-88
-15288,-312,2508,-300,213,-97
-15276,-240,2572,-309,228,-89
-15300,-268,2500,-282,239,-81
-15252,-272,2712,-305,231,-86
-15268,-216,2620,-313,249,-82
-15192,-280,2568,-309,236,-72
-15288,-272,2588,-283,211,-91
-15168,-264,2340,-282,245,-100
-15284,-204,2624,-295,244,-72
-15276,-296,2444,-298,237,-62
-15168,-252,2700,-286,243,-86
-15260,-212,2504,-283,240,-91
-15260,-288,2472,-312,221,-97
-15252,-260,2668,-298,241,-91
-15268,-308,2504,-292,238,-57
-15288,-220,2476,-317,221,-94
-15288,-300,2448,-286,246,-73
-15288,-292,2540,-310,268,-71
-15228,-280,2600,-277,236,-87
-15236,-196,2528,-284,251,-84
-15304,-292,2672,-308,236,-60
-15224,-320,2520,-311,233,-54
-15200,-236,2412,-299,243,-86
-15264,-356,2548,-296,227,-89
-15280,-252,2480,-292,248,-85
-15304,-256,2484,-292,240,-93
-15240,-264,2552,-279,266,-78
-15248,-360,2596,-283,226,-80
-15232,-220,2556,-279,226,-79
-15172,-236,2456,-302,231,-86
-15212,-284,2528,-296,225,-83
-15168,-244,2396,-293,243,-90
-15300,-296,2592,-285,239,-83
-15260,-276,2456,-310,231,-84
-15284,-236,2496,-310,182,-74
-15264,-256,2504,-298,249,-81
-15308,-340,2668,-301,243,-80
-15208,-264,2596,-292,233,-83
-15304,-288,2664,-300,230,-91
-15292,-208,2568,-300,247,-88
-15224,-272,2460,-298,260,-86
-15208,-236,2604,-314,240,-111
-15276,-204,2664,-281,224,-71
-15248,-284,2560,-294,212,-93
-15168,-312,2608,-308,255,-78
-15320,-276,2488,-292,243,-114
-15352,-232,2696,-289,216,-101
-15284,-280,2516,-288,228,-72
-15204,-260,2508,-305,248,-66
-15188,-300,2552,-305,227,-75
-15312,-308,2588,-292,235,-96
-15200,-380,2516,-290,193,-98
-15260,-288,2516,-299,249,-102
-15320,-312,2504,-270,215,-65
-15252,-220,2624,-304,221,-84
-15244,-264,2564,-306,269,-93
-15276,-184,2496,-290,241,-67
-15192,-236,2460,-311,250,-87
-15284,-304,2568,-278,252,-95
-15300,-320,2544,-304,252,-89
-15260,-276,215,-9248,2604,-2
-15264,-244,2596,-312,238,-72
-15276,-292,2508,-306,232,-96
-15320,-228,2516,-297,216,-99
-15180,-280,2596,-289,240,-76
-15252,-252,2428,-296,259,-84
-15276,-352,2596,-302,228,-88
-15288,-248,2356,-303,260,-76
-15232,-228,2508,-294,221,-92
-15324,-328,2648,-277,228,-84
-15336,-276,249,-80,-293,2276
-15252,-296,2452,-295,245,-66
-15324,-240,2552,-287,232,-93
-15264,-252,2500,-284,241,-93
-15312,-280,2588,-280,263,-83
-15312,-248,2412,-284,239,-93
-15212,-244,2500,-287,237,-103
-15300,-212,2564,-303,237,-77
-15260,-240,2476,-272,245,-113
-15168,-272,2560,-299,224,-82
-15172,-260,2604,-308,237,-77
-15264,-284,2560,-296,232,-89
-15236,-160,2520,-287,236,-82
-15236,-240,2592,-323,232,-79
-15292,-184,2516,-279,222,-74
-15244,-220,2524,-294,249,-84
-15304,-336,2492,-304,233,-103
-15208,-236,2656,-280,238,-85
-15296,-332,2600,-298,250,-94
-15272,-208,2548,-270,253,-80
-15348,-172,2516,-303,211,-111
-15296,-336,2480,-323,232,-76
-15276,-312,2472,-295,226,-71
-15320,-276,2616,-294,234,-111
-15168,-304,2516,-303,239,-88
-15288,-212,2376,-299,254,-67
-15332,-260,2496,-312,239,-81
-15232,-336,2548,-284,235,-96
-15280,-268,2576,-303,224,-100
-15176,-268,2564,-280,251,-80
-15332,-304,2544,-303,207,-77
-15244,-32,220,2624,-2874,-80
-15332,-252,2452,-300,235,-86
-15276,-272,2548,-293,228,-79
-15284,-256,2544,-294,225,-96
-15288,-308,2512,-263,270,-87
-15228,-220,2516,-286,231,-100
-15300,-312,2660,-298,229,-90
-15268,-232,2628,-295,281,-86
-15256,-224,2576,-302,243,-75
-15276,-228,2516,-308,236,-96
-15276,-312,2480,-303,266,-111
-15248,-176,2732,-301,233,-67
-15252,-280,2508,-282,234,-67
-15284,-296,2608,-284,227,-75
-15260,-260,2416,-305,222,-80
-1412,-319,25244,-280,272,-87
-15220,-268,2744,-263,217,-91
-15332,-336,2424,-316,220,-107
-15288,-212,2508,-291,249,-95
-15204,-224,2604,-287,263,-74
-15312,-220,2572,-285,249,-90
-15264,-264,2440,-317,235,-81
-152572,-284,220,-376,225,-114
-15280,-316,2588,-281,273,-87
-15256,-184,2616,-280,2311524,-76
-8,-260,2516,-284,252,-79
-15212,-296,2608,-307,215,-82
-15224,-308,2484,-287,226,-99
-15212,-272,2484,-268,239,-77
-15268,-124,2380,-295,233,-96
-15356,-280,2712,-288,235,-85
-15324,-200,2456,-299,243,-93
-15280,-380,2592,-289,230,-100
-15232,-300,2540,-295,219,-90
-15216,-236,2584,-277,250,-72
-15264,-316,2544,-285,249,-78
-15208,-212,2432,-296,240,-94
-15192,-240,2500,-279,245,-95
-15324,-188,2576,-306,216,-97
-15344,-256,2636,-309,234,-115
-15212,-260,2600,-287,222,-104
-15304,-288,2564,-305,252,-89
-15272,-208,2520,-287,234,-92
-,-280,249152846,-289,222,-87
-15284,-196,2416,-295,245,-97
-15152,-292,2588,-290,277,-76
-15252,-240,255,-106,-271,2291
-15268,-328,2496,-301,225,-73
-15288,-295,60,2516,-2212,-82
-15200,-304,2456,-301,251,-78
-15284,-276,2544,-285,246,-87
-15276,-300,2544,-297,243,-80
-15192,-228,2532,-300,227,-83
-15236,-244,2572,-295,232,-92
-15212,-252,2680,-305,230,-83
-15188,-216,2604,-276,218,-89
-15264,-236,2544,-286,225,-85
-15284,-288,2636,-282,240,-94
-15220,-380,2552,-283,237,-95
-15304,-296,2508,-288,250,-96
-15244,-200,2564,-299,243,-95
-15248,-268,2580,-289,265,-118
-15240,-336,2460,-303,268,-76
-15340,-368,2632,-300,225,-71
-15344,-224,2648,-301,249,-111
-15308,-292,2748,-299,228,-85
-15264,-304,2528,-308,265,-99
-15232,-344,2488,-297,240,-80
-15276,-20,210,2620,-3131,-79
-15348,-204,2492,-292,235,-114
-15212,-316,2624,-302,228,-70
-15280,-360,2540,-299,258,-66
-15272,-284,2500,-280,228,-73
-15444,-312,2528,-302,231,-105
-15352,-224,2548,-292,232,-95
-15180,-260,2524,-310,260,-88
-15308,-340,2456,-297,223,-104
-15352,-432,2616,-300,200,-82
-15236,-280,2508,-312,235,-113
-15232,-288,2424,-275,236,-85
-15176,-292,2544,-305,232,-81
-15336,-236,2592,-288,245,-83
-15160,-308,2416,-308,256,-92
-15300,-220,2504,-282,237,-83
-15276,-340,2500,-318,237,-96
-15276,-284,2672,-309,262,-82
-15344,-248,2536,-296,220,-89
-15248,-228,2656,-286,246,-96
-15240,-288,2528,-314,245,-94
-15264,-300,2508,-280,245,-104
-15232,-372,2612,-311,222,-91
-15240,-256,2644,-290,226,-81
-15280,-284,2540,-289,237,-75
-15284,-224,2440,-287,254,-76
-15264,-216,2528,-290,226,-93
-15252,-232,2612,-290,230,-72
-15288,-264,2568,-277,227,-99
-15324,-264,2524,-286,215,-76
-15300,-332,2548,-284,215,-110
-15348,-252,2516,-303,250,-80
-15312,-200,2428,-310,237,-89
-15312,-320,2560,-291,248,-84
-15296,-304,2648,-289,248,-98
-15312,-172,2648,-275,242,-66
-15356,-316,2668,-276,239,-93
-15192,-296,2460,-300,248,-77
-15364,-252,2644,-305,255,-85
-15236,-304,2640,-270,256,-84
-15208,-212,2400,-307,219,-95
-15316,-260,2564,-304,212,-82
-15292,-204,2572,-291,212,-81
-15204,-248,2640,-300,265,-85
-15352,-284,2556,-307,254,-95
-15368,-268,2748,-303,264,-78
-15320,-304,2448,-301,229,-71
-15248,-284,2508,-282,216,-78
-15292,-360,2492,-293,224,-112
-15288,-348,2620,-288,235,-73
-15340,-288,2296,-303,230,-72
-15168,-288,2456,-292,250,-83
-15220,-244,2544,-295,256,-66
-15268,-236,2624,-286,241,-85
-15292,-264,2372,-298,233,-68
-15264,-268,2560,-309,226,-97
-15300,-240,2500,-277,237,-81
-15232,-284,2580,-305,230,-84
-15260,-276,2600,-276,253,-60
-15148,-344,2508,-284,252,-78
-15168,-272,2484,-292,214,-74
-15236,-284,2412,-297,254,-97
-15248,-296,2556,-293,229,-93
-15212,-212,2616,-294,236,-84
-15288,-192,2476,-297,256,-64
-15312,-220,2564,-276,233,-75
-15300,-212,2484,-320,240,-60
-15288,-412,2600,-279,245,-100
-15316,-192,2652,-283,245,-69
-15304,-180,2740,-311,226,-110
-15300,-216,2672,-308,230,-77
-15240,-220,2712,-288,231,-66
-15296,-328,2504,-310,232,-68
-15204,-256,2528,-288,230,-63
-15400,-260,2432,-312,264,-102
-15244,-268,2616,-282,214,-73
-15324,-340,2536,-281,235,-71
-15204,-212,2548,-286,247,-94
-15288,-248,2492,-285,248,-60
-15224,-228,2680,-294,272,-100
-15380,-248,2504,-295,272,-97
-15248,-288,2552,-297,235,-65
0,-164,2600,-294,226,-91
-15192,-264,2548,-304,245,-113
-15248,-304,2616,-305,216,-89
-15296,-240,2540,-278,242,-87
-15288,-252,2504,-290,223,-80
-15300,-364,2620,-284,239,-81
-15272,-284,2460,-274,231,-80
-15288,-312,2520,-297,224,-91
-15204,-308,2508,-288,245,-84
-15236,-328,2580,-299,231,-82
-15204,-256,2572,-292,228,-93
-15248,-228,2628,-307,231,-94
-15312,-244,2552,-315,235,-77
-15336,-324,2440,-302,243,-105
-15232,-276,2512,-289,228,-91
-1526,-38,-332,251211,232,-76
-15312,-240,2608,-297,222,-64
-15236,-272,2600,-297,230,-80
-15220,-336,2480,-293,230,-80
-15336,-276,2520,-307,232,-98
-15320,-236,2488,-291,236,-82
-15320,-244,2672,-287,245,-93
-15220,-244,2412,-283,258,-103
-15248,-212,2652,-286,238,-72
-15244,-328,2684,-309,241,-92
-15260,-272,2532,-317,230,-98
-15300,-272,2636,-316,230,-91
-15328,-268,2596,-297,243,-96
-15224,-272,2468,-297,221,-57
-15284,-188,2560,-317,215,-98
-15320,-324,2500,-294,269,-86
-15232,-340,2600,-290,247,-115
-15236,-332,2600,-298,210,-60
-15244,-268,2504,-279,271,-100
-15252,-308,2496,-302,200,-70
-15256,-364,2388,-279,221,-95
-15212,-292,2524,-304,247,-85
-15240,-260,2600,-305,260,-93
-15392,-336,2580,-295,196,-68
-15272,-336,2528,-317,232,-82
-15164,-268,2592,-307,215,-63
-15244,-220,2564,-307,255,-93
-15212,-400,2552,-279,243,-80
-15348,-308,2532,-297,260,-108
-15268,-248,2500,-306,262,-83
-15184,-276,2592,-267,246,-752840
-15328,-288,2368,-295,236,-92
-1,-340,2600,-308,251,-76
-15252,-132,2652,-304,250,-66
-15228,-268,2456,-268,216,-73
-15192,-292,2384,-331,237,-81
-15280,-228,2604,-288,239,-101
-15280,-332,2580,-300,233,-96
-15348,-204,2532,-291,234,-92
-15236,-272,2476,-294,239,-89
-15324,-224,2580,-306,263,-106
-15288,-276,2692,-305,240,-68
-15300,-344,2660,-314,227,-109
-15244,-284,2432,-294,235,-91
-15248,-232,2608,-303,240,-94
-15324,-296,2572,-286,224,-85
-15280,-224,2436,-282,249,-81
-15204,-300,2588,-285,232,-63
-15148,-344,2616,-289,232,-81
-15248,-208,2524,-299,234,-83
-15296,-304,2600,-312,235,-72
-15296,-296,2604,-309,274,-98
-15344,-212,2568,-275,248,-75
-15288,-224,2528,-282,224,-92
-15292,-320,2568,-311,226,-80
-15276,-324,2544,-284,210,-99
-15292,-224,2528,-286,246,-5240
-15292,-224,2528,-286,246,-5240
-15292,-224,2528,-286,246,-5240
-15232,-320,2608,-301,241,-69
-15316,-252,2588,-312,225,-76
-15276,-272,2472,-284,251,-81
-15276,-288,2432,-300,245,-80
-15284,-292,2612,-281,209,-83
-15232,-204,2604,-289,249,-84
-15228,-260,2500,-290,246,-95
-15328,-248,2464,-289,218,-78
-1582,199,-7308,-324,2476,-276
-1582,199,-7308,-324,2476,-276
-1582,199,-7308,-324,2476,-276
-15216,-320,2536,-300,229,-87
-15376,-144,2568,-280,226,-101
-15232,-244,2572,-291,235,-86
-15300,-232,2580,-289,241,-65
-15288,-312,2536,-266,197,-89
-15208,-308,2548,-291,264,-86
-15228,-240,2576,-323,241,-77
-15284,-216,2440,-291,227,-64
-15388,-248,2420,-308,216,-93
-15256,-192,2544,-307,234,-66
-15376,-240,2456,-288,206,-79
-15256,-288,2528,-302,241,-88
-15344,-260,2744,-292,247,-77
-15400,-316,2380,-319,260,-108
-15236,-196,2564,-307,272,-98
-15268,-292,2592,-294,211,-90
-15316,-276,2484,-287,255,-82
-15240,-276,2584,-285,209,-93
-15356,-304,2468,-297,240,-89
-15268,-212,2708,-309,225,-64
-15336,-320,2472,-279,234,-75
-15296,-224,2316,-305,245,-83
-15376,-300,2488,-282,199,-77
266,-428,2420,-317,null,null
-15236,-316,2512,-301,232,-85
-15120,-204,2632,-306,249,-78
-15188,-301,2364,2580,-11,-74
-15248,-260,2500,-306,274,-94
-15172,-232,2576,-293,211,-99
-15276,-260,2456,-292,218,-101
-15232,-256,2656,-293,248,-92
-15256,-232,2444,-306,215,-95
-15212,-288,2480,-286,223,-78
-15236,-248,2548,-296,239,-101
-15252,-232,2548,-304,248,-72
-15260,-236,2552,-302,234,-90
-15268,-400,2440,-276,264,-72
-15236,-264,2612,-310,243,-114
-15236,-260,2448,-275,231,-74
-15224,-424,2512,-288,218,-90
-15260,-244,2580,-302,221,-79
-15228,-256,2740,-300,236,-98
-15276,-328,2592,-306,228,-99
-15280,-216,2536,-288,231,-114
-1527,-466,-168,2560,-288,229
-1527,-466,-168,2560,-288,229
-15292,-272,2552,-296,257,-80
-15268,-200,2588,-285,237,-70
-15164,-320,2580,-294,239,-89
-15312,-284,2500,-304,235,-76
-15288,-260,2536,-291,252,-107
-15200,-268,2448,-328,251,-86
-15312,-204,2536,-296,246,-97
-15224,-252,2568,-306,264,-64
-15200,-216,2540,-282,228,-79
-15244,-296,2516,-287,226,-88
-15320,-224,2716,-283,255,-107
-15308,-256,2564,-319,219,-81
-15272,-300,2496,-298,243,-75
-15280,-320,2640,-284,250,-74
-15296,-328,2572,-293,228,-74
-15268,-304,2492,-299,232,-64
-15340,-248,2416,-302,238,-67
-15372,-272,2580,-308,230,-81
-15200,-316,2532,-295,234,-81
-15284,-312,2524,-280,231,-90
-15320,-380,2552,-292,235,-95
-15236,-308,2432,-308,230,-67
-15312,-312,2600,-306,242,-107
-15288,-224,2636,-290,216,-71
-15248,-332,2580,-302,221,-96
-15136,-252,2592,-302,257,-97
-15288,-224,2636,-291,260,-84
-15292,-228,2504,-297,229,-98
-15240,-268,2508,-299,243,-76
-15216,-396,2552,-290,226,-92
-15236,-288,2624,-296,269,-104
-15136,-312,2464,-296,228,-84
-15264,-384,2644,-301,243,-110
-15260,-324,2560,-284,222,-73
-15228,-276,2632,-301,243,-86
-15236,-248,2508,-303,241,-85
-15296,-220,2536,-297,200,-72
-15280,-308,2480,-289,246,-108
-15232,-132,2676,-277,226,-73
-15284,-260,2408,-295,238,-86
-15288,-220,2532,-289,239,-89
-15236,-268,2624,-297,231,-81
-15264,-256,2720,-306,267,-64
-15392,-200,2588,-302,247,-72
-15316,-308,2440,-297,247,-80
-15284,-412,2528,-292,242,-85
-15252,-168,2692,-300,213,-97
-15308,-220,2384,-299,221,-71
-15272,-264,2564,-321,241,-84
-15240,-292,2516,-312,247,-77
-15204,-340,2596,-305,231,-82
-15244,-288,2476,-309,249,-82
-15212,-260,2464,-279,235,-77
-15248,-308,2504,-312,231,-79
-15164,-288,2492,-290,257,-74
-1,-301,240,-5268,-216,2392
-1,-301,240,-5268,-216,2392
-1,-301,240,-5268,-216,2392
-1,-301,240,-5268,-216,2392
-15272,-300,2524,-302,240,-85
-15280,-256,2632,-297,211,-85
-15276,-332,2556,-312,238,-65
-15196,-280,2496,-301,225,-81
-15264,-264,2556,-308,221,-99
-15256,-236,2552,-312,224,-70
-15204,-256,2736,-292,254,-58
-15228,-380,2476,-302,231,-82
-15232,-216,2476,-294,221,-83
-15296,-240,2600,-290,221,-83
-15260,-216,2528,-300,252,-74
-15280,-244,2460,-306,216,-67
-15232,-272,2652,-308,232,-80
-15072,-260,2392,-307,236,-77
-15236,-372,2456,-295,232,-89
-15288,-268,2508,-320,216,-92
-15292,-288,2580,-281,205,-79
-15264,-312,2644,-303,244,-87
-15208,-320,2488,-294,246,-79
-15304,-312,2412,-297,235,-105
-15356,-276,2600,-294,226,-89
-15248,-288,2484,-306,244,-75
-15232,-284,2544,-304,215,-97
-15184,-328,2444,-287,266,-84
-15280,-300,2552,-287,212,-69
-15248,-336,2740,-302,277,-82
-15176,-392,2592,-305,251,-74
-15288,-212,2504,-302,226,-102
-15304,-232,2520,-296,223,-103
-15380,-324,2452,-266,223,-64
-15232,-312,2552,-303,253,-108
-15288,-244,2612,-288,233,-85
-15264,-308,2652,-292,226,-117
-15244,-320,2696,-295,235,-86
-15340,-292,2584,-298,235,-88
-15400,-260,2376,-317,262,-95
-15200,-328,2620,-311,216,-105
-15248,-276,2636,-296,232,-65
-15284,-408,2380,-304,240,-78
-15204,-120,2660,-276,231,-91
-15284,-188,2512,-311,231,-93
-15320,-28,254,2764,-2714,-74
-15228,-300,2520,-296,241,-107
-15224,-164,2540,-299,239,-88
-15272,-340,2488,-318,213,-98
-15324,-200,2388,-311,232,-84
-15184,-224,2628,-286,237,-84
-15168,-284,2448,-301,278,-88
-15260,-284,2560,-313,221,-83
-15220,-332,2728,-294,222,-66
-15212,-280,2576,-316,228,-72
-15196,-180,2544,-317,251,-78
-15276,-268,2492,-309,243,-74
-15308,-236,2504,-316,244,-110
-1526,2456,-295,234,-6756,-364
-1526,2456,-295,234,-6756,-364
-1526,2456,-295,234,-6756,-364
-1526,2456,-295,234,-6756,-364
-1526,2456,-295,234,-6756,-364
-15332,-236,2496,-291,216,-97
-15360,-376,2608,-286,247,-79
-15224,-224,2416,-292,237,-77
-15224,-252,2492,-296,218,-15392
-15224,-252,2492,-296,218,-15392
-15232,-128,2592,-313,234,-71
-15244,-268,2744,-288,259,-65
-15196,-256,2552,-294,234,-97
-15288,-296,2496,-289,255,-87
-15260,-228,2660,-294,230,-78
-15256,-164,2500,-296,232,-105
-15248,-276,2504,-300,241,-80
-15172,-208,2576,-301,258,-68
-15196,-316,2672,-281,244,-86
-15352,-296,2376,-305,237,-85
-15196,-280,2476,-289,248,-96
-15240,-320,2476,-302,210,-97
-15324,-228,2596,-283,249,-78
-15292,-260,2676,-283,232,-70
-15332,-188,2616,-305,250,-84
-15236,-336,2520,-291,247,-83
-15200,-240,2560,-300,255,-81
-15300,-244,2620,-313,225,-91
-15304,-208,2592,-285,256,-69
-15308,-316,2504,-279,214,-82
-15276,-248,2380,-270,239,-92
-15288,-248,2500,-288,245,-101
-15336,-340,2568,-278,255,-69
-15224,-316,2500,-305,244,-88
-15284,-248,2592,-308,252,-75
-15224,-204,2532,-306,204,-95
-15148,-404,2488,-299,242,-96
-15200,-240,2636,-290,251,-97
-15348,-280,2512,-301,242,-58
-15288,-192,2628,-315,239,-72
-15252,-328,2696,-293,236,-85
-15224,-244,2452,-279,249,-83
-15332,-336,2468,-313,224,-81
-15276,-284,2636,-278,239,-94
-15252,-184,2540,-297,249,-85
-15316,-292,2564,-287,210,-83
-15176,-408,2568,-273,227,-108
-15348,-264,2544,-281,220,-82
-15360,-284,2604,-281,226,-122
-15384,-284,2648,-319,228,-77
-15164,-268,2568,-281,232,-105
-15412,-228,2680,-267,243,-69
-15240,-308,2488,-311,238,-87
-15208,-328,2508,-285,216,-91
-15248,-332,2564,-298,246,-91
-15268,-184,2496,-286,253,-97
-15212,-284,2532,-284,243,-79
-15256,-204,2540,-293,242,-110
-15288,-348,2584,-291,222,-44
-15284,-276,2528,-301,246,-72
-15228,-288,2688,-311,214,-77
-15324,-336,2672,-297,253,-92
-15276,-248,2548,-273,266,-87
-15300,-292,2500,-272,232,-96
-15288,-276,2564,-301,264,-110
-152313,232,-96,-288,2436,-65
-15328,-276,2508,-292,259,-64
-15312,-264,2480,-297,214,-104
-15228,-180,2444,-303,249,-103
-15256,-240,2748,-283,257,-97
-15148,-320,2540,-268,245,-83
-15372,-260,2712,-286,243,-90
-15264,-356,2656,-309,227,-71
-15300,-228,2532,-283,214,-93
-15264,-300,2580,-311,236,-98
-15328,-256,2556,-290,239,-83
-15256,-276,2716,-282,263,-102
-15292,-344,2580,-291,242,-97
-15424,-256,2536,-299,250,-82
-15352,-264,2408,-286,248,-98
-15184,-344,2512,-269,234,-94
-15328,-336,2568,-295,228,-74
-15188,-264,2540,-300,239,-88
-15204,-220,2468,-309,234,-77
-15256,-248,2508,-279,218,-93
-15252,-224,2448,-295,248,-90
-15300,-296,2476,-302,280,-63
-15316,-308,2408,-289,229,-78
-15268,-304,2484,-318,236,-76
-15276,-280,2600,-283,216,-58
-15276,-212,2552,-314,249,-86
-15376,-260,2500,-310,229,-82
-15408,-252,2424,-280,232,-86
-15296,-268,2612,-290,232,-71
-15268,-376,2524,-294,218,-76
-15288,-292,2460,-313,248,-95
-15300,-300,2460,-301,248,-64
-15244,-288,2516,-283,233,-109
-15264,-316,2428,-287,231,-72
-15276,-316,2600,-292,245,-88
-15176,-220,2500,-281,242,-75
-15200,-336,2612,-303,242,-82
-15280,-228,2516,-292,255,-78
-15284,-316,2536,-298,251,-87
-15248,-252,2628,-263,226,-108
-15332,-304,2576,-283,231,-89
-15268,-356,2588,-305,262,-103
-15424,-196,2492,-288,245,-100
-15276,-272,2724,-288,248,-83
-15364,-344,2520,-300,223,-89
-15260,-256,2488,-298,249,-74
-15244,-276,2640,-284,234,-97
-15212,-324,2524,-290,229,-96
-15304,-248,2576,-286,236,-100
-15208,-220,2572,-297,230,-67
-15224,-296,2572,-270,241,-94
-15360,-324,2456,-295,216,-92
-15292,-312,2536,-318,243,-99
-15232,-348,2460,-307,234,-97
-15292,-288,2388,-314,251,-80
-15244,-292,2524,-291,210,-93
-15200,-244,2580,-315,220,-83
-15280,-112,2512,-316,256,-84
-15276,-296,2496,-294,227,-90
-15320,-276,2648,-298,240,-77
-15220,-216,2512,-282,249,-535276
-1,-300,2620,-322,241,-90
-15224,-192,2500,-275,234,-80
-15268,-240,2656,-285,260,-96
-15272,-344,2612,-292,232,-84
-15236,-224,2476,-283,237,-86
-15272,-172,2584,-275,244,-59
-15236,-388,2520,-303,238,-81
-15244,-256,2416,-317,191,-79
-15356,-228,2488,-304,243,-90
-15252,-248,2576,-292,231,-94
-15236,-336,2640,-296,232,-87
-15300,-244,2548,-308,248,-93
-15356,-272,2648,-302,247,-88
-15232,-208,2584,-296,234,-90
-15276,-208,2564,-277,238,-69
-15204,-340,2592,-302,232,-96
-15344,-276,2404,-293,248,-113
-15208,-252,2536,-305,235,-98
-15320,-208,2448,-297,238,-96
-15220,-284,2504,-290,233,-61
-15112,-240,2556,-299,241,-98
-15244,-384,2476,-314,261,-98
-15260,-256,2476,-310,231,-94
-15312,-268,2544,-277,219,-67
-15264,-360,2500,-302,220,-72
-15276,-256,2500,-295,235,-81
-15300,-220,2612,-318,248,-67
-15120,-296,2540,-293,234,-86
-15388,-388,2484,-319,253,-78
-15148,-244,2480,-305,235,-83
-15212,-260,2556,-302,253,-96
-15268,-244,2296,-285,246,-92
-15256,-320,2552,-299,210,-98
-15124,-352,2600,-308,244,-95
-15268,-296,2524,-287,223,-86
-15276,-336,2468,-296,243,-63
-15292,-208,2568,-294,221,-97
-15196,-288,2500,-308,265,-70
-15256,-260,2644,-276,214,-99
-15372,-212,2456,-290,226,-81
-15188,-300,2612,-306,237,-79
-15320,-324,2628,-283,239,-83
-15192,-91,2372,2564,-254,-98
-15204,-260,2488,-285,236,-85
-15208,-180,2732,-313,237,-82
-15324,-400,2544,-316,251,-90
-15312,-276,2532,-283,222,-93
-15264,-164,2592,-287,232,-118
-15324,-304,2584,-325,228,-92
-15216,-300,2512,-289,231,-82
-15288,-224,2520,-303,226,-87
-15212,-272,2596,-313,224,-103
-15272,-304,2540,-286,248,-80
-15324,-232,2468,-294,269,-100
-15244,-260,2548,-282,228,-81
-15336,-292,2548,-291,231,-93
-15268,-264,2608,-302,229,-69
-15168,-300,2572,-298,257,-85
-15272,-272,2592,-280,220,-95
-15356,-312,2408,-293,243,-90
-15328,-292,2528,-300,239,-90
-15316,-312,2468,-282,224,-81
-15216,-380,2448,-282,250,-96
-15268,-328,2612,-281,232,-53
-15236,-296,2604,-286,247,-107
-15236,-380,2464,-310,207,-88
-15300,-320,2428,-282,226,-78
-15156,-228,2584,-318,253,-76
-15260,-260,2572,-266,203,-85
-15236,-328,2640,-295,273,-93
-15332,-208,2568,-287,248,-65
-15240,-308,2528,-297,237,-110
-15280,-272,2428,-279,240,-81
-15336,-304,2568,-299,236,-87
-15248,-164,2580,-295,238,-96
-15244,-312,2580,-283,219,-69
-15268,-272,2624,-283,267,-108
-15232,-244,2620,-301,211,-67
-15284,-364,2604,-288,246,-80
-15360,-248,2480,-309,238,-15256
-15360,-248,2480,-309,238,-15256
-15300,-224,2424,-301,229,-87
-15376,-348,2560,-293,219,-80
-15272,-288,2696,-304,227,-94
-15264,-260,2468,-283,214,-70
-15368,-240,2608,-288,221,-75
-15256,-256,2544,-324,243,-94
-15328,-184,2588,-303,241,-104
-15308,-372,2528,-325,224,-51
-15164,-212,2624,-282,261,-111
-15260,-236,2652,-296,215,-60
-15288,-284,2484,-274,240,-98
-15248,-260,2508,-293,254,-111
-15420,-288,2580,-289,237,-69
-15288,-288,2504,-287,228,-99
-15220,-244,2708,-292,243,-85
-15284,-220,2516,-274,240,-85
-15312,-232,2572,-295,239,-75
-15272,-260,2592,-311,213,-58
-15304,-288,2668,-291,269,-103
-15304,-304,2432,-308,222,-88
-15344,-340,2476,-277,211,-99
-15288,-312,2424,-296,253,-88
-15276,-328,2512,-278,255,-92
-15252,-260,2584,-287,219,-90
-15212,-144,2524,-297,230,-82
-15320,-240,2448,-285,240,-92
-15380,-264,2580,-307,234,-93
-15272,-256,2564,-305,233,-76
-15272,-296,2488,-300,239,-68
-15232,-288,2652,-317,280,-116
-15212,-224,2576,-294,266,-112
-15288,-204,2652,-292,210,-64
-15400,-276,2548,-290,225,-15100
-15244,-284,2532,-286,265,-94
-288,-268,2592,-298,264,-102
-15252,-368,2472,-309,238,-91
-15344,-268,2552,-306,234,-93
-15208,-216,2540,-298,252,-87
-15232,-252,2636,-292,224,-102
-15332,-364,2524,-295,225,-80
-15308,-208,2528,-278,227,-84
-15288,-256,2400,-316,249,-109
-15224,-336,2480,-278,239,-81
-15328,-384,2528,-298,249,-79
-15244,-320,2616,-300,251,-95
-15228,-180,2620,-332,249,-113
-15200,-344,2432,-284,231,-75
-15356,-352,2656,-285,232,-74
-15328,-352,2624,-294,238,-88
-15268,-252,2472,-273,222,-98
-15144,-292,2400,-294,208,-83
-15252,-296,2524,-289,222,-79
-15284,-232,2500,-332,273,-86
-15148,-244,2580,-274,221,-96
-15268,-288,2492,-300,247,-87
-15260,-264,2504,-291,255,-130
-15212,-236,2548,-293,234,-86
-15192,-256,2432,-296,210,-90
-15240,-288,2500,-317,240,null
-15256,-268,2696,-295,240,-80
-15220,-164,2484,-314,253,-94
-15300,-268,2540,-291,242,-82
-15344,-300,2576,-295,216,-82
-15252,-216,2668,-318,236,-119
-15200,-188,2608,-296,241,-58
-15248,-288,2560,-294,224,-90
-15248,-244,2636,-285,241,-82
-15244,-264,2528,-287,212,-80
-15200,-288,2492,-287,246,-97
-15336,-208,2540,-282,245,-80
-15244,-316,2388,-298,236,-76
-15196,-248,2636,-291,242,-99
-15244,-244,2528,-299,215,-85
-15236,-280,2528,-292,241,-84
-15212,-248,2620,-299,199,-92
-15340,-288,2604,-303,252,-74
-15256,-276,2516,-299,240,-70
-15256,-196,2592,-298,207,-94
-15268,-208,2616,-278,249,-84
-15256,-276,2484,-299,255,-93
-15316,-340,2512,-281,250,-114
-15372,-216,2448,-285,212,-81
-15244,-264,2520,-306,255,-107
-15244,-184,2480,-306,247,-90
-15276,-300,2664,-281,230,-80
-15252,-272,2428,-313,228,-70
-15236,-284,2496,-321,209,-98
-15288,-272,2608,-303,242,-153100
-08,-276,2700,-290,241,-92
-15220,-244,2488,-281,242,-80
-15364,-212,2560,-307,217,-69
-15192,-316,2544,-303,227,-101
-15276,-220,2560,-292,248,-97
-15292,-300,2508,-309,229,-70
-15320,-264,2408,-302,234,-82
-15220,-288,2492,-287,269,-83
-15224,-220,2512,-300,240,-76
-15316,-284,2624,-278,238,-81
-15360,-192,2564,-287,241,-83
-15220,-276,2616,-277,223,-87
-15200,-232,2552,-270,248,-87
-15280,-332,2464,-294,203,-88
-15248,-220,2564,-293,226,-99
-15244,-228,2532,-298,237,-69
-15232,-244,2524,-289,241,-106
-15228,-288,2576,-299,265,-64
-15288,-244,2648,-302,222,-78
-15320,-308,2596,-283,231,-85
-15316,-164,2532,-290,242,-83
-15328,-172,2488,-264,237,-97
-15280,-260,2528,-303,263,-83
-15308,-304,2564,-294,222,-82
-15268,-272,2668,-286,228,-72
-15272,-392,2588,-280,259,-104
-15252,-300,2492,-298,227,-71
-15276,-236,2628,-298,251,-77
-15272,-260,2576,-298,237,-90
-15200,-208,2420,-289,261,-111
-15348,-252,2584,-295,2,-1514
-15348,-252,2584,-295,2,-1514
-15176,-208,2568,-287,211,-60
-15172,-340,2744,-308,278,-126
-15320,-180,2640,-286,219,-59
-15348,-352,2516,-287,199,-75
-15288,-248,2584,-313,292,-138
-15176,-276,2648,-287,227,-49
-15380,-300,2444,-298,247,-103
-15220,-236,2584,-303,313,-119
-15248,-308,2624,-269,174,-30
-15252,-344,2616,-296,294,-128
-15136,-240,2564,-286,210,-70
-15336,-244,2584,-308,254,-83
-15100,-216,2448,-299,193,-77
-15304,-364,2684,-303,274,-114
-15192,-192,2492,-271,214,-74
-15268,-372,2496,-300,265,-109
-15248,-164,2488,-282,216,-73
-15352,-248,2612,-286,258,-105
-15272,-256,2644,-301,230,-84
-15344,-260,2512,-282,223,-85
-15316,-292,-312,2535,246,-124
-15328,-280,2728,-291,194,-55
-15156,-116,2436,-294,221,-52
-15348,-340,2520,-289,260,-125
-15368,-360,2376,-294,212,-83
-15104,-208,2616,-298,303,-126
-15268,-240,2504,-283,138,-38
-15416,-272,2504,-311,282,-115
-15108,-160,2724,-319,286,-93
-15404,-416,2592,-273,193,-43
-15140,-368,2580,-310,293,-135
-15200,-200,2636,-286,248,-56
-15416,-364,2528,-283,181,-73
-15232,-216,2536,-312,296,-129
-15236,-284,2616,-295,219,-70
-15420,-368,2500,-300,206,-66
-15228,-276,2420,-308,271,-114
-15304,-240,2592,-294,276,-83
-15384,-292,2464,-281,180,-66
-15160,-344,2588,-295,281,-102
-15292,-200,2520,-288,215,-86
-15284,-304,2464,-302,219,-53
-15236,-268,2648,-284,243,-99
-15328,-320,2684,-302,233,-90
-15284,-284,2588,-281,243,-89
-15220,-216,2472,-290,250,-89
-15332,-304,2568,-305,227,-67
-15396,-284,2556,-291,239,-95
-15232,-292,2552,-300,207,-98284
-15372,-356,2544,-304,248,-69
-15248,-204,2580,-296,249,-105
-15260,-344,2464,-272,236,-103
-15116,-260,2632,-284,252,-86
-15312,-300,2536,-314,211,-91
-15336,-244,2476,-311,254,-79
-15328,-244,2528,-305,244,-107
-15196,-208,2472,-282,247,-92
-15292,-348,2568,-298,219,-65
-15288,-264,2584,-297,248,-81
-15268,-280,2580,-287,217,-82
-15256,-268,2648,-279,234,-96
-15284,-228,2508,-292,279,-78
-15188,-328,2536,-293,249,-81
-15256,-276,2576,-302,226,-74
-15236,-264,2484,-308,220,-106
-15272,-296,2524,-294,239,-75
-15332,-244,2664,-295,239,-5380
-15332,-244,2664,-295,239,-5380
-15368,-188,2552,-307,206,-81
-15328,-360,2592,-304,249,-102
-15236,-332,2472,-298,235,-8248
-15236,-332,2472,-298,235,-8248
-15236,-332,2472,-298,235,-8248
-15256,-148,2612,-311,231,-92
-15328,-312,2640,-284,216,-81
-15244,-300,2600,-286,269,-70
-15308,-344,2520,-310,195,-89
-15316,-300,2496,-292,212,-101
-15192,-308,2508,-304,278,-78
-15284,-192,2468,-282,237,-80
-15352,-284,2400,-309,231,-83
-15180,-296,2700,-286,225,-75
-15236,-284,2416,-299,231,-86
-15292,-312,2396,-280,241,-84
-15308,-268,2576,-293,227,-97
-15164,-288,2480,-278,246,-8340
-15164,-288,2480,-278,246,-8340
-15308,-308,2520,-317,226,-96
-15320,-160,2628,-301,246,-83
-15224,-328,2588,-305,208,-87
-15132,-216,2428,-306,234,-86
-15268,-228,2568,-308,231,-73
-15244,-340,2448,-301,204,-99
-15288,-308,2720,-271,270,-109
-15356,-192,2508,-281,221,-90
-15336,-204,2564,-305,263,-83
-15292,-284,2496,-283,232,-75
-15336,-188,2488,-296,228,-72
-15224,-312,2516,-277,233,-98
-15372,-444,2412,-297,249,-92
-15272,-208,2652,-307,232,-94
-15400,-260,2356,-281,277,-106
-15332,-132,2504,-299,205,-87
-15176,-240,2568,-283,188,-81
-15288,-344,2396,-292,298,-93
-15360,-252,2684,-287,186,-71
-15280,-276,2684,-307,272,-122
-152532,-295,344,-312,194,-66
-15236,-244,2812,-314,302,-120
-15252,-172,2384,-266,164,-44
-15300,-228,2472,-286,198,-39
-15408,-268,2636,-300,314,-125
-15364,-256,2656,-299,275,-132
-15136,-180,2544,-297,205,-54
-15240,-388,2612,-314,230,-107
-15200,-212,2568,-258,227,-93
-15324,-320,2436,-301,205,-75
-15228,-228,2584,-287,284,-104
-15164,-284,2556,-280,194,-71
-15344,-308,2584,-273,273,-100
-15332,-112,2628,-318,235,-77
-15232,-356,2452,-286,201,-76
-15256,-232,2668,-302,270,-113
-15236,-160,2520,-287,193,-68
-15244,-340,2500,-288,247,-99
-15192,-204,2676,-285,239,-94
-15300,-272,2516,-292,236,-88
-15228,-212,2660,-301,269,-98
-15436,-292,21,-600,-304,2552
-15280,-300,2664,-300,249,-117
-15244,-260,2448,-287,227,-84
-15244,-296,2588,-280,231,-104
-15260,-300,2532,-298,233,-84
-15212,-296,2592,-278,280,-84
-15328,-220,2512,-290,224,-98
-15312,-228,2524,-274,206,-96
-15304,-204,2620,-294,250,-108
-15252,-256,2504,-291,213,-55
-15272,-276,2412,-303,244,-95
-15244,-244,2456,-283,205,-70
-15308,-428,2500,-299,291,-104
-15348,-240,2532,-290,234,-101
-15296,-340,2584,-310,232,-105
-15268,-168,2596,-315,229,-94
-15316,-416,2488,-290,236,-84
-15152,-96,2560,-296,217,-87
-15276,-324,2544,-288,290,-115
-15216,-256,2740,-285,194,-98
-15280,-260,2544,-307,258,-107
-15308,-260,2556,-271,231,-76
-15124,-368,2500,-302,271,-54
-15276,-312,2512,-296,236,-113
-15268,-252,2528,-275,239,-70
-15268,-228,2600,-317,196,-84
-15352,-288,2652,-286,201,-108
-15292,-340,2568,-304,263,-96
-15222,-28,-280,25194,222,-96
-15200,-328,2508,-274,285,-80
-15420,-324,2564,-330,225,-92
-15248,-280,2472,-281,246,-73
-15208,-316,2652,-309,228,-94
-15248,-232,2648,-299,219,-109
-15224,-272,2588,-294,231,-94
-15264,-192,2720,-302,224,-7204
-15264,-192,2720,-302,224,-7204
-15264,-192,2720,-302,224,-7204
-15380,-204,2468,-300,229,-81
-15308,-256,2604,-295,231,-65
-15300,-272,2492,-292,219,-106
-15328,-328,2516,-286,262,-90
-15200,-308,2580,-296,217,-81
-15164,-300,2588,-293,233,-75
-15176,-296,2444,-291,219,-101
-15260,-300,2696,-321,240,-94
-15252,-300,2536,-303,237,-86
-15192,-316,2652,-310,230,-76
-15268,-220,2624,-328,240,-93
-15208,-288,2464,-288,232,-73
-15268,-256,2532,-289,240,-95
-15248,-320,2516,-297,234,-96
-15300,-296,2536,-293,236,-93
-15388,-348,2536,-284,250,-114
-15216,-176,2428,-284,212,-71
-15324,-264,2588,-301,255,-97
-15268,-316,2588,-311,205,-57
-15284,-204,2612,-291,243,-91
-15336,-288,2484,-288,217,-57
-15188,-312,2644,-310,242,-116
-15228,-340,2456,-308,215,-83
-15352,-268,2484,-277,219,-114
-15276,-256,2452,-298,236,-90
-15220,-324,2480,-292,260,-107
-15276,-300,2560,-302,243,-86
-15228,-280,2504,-294,240,-74
-15276,-324,2384,-287,241,-89
-15244,-284,2560,-300,240,-65
-15184,-132,2564,-318,237,-86
-15236,-332,2520,-273,204,-88
-15304,-328,2556,-267,232,-94
-15396,-248,2504,-307,239,-71
-15308,-364,2576,-275,207,-66
-15276,-240,2616,-311,288,-100
-15208,-184,2584,-276,247,-92
-15252,-340,2540,-289,208,-58
-15372,-228,2516,-298,244,-94
-15184,-308,2564,-293,224,-71
-15304,-268,2544,-302,267,-109
-15336,-268,2592,-304,266,-90
-15312,-200,2504,-315,219,-85
-15328,-284,2464,-302,223,-95
-15300,-320,2496,-286,269,-108
-15232,-260,2596,-295,217,-78
-15328,-328,2608,-309,250,-90
-15284,-296,2580,-285,217,-77
-15256,-304,2604,-289,227,-91
-15292,-336,2592,-300,239,-106
-15316,-224,2680,-312,273,-82
-15264,-180,2512,-278,248,-81
-15280,-284,2672,-301,241,-96
-15288,-256,2476,-294,234,-85
-15352,-340,2576,-296,241,-121
-15276,-288,2568,-281,254,-104
-15188,-252,2512,-289,241,-83
-15340,-252,2672,-274,221,-52
-15404,-324,2384,-293,229,-89
-15340,-312,2312,-318,268,-111
-15148,-164,2524,-297,266,-94
-15248,-256,2664,-291,212,-44
-15356,-264,2672,-284,236,-90
-15332,-284,2444,-320,271,-92
-15304,-256,2520,-289,241,-119
-15212,-220,2552,-282,259,-79
-15344,-324,2496,-290,211,-54
-15268,-348,2600,-276,219,-92
-15228,-316,2556,-301,257,-119
-15404,-144,2580,-302,276,-96
-15184,-172,2644,-287,230,-83
-15304,-412,2472,-286,215,-61
-15256,-324,2452,-314,213,-103
-15268,-276,2560,-289,237,-128
-15280,-228,2592,-287,240,-101
-15296,-160,2496,-323,289,-114
-15228,-240,2728,-288,227,-51
-15280,-320,2448,-280,237,-81
-15352,-336,2384,-309,237,-101
-15252,-120,2744,-290,218,-80
-15240,-256,2564,-296,236,-84
-15244,-280,2644,-290,228,-62
-15264,-244,2500,-287,217,-63
-15312,-264,2520,-298,231,-116
-15268,-104,2496,-302,257,-114
-15256,-152,2544,-323,258,-112
-15216,-332,2568,-311,254,-100
-15300,-232,2676,-298,195,-79
-15384,-356,2728,-286,241,-83
-15260,-172,2544,-288,239,-80
-15256,-256,2624,-302,236,-81
-15228,-192,2432,-304,249,-68
-15256,-148,2520,-270,234,-95
-15300,-312,2428,-307,225,-75
-15248,-308,2440,-294,252,-121
-15244,-256,2640,-291,236,-89
-15356,-208,2564,-320,238,-83
-15252,-304,2656,-296,248,-83
-15312,-352,2528,-296,257,-61
-15256,-300,2740,-299,248,-87
-15308,-236,2516,-270,220,-79
-15256,-264,2444,-287,219,-70
-15248,-304,2368,-298,225,-81
-15328,-316,2424,-314,212,-89
-15276,-292,2468,-310,246,-88
-15096239,-172,2536,-311,null,null
-15320,-284,2516,-290,208,-68
-15304,-208,2624,-307,232,-90
-15256,-228,2604,-277,243,-105
-15244,-152,2560,-296,235,-92
-15248,-240,2576,-288,239,-74
-15248,-232,2612,-288,227,-78
-15288,-240,2604,-299,227,-55
-15408,-272,2428,-315,242,-99
-15236,-268,2712,-312,233,-118
-15272,-236,2528,-294,206,-83
-15368,-316,2532,-300,257,-72
-15300,-296,2456,-283,231,-83
-15212,-240,2504,-285,215,-71
-15284,-236,2600,-298,246,-97
-15376,-356,2596,-276,225,-57
-15256,-240,2568,-286,247,-93
-15344,-220,2564,-288,218,-90
-15301,188,-7320,-412,2640,-305
-15301,188,-7320,-412,2640,-305
-15301,188,-7320,-412,2640,-305
-15360,-256,2460,-312,253,-76
-15208,-164,2476,-306,241,-91
-15232,-256,2576,-290,243,-103
-15252,-300,2404,-282,232,-74
-15316,-164,2520,-277,235,-67
-15368,-272,2624,-302,244,-82
-15328,-236,2548,-309,221,-77
-15272,-248,2540,-274,231,-88
-15216,-240,2752,-297,204,-91
-15368,-284,2588,-295,234,-97
-15352,-208,2700,-297,269,-92
-15224,-200,2592,-303,244,-96
-15312,-320,2468,-309,240,-73
-15136,-307,2464,-244,259,-95
-15288,-328,2440,-307,231,-90
-15280,-280,2380,-296,249,-84
-15204,-276,2648,-287,226,-110
-15420,-300,2520,-292,230,-101
-152,-240,-216,266492,234,-79
-15224,-316,2700,-280,242,-86
-15332,-220,2584,-300,243,-65
-15236,-328,2420,-296,232,-73
-15188,-268,2588,-300,236,-92
-15292,-248,2580,-295,234,-75
-15276,-220,2524,-293,240,-86
-15268,-300,2516,-288,215,-85
-15280,-336,2700,-260,244,-110
-15188,-260,2620,-277,241,-92
-15240,-216,2612,-296,252,-82
-15280,-296,2528,-290,245,-90
-15352,-292,2536,-294,239,-84
-15260,-200,2492,-292,226,-99
-15224,-232,2524,-277,246,-65
-15320,-248,2568,-298,255,-85
-15296,-316,2524,-293,209,-82
-15272,-300,2608,-292,247,-96
-15356,-228,2580,-301,241,-84
-15236,-272,2576,-3,265,-97
-15296,-348,2524,-276,254,-100
-15300,-268,2656,-283,242,-86
-15304,-404,2536,-285,222,-948
-15304,-404,2536,-285,222,-948
-15264,-416,2496,-289,225,-94
-15340,-408,2560,-302,242,-69
-15256,-300,2632,-311,248,-70
-15308,-272,2488,-303,235,-93
-15268,-228,2584,-319,274,-79
-15260,-232,2488,-280,135,-108
-15232,-268,2700,-305,155,-121
-15324,-200,2576,-313,226,-94
-15192,-252,2696,-289,274,-71
-15244,-296,2572,-299,253,-97
-15268,-316,2616,-297,248,-99
-15300,-284,2420,-309,244,-80
-15292,-196,2704,-289,246,-117
-15292,-292,2560,-285,246,-112
-15184,-284,2508,-315,234,-94
-15244,-192,2624,-292,231,-98
-15284,-248,2464,-291,249,-83
-15304,-252,2536,-316,242,-96
-15232,-320,2640,-284,243,-99
-15260,-284,2552,-284,250,-84
-15268,-232,2576,-279,239,-90
-15232,-220,2416,-288,252,-89
-15248,-308,2572,-305,230,-87
-15280,-228,2612,-300,226,-99
-15288,-284,2636,-303,233,-97
-15188,-292,2624,-302,246,-114
-15220,-252,2632,-283,230,-76
-15212,-332,2732,-309,239,-80
-15164,-336,2400,-304,247,-86
-15248,-252,2560,-291,223,-92
-15324,-280,2544,-266,235,-74
-15252,-284,2560,-293,241,-92
-15268,-256,2580,-291,244,-95
-15216,-172,2556,-267,219,-71
-15288,-284,2412,-287,213,-91
-15372,-316,2612,-293,235,-98
-15236,-180,2588,-292,233,-102
-15212,-228,2512,-290,234,-92
-15312,-248,2600,-295,235,-73
-15320,-248,2428,-302,234,-88
-15192,-312,2492,-293,228,-98
-15236,-312,2552,-279,244,-76
-15304,-308,2452,-307,227,-111
-15292,-252,25,-88,-286,23796
-15252,-312,2416,-285,222,-72
-15364,-224,2496,-267,230,-105
-15252,-292,2584,-302,229,-87
-15360,-276,2356,-265,238,-101
-15248,-200,2452,-314,240,-89
-15280,-320,2648,-289,232,-15252
-15280,-320,2648,-289,232,-15252
-15280,-320,2648,-289,232,-15252
-15180,-288,2460,-294,231,-81
-15352,-148,2512,-293,266,-99
-15324,-244,2548,-302,256,-78
-15268,-272,2580,-295,229,-80
-15192,-168,2580,-286,249,-79
-15328,-328,2508,-306,212,-75
-15288,-304,2528,-310,236,-83
-15232,-328,2508,-272,231,-76
-15192,-328,2560,-277,211,-75
-15276,-316,2596,-287,254,-86
-15248,-284,2516,-283,207,-92
-15296,-284,2684,-299,255,-78
-15260,-332,2528,-288,231,-78
-15272,-248,2496,-293,255,-104
-15264,-296,2476,-274,217,-107
-15324,-268,2620,-278,263,-94
-15312,-208,2516,-314,229,-88
-15200,-260,2580,-287,226,-67
-15216,-192,2444,-285,227,-102
-15324,-324,2388,-303,227,-65
-15272,-200,2540,-301,242,-89
-15360,-308,2448,-281,222,-98
-15352,-280,2564,-292,255,-102
-15180,-216,2504,-311,252,-90
-15248,-312,2436,-309,197,-68
-15356,-312,2536,-287,249,-77
-15192,-236,2612,-278,223,-60
-15240,-296,2412,-294,247,-85
-15260,-332,2556,-296,236,-90
-15296,-320,2516,-306,255,-86
-15272,-300,2536,-303,257,-78
-15236,-236,2588,-287,230,-90
-15300,-212,2632,-283,240,-86
-15288,-232,2412,-281,227,-106
-15300,-284,2536,-296,250,-71
-15208,-308,2540,-284,253,-79
-15268,-224,2576,-282,243,-92
-15408,-152,2560,-292,226,-88
-15216,-244,2592,-288,248,-96
-15200,-324,2532,-286,252,-84
-15328,-300,2628,-304,239,-81
-15252,-244,2560,-301,253,-92
-15276,-340,2612,-307,232,-90
-15292,-300,2660,-288,236,-84
-15248,-184,2420,-313,244,-81
-15228,-240,2444,-308,207,-70
-15224,-352,2696,-309,220,-104
-15224,-312,2552,-322,242,-93
-15324,-260,2512,-305,244,-85
-15316,-212,2644,-274,228,-67
-15232,-284,2544,-291,250,-66
-15312,-276,2616,-293,250,-89
-15288,-224,2496,-287,244,-93
-15292,-232,2604,-287,223,-78
-15160,-268,2720,-309,218,-80
-15296,-308,2412,-315,245,-83
-15336,-352,2584,-299,219,-81
-15256,-252,2584,-285,227,-85
-15264,-268,2432,-294,248,-77
-15224,-272,2548,-313,222,-63
-15352,-376,2600,-295,226,-75
-15268,-276,2536,-276,260,-92
-15248,-304,2512,-317,229,-74
-15204,-212,2600,-283,246,-113
-15352,-292,2544,-308,230,-50
-15284,-256,2536,-278,241,-91
-15284,-300,2436,-277,226,-89
-15332,-248,2588,-296,245,-76
-15268,-304,2600,-279,259,-84
-15280,-220,2644,-293,227,-101
-15276,-248,2540,-310,246,-82
-15240,-288,2536,-286,200,-72
-15248,-252,2572,-305,269,-83
-15300,-272,2644,-295,214,-81
-15308,-288,2488,-294,261,-84
-15256,-304,2452,-294,260,-78
-15224,-176,2580,-285,222,-64
-15312,-224,2460,-318,253,-99
-15192,-220,2524,-282,247,-95
-15360,-296,2632,-282,217,-90
-15296,-304,2436,-298,242,-80
-15212,-236,2668,-292,241,-89
-15304,-240,2600,-314,217,-86
-152486,-3,-300,24508,240,-99
-15324,-324,2512,-293,220,-87
-15288,-300,2660,-311,238,-89
-15244,-304,2576,-296,253,-101
-15288,-340,2508,-288,231,-74
-15300,-320,2572,-321,240,-73
-15304,-256,2480,-300,264,-94
-15352,-304,2508,-286,220,-83
-15300,-220,2440,-287,243,-84
-15268,-276,2596,-311,249,-95
-15260,-288,2684,-298,239,-83
-15300,-252,2536,-305,214,-95
-15232,-228,2556,-275,242,-73
-15220,-340,2544,-300,241,-100
-15260,-272,2560,-293,228,-86
-15344,-304,2552,-291,253,-76
-15264,-220,2656,-297,243,-96
-15376,-288,2448,-288,241,-75
-15236,-260,2604,-299,230,-80
-15208,-328,2664,-299,232,-90
-15212,-288,2556,-304,249,-100
-15244,-284,2512,-293,240,-86
-15320,-248,2520,-277,239,-103
-15184,-300,2496,-285,246,-66
-15220,-228,2512,-310,249,-96
-15296,-224,2436,-264,244,-79
-15368,-216,2496,-286,262,-128
-15240,-272,2448,-291,236,-96
-15300,-364,2368,-282,232,-107
-15284,-200,2636,-299,229,-79
-15260,-324,2420,-282,253,-105
-15240,-344,2560,-312,228,-94
-15288,-240,2480,-290,225,-115
-15260,-236,2600,-302,236,-79
-15140,-256,2652,-304,223,-118
-15320,-272,2536,-282,227,-82
-15300,-232,2588,-273,256,-83
-15172,-308,2424,-301,235,-79
-15228,-244,2524,-293,239,-97
-15228,-232,2572,-285,231,-98
-15256,-284,2456,-277,239,-82
-15308,-240,2592,-288,228,-92
-15264,-356,2512,-288,227,-87
-15200,-360,2596,-295,249,-80
-15312,-232,2408,-303,238,-87
-15288,-256,2524,-324,247,-102
-15380,-336,2504,-275,232,-109
-15368,-248,2500,-282,270,-94
-15272,-200,2460,-283,248,-97
-15300,-248,2472,-273,232,-80
-15276,-316,2588,-299,241,-112
-15268,-332,2428,-299,218,-85
-15288,-324,2632,-318,262,-71
-15296,-260,2628,-296,249,-96
-15212,-288,2500,-304,236,-85
-15320,-224,2448,-289,246,-110
-15244,-220,2596,-286,239,-109
-15160,-272,2420,-291,230,-80
-15300,-180,2636,-286,223,-88
-15400,-368,2472,-292,258,-92
-15276,-180,2412,-332,247,-87
-15220,-304,2440,-286,224,-89
-15272,-276,2368,-314,228,-75
-15348,-240,2528,-290,231,-80
-15268,-244,2556,-294,241,-95
-15244,-284,2520,-283,248,-86
-15196,-300,2580,-279,253,-104
-15192,-212,2644,-288,234,-72
-15220,-212,2508,-289,223,-89
-15344,-264,2576,-293,254,-84
-15276,-236,2460,-333,229,-80
-15256,-216,2708,-313,228,-91
-15284,-248,2640,-280,244,-79
-15236,-308,2464,-279,232,-94
-15204,-296,2540,-289,232,-88
-15296,-372,2440,-306,246,-89
-15292,-260,2436,-295,238,-86
-15268,-276,2396,-289,224,-76
-15268,-300,2488,-305,234,-81
-15312,-284,2676,-279,220,-77
-15356,-284,2676,-286,249,-70
-15224,-260,2492,-286,245,-110
-15368,-276,2432,-300,219,-76
-15332,-364,2632,-301,232,-89
-15184,-260,2624,-298,236,-64
-15312,-408,2548,-297,229,-98
-15260,-252,2624,-315,272,-86
-15172,-268,2540,-281,226,-90
-15292,-260,2492,-281,246,-73
-15236,-248,2584,-301,249,-94
-15208,-268,2460,-283,252,-81
-15292,-276,2456,-292,232,-73
-15308,-264,2516,-285,253,-91
-15292,-204,2492,-287,240,-69
-15332,-336,2496,-294,252,-69
-15204,-276,2604,-292,255,-93
-15292,-324,2376,-295,215,-108
-15324,-220,2416,-285,241,-89
-15304,-256,2596,-301,259,-98
-15268,-284,2628,-274,223,-85
-15340,-352,2540,-295,236,-100
-15284,-204,2504,-304,229,-76
-15280,-316,2620,-296,251,-84
-15224,-228,2516,-289,210,-65
-15256,-400,2576,-275,236,-107
-15276,-224,2424,-297,251,-99
-15376,-352,2576,-310,222,-77
-15204,-224,2528,-281,257,-83
-15248,-212,2588,-300,227,-86
-15200,-352,2428,-292,251,-91
-15244,-308,2432,-317,246,-98
-15264,-316,2564,-289,217,-97
-15276,-300,2452,-296,234,-100
-15284,-312,2684,-291,228,-83
-15128,-196,2592,-284,217,-82
-15344,-324,2496,-293,245,-83
-15248,-228,2616,-292,253,-99
-15312,-284,2556,-303,229,-86
-15264,-352,2648,-292,242,-81
-15248,-248,2452,-307,235,-80
-15276,-268,2584,-282,245,-78
-15224,-308,2568,-296,223,-105
-15256,-200,2488,-282,235,-74
-15320,-248,2508,-303,251,-77
-15308,-248,2660,-311,240,-77
-15244,-232,2524,-300,230,-61
-15256,-320,2552,-310,230,-85
-15196,-260,2528,-285,247,-94
-15256,-308,2620,-300,258,-102
-15280,-272,2536,-278,225,-85
-15216,-268,2532,-283,239,-80
-15284,-292,2448,-303,232,-68
-15360,-232,2460,-315,239,-89
-15324,-244,2552,-300,221,-91
-15316,-264,2612,-304,255,-96
-15244,-288,2436,-316,244,-118
-15296,-228,2520,-314,234,-81
-15220,-328,2640,-284,219,-78
-15248,-272,2520,-286,244,-104
-15348,-332,2460,-287,246,-66
-15240,-292,2572,-292,266,-90
-15260,-272,2516,-283,224,-52
-15312,-300,2508,-286,236,-82
-15220,-184,2484,-297,217,-81
-15236,-252,2552,-284,255,-71
-15288,-392,2492,-313,229,-90
-15288,-276,2476,-301,199,-73
-15324,-228,2472,-302,291,-70
-15264,-324,2624,-299,235,-72
-15352,-296,2532,-315,247,-91
-15240,-296,2648,-320,248,-81
-15300,-244,2708,-298,231,-70
-15304,-300,2564,-303,231,-104
-15192,-176,2624,-283,224,-85
-15264,-328,2568,-280,217,-81
-15156,-240,2644,-278,248,-73312
-15316,-224,2560,-312,230,-93
-15220,-264,2396,-287,252,-50
-15364,-236,2592,-296,244,-85
-15284,-256,2552,-290,218,-87
-15264,-412,2520,-306,209,-80
-15248,-368,2488,-292,231,-83
-1288,258,-5288,-180,2584,-277
-1288,258,-5288,-180,2584,-277
-1288,258,-5288,-180,2584,-277
-15328,-256,2544,-264,227,-89
-15284,-288,2444,-275,226,-89
-15320,-268,2532,-293,248,-76
-15352,-324,2540,-279,257,-87
-15168,-184,2476,-310,233,-87
-15300,-256,2532,-303,248,-104
-15248,-320,2552,-315,262,-109
-15272,-276,2592,-332,247,-73
-15244,-252,2532,-305,244,-67
-15364,-192,2420,-293,268,-69
-15268,-260,2652,-291,232,-82
-15404,-256,2340,-307,213,-94
-15396,-352,2532,-302,252,-114
-15304,-312,2368,-287,230,-99
-15208,-184,2472,-293,251,-122
-15316,-252,2560,-286,244,-93
-15180,-268,2564,-299,224,-101
-15248,-336,2476,-309,242,-89
-15236,-184,2432,-285,256,-108
-15248,-312,2416,-287,240,-110
-15300,-340,2808,-301,252,-88
-15208,-272,2568,-274,244,-103
-15256,-264,2528,-304,258,-105
-15292,-300,2652,-289,247,-84
-15304,-276,2584,-296,244,-68
-15292,-220,2632,-289,228,-88
-15348,-344,2756,-297,244,-89
-15272,-336,2608,-301,224,-102
-15248,-264,2460,-301,249,-81
-15236,-244,2528,-290,222,-73
-15244,-328,2596,-295,221,-65
-15188,-200,2528,-318,280,-116
-15276,-340,2564,-299,243,-81
-15216,-216,2460,-310,215,-97
-15200,-292,46,-2560,-290,289
-15272,-268,2452,-299,252,-55
-15216,-308,2436,-288,244,-89
-15216,-324,2508,-293,253,-86
-15328,-160,2516,-310,220,-69
-15276,-340,2528,-304,251,-94
-15240,-264,2668,-304,221,-79
-15292,-236,2540,-301,251,-104
-15160,-144,2604,-278,230,-83
-15236,-240,2636,-300,216,-94
-15364,-316,2608,-302,232,-95
-15244,-324,2532,-296,215,-103
-15280,-276,2696,-319,243,-97
-15228,-272,2588,-308,249,-55
-15276,-176,2652,-275,235,-66
-15304,-312,2592,-275,219,-71
-15240,-296,2460,-302,251,-106
-15156,-292,2616,-300,223,-63
-15348,-312,2524,-299,224,-115240
-15348,-312,2524,-299,224,-115240
-15280,-280,2580,-292,242,-115
-15332,-292,2656,-315,253,-89
-15300,-384,2544,-288,202,-101
-15264,-388,2468,-289,264,-93
-15300,-204,2464,-285,233,-78
-15268,-320,2456,-301,251,-92
-15252,-268,2628,-298,229,-98
-15212,-240,2616,-294,265,-94
-15292,-296,2696,-290,235,-97
-15240,-260,2452,-298,246,-105
-15260,-304,2540,-292,226,-94
-15228,-276,2524,-312,263,-80
-15260,-212,2628,-289,227,-83
-15280,-356,2648,-282,233,-82
-15400,-220,2416,-300,269,-86
-15256,-340,2476,-302,256,-66
-15224,-308,2424,-309,244,-74
-15292,-308,2564,-300,224,-97
-12536,-2885288,-252,,238,-83
-15284,-264,2604,-275,246,-82
-15288,-340,2572,-277,227,-76
-15264,-260,2508,-273,222,-98
-15296,-308,2612,-305,265,-85
-15304,-200,2652,-279,234,-104
-15276,-364,2520,-301,275,-92
-15272,-328,2452,-287,257,-97
-15296,-188,2520,-282,252,-76
-15182,-303,2164,-212,267,-96
-15268,-260,2472,-299,258,-118
-15280,-276,2420,-293,228,-83
-15312,-296,2480,-291,230,-74
-15312,-312,2540,-296,236,-77
-15280,-324,2592,-315,229,-82
-15244,-340,2508,-297,218,-61
-15212,-332,2588,-273,251,-72
-15268,-284,2504,-305,250,-80
-15352,-336,2560,-281,217,-76
-15312,-320,2432,-289,231,-82
-15340,-27,16,2572,-30224,-91
-15292,-296,2536,-293,259,-63
-15376,-284,2684,-283,207,-101
-15220,-240,2500,-286,241,-84
-15268,-244,2440,-292,235,-77
-15288,-300,2540,-303,269,-100
-15192,-340,2508,-304,224,-81
-15220,-260,2576,-297,247,-102
-15332,-244,2504,-286,195,-68
-15228,-280,2564,-284,214,-86
-15224,-316,2492,-284,247,-85
-15148,-272,2636,-303,275,-105
-15344,-256,2584,-309,235,-94
-15344,-288,2444,-253,220,-78
-15236,-236,2540,-271,240,-95
-15216,-304,2580,-294,235,-86
-15368,-228,2652,-272,251,-121
-15368,-228,2504,-284,233,-84
-15264,-316,2604,-306,244,-83
-15324,-192,2648,-296,256,-120
-15268,-276,2564,-278,230,-66
-15244,-244,2492,-305,237,-92
-15160,-212,2600,-296,228,-73
5320,-192,2488,-282,241,-107
-15220,-232,2596,-301,258,-74
-15288,-295,2264,2444,-23,-79
-15224,-336,2580,-309,236,-99
-1564,-224,-312,25296,228,-89
-15304,-256,2616,-277,244,-97
-15256,-276,2556,-296,237,-87
-15360,-288,2668,-267,227,-66
-15292,-292,2648,-288,257,-96
-15292,-376,2540,-301,267,-69
-15228,-200,2632,-298,250,-92
-15228,-292,2576,-296,259,-67
-15200,-268,2604,-298,220,-78
-15300,-308,2496,-275,213,-80
-15236,-396,2556,-290,261,-118
-15300,-264,2612,-278,245,-84
-15128,-208,2556,-308,250,-96
-15256,-268,2520,-298,201,-78
-15320,-288,2544,-286,253,-97
-15272,-160,2640,-287,230,-102
-15292,-280,2636,-282,223,-72
-15220,-256,2524,-325,265,-87
-15200,-260,2560,-315,227,-84
-15232,-192,2520,-287,258,-106
-15224,-236,2620,-281,205,-98
-15296,-216,2532,-295,220,-68
-15428,-328,2492,-288,264,-117
-15260,-272,2608,-288,220,-82
-15216,-204,2436,-302,234,-119
-15312,-248,2444,-309,253,-114
-15332,-324,2460,-314,238,-85
-15300,-324,2608,-301,229,-87
-15200,-256,2520,-277,229,-95
-15208,-224,2580,-307,234,-77
-15212,-216,2620,-283,237,-121
-15260,-320,2576,-285,235,-61
-15300,-228,2528,-289,227,-70
-15208,-292,2536,-277,275,-92
-15248,-164,2592,-288,232,-74
-15344,-272,2484,-281,226,-116
-15168,-296,2504,-279,251,-93
-15200,-304,2480,-292,228,-73
-15276,-248,2440,-310,210,-79
-15324,-300,2536,-281,248,-101
-15384,-2,2556,-30568,231,-80
-15268,-260,2684,-304,216,-86
-15372,-228,2560,-303,240,-79
-15320,-244,2544,-290,235,-90
-15316,-212,2528,-300,233,-93
-15272,-244,2656,-295,255,-100
-15356,-220,2524,-293,231,-80
-15336,-240,2652,-298,249,-79
-15304,-240,2524,-280,256,-67
-15200,-220,2560,-308,226,-93
-15288,-240,2588,-288,219,-106
-15224,-228,2512,-290,218,-97
-15256,-152,2504,-306,222,-112
-15240,-264,2512,-300,259,-87
-15296,-308,2580,-296,238,-91
-15316,-308,2540,-308,231,-81
-15212,-344,2608,-297,223,-92
-15332,-224,2444,-278,201,-65
-15268,-344,2588,-308,221,-86
-15292,-256,2548,-299,236,-93
-15384,-280,2552,-304,225,-70
-15176,-244,2468,-291,241,-86232
-15,-292,2496,-287,241,-88
-15252,-276,2488,-288,215,-89
-15356,-212,2616,-302,205,-97
-15288,-236,2460,-297,246,-85
-15312,-308,2608,-275,229,-84
-15352,-240,2544,-283,235,-90
-15324,-284,2384,-297,222,-94
-15296,-304,2488,-307,245,-72
-15240,-296,2452,-301,230,-89
-15240,-352,2524,-301,206,-69
-15228,-244,2560,-297,230,-112
-15308,-256,2588,-303,242,-79
-15228,-272,2560,-307,255,-94
-15316,-228,2472,-313,230,-91
-15300,-356,2744,-281,233,-71
-15280,-264,2504,-293,229,-90
-15312,-192,2420,-286,247,-85
-15244,-348,2600,-281,259,-90
-15288,-340,2440,-289,223,-65
-15288,-228,2612,-274,229,-90
-15268,-240,2500,-279,248,-97
-15240,-220,2528,-294,243,-76
-15268,-356,2532,-282,212,-84
-15248,-288,2588,-307,194,-77
-15160,-276,2604,-284,264,-95
-15364,-288,2580,-282,225,-85
-15324,-344,2420,-296,239,-100
-15304,-200,2512,-291,230,-76
-15336,-272,2488,-278,227,-102
-15236,-244,2616,-320,211,-87
-15268,-232,2472,-296,228,-71
-15244,-320,2640,-311,255,-97
-15312,-232,2564,-283,231,-86
-15284,-240,2584,-283,225,-93
-15220,-208,2524,-310,234,-89
-15252,-292,2512,-291,267,-71
-15356,-204,2324,-298,217,-68
-15344,-292,2504,-296,212,-110
-15264,-220,2476,-300,232,-71
-15220,-216,2580,-306,225,-74
-15220,-344,2472,-301,240,-85
-15280,-260,2324,-284,224,-81
-15296,-293,2086,-372,241,-92
-15324,-296,2548,-284,218,-74
-15304,-264,2492,-293,261,-79
-15396,-344,2516,-303,234,-92
-15204,-232,2492,-288,223,-90
-15288,-296,2604,-312,238,-77
-15188,-240,2608,-279,227,-78
-15216,-224,2376,-313,231,-107
-15244,-340,2568,-283,219,-66
-15256,-216,2580,-284,244,-88
-15276,-320,2508,-280,250,-91
-2440,-285,15300,-244,245,-110
-15244,-316,2548,-305,216,-75
-15244,-348,2688,-296,261,-81
-15280,-256,2528,-302,242,-72
-15268,-300,2508,-277,237,-99
-15224,-268,2516,-294,226,-70
-15324,-236,2580,-296,243,-74
-15196,-240,2644,-317,250,-95
-15212,-144,2428,-297,241,-92
-15244,-288,2524,-313,230,-105
-15368,-240,2564,-301,247,-102
-15252,-336,2512,-309,246,-72
-15260,-384,2544,-299,243,-66
-15308,-244,2616,-309,239,-95
-15260,-208,2368,-278,244,-92
-15304,-316,2504,-308,228,-96
-15240,-288,2640,-283,236,-87
-15176,-240,2472,-305,221,-94
-15256,-256,2544,-289,233,-91
-15192,-272,2612,-265,246,-86
-15212,-184,2572,-273,239,-85
-15284,-308,2652,-308,237,-78
-15288,-148,2500,-284,230,-65
-15160,-296,2596,-321,251,-88
-15284,-228,2464,-306,230,-76
-15320,-352,2552,-292,278,-91
-15320,-136,2376,-305,258,-92
-15208,-208,2460,-305,247,-72
-15272,-220,2500,-296,225,-62
-15232,-236,2604,-299,237,-79
-15320,-212,2532,-295,244,-77
-15284,-348,2560,-285,210,-80
-15236,-276,2604,-306,229,-75
-15224,-328,2624,-301,243,-52
-15212,-280,2504,-289,232,-103
-15340,-256,2628,-293,225,-85
-15272,-220,2576,-305,246,-82
-15224,-300,2596,-310,230,-82
-15396,-280,2572,-294,228,-101
-15228,-268,2532,-285,246,-90
-15224,-364,2632,-286,222,-89
-15192,-248,2536,-287,253,-75
-15308,-284,2584,-288,244,-90
-15272,-388,2604,-309,213,-107
-15212,-224,2604,-299,258,-80
-15552,-220,-248,2291,232,-77
-15172,-340,2384,-310,244,-78
-15376,-292,2660,-319,225,-85
-15320,-284,2544,-290,232,-90
-15292,-260,2364,-278,230,-96
-15308,-272,2500,-302,224,-75
-15296,-272,2472,-261,224,-71
-15220,-256,2524,-304,217,-93
-15292,-288,2540,-304,240,-77
-15308,-316,2512,-282,257,-65
-15264,-292,2556,-288,257,-89
-15208,-260,2544,-298,220,-78
-15288,-288,2544,-292,242,-100
-15296,-272,2612,-295,235,-88
-15240,-304,2652,-284,233,-95
-15304,-260,2544,-267,247,-91
-15248,-212,2616,-294,239,-109
-15232,-276,2608,-298,257,-80
-15332,-248,2536,-288,236,-93
-15324,-268,2580,-273,231,-63
-15328,-296,2596,-278,217,-76
-15332,-212,2608,-277,223,-80
-15208,-324,2564,-291,215,-76
-15308,-268,2668,-286,226,-87
-15312,-364,2528,-293,228,-91
-15376,-276,2612,-310,271,-79
-15292,-224,2464,-289,236,-101
-15348,-272,2672,-286,217,-104
-15288,-296,2548,-283,236,-83
-15280,-292,2632,-298,235,-88
-15368,-156,2500,-282,256,-77
-15256,-340,2508,-280,238,-82
-15244,-272,2576,-299,244,-88
-15336,-152,2472,-307,234,-76
-15308,-281,2380,-272,252,-112
-15256,-260,2644,-288,239,-81
-15216,-268,2492,-296,238,-78
-15352,-156,2576,-307,236,-78
-15296,-220,2448,-295,244,-85
-15188,-336,2672,-320,259,-85
-15324,-300,2528,-292,254,-67
-15268,-312,2436,-294,243,-98
-15304,-256,2608,-291,214,-84
-15248,-284,2460,-311,237,-96
244,-268,2504,-294,270,-98
-15252,-284,2608,-295,213,-81
-15160,-220,2520,-284,236,-89
-15312,-240,2620,-292,264,-85
-15316,-256,2536,-287,229,-98
-15156,-312,2628,-298,256,-81
-15260,-308,2432,-284,219,-101
-15264,-288,2408,-310,276,-100
-15224,-252,2640,-285,212,-88
-15212,-308,2536,-292,256,-103
-15236,-292,2424,-285,240,-91
-15240,-268,2584,-281,255,-75
-15284,-264,2540,-277,250,-86
-15256,-224,2428,-294,226,-76
-15260,-352,2388,-302,234,-107
-15224,-288,2636,-303,220,-81
-15192,-320,2564,-310,242,-75
-15204,-288,2560,-295,269,-80
-15364,-296,2500,-289,232,-94
-15280,-304,2480,-292,233,-80
-15232,-304,2536,-308,247,-103
-15176,-304,2588,-292,227,-102
-15276,-312,2488,-304,229,-81
-15188,-248,2500,-283,239,-93
-15228,-208,2596,-294,244,-93
-15308,-372,2416,-284,237,-72
-15272,-260,2484,-292,197,-112
-15260,-256,2576,-319,246,-84
-15288,-284,2556,-282,259,-101
-15292,-164,2452,-299,247,-69
-15296,-296,2548,-303,229,-80
-15248,-200,2544,-331,225,-89
-15216,-272,2580,-289,251,-96
-15328,-308,2616,-281,239,-110
-15228,-324,2660,-288,228,-79
-15316,-328,2616,-308,262,-84
-15272,-220,2408,-292,258,-96
-15312,-324,2612,-312,242,-85
-15312,-324,2520,-314,254,-105
-15208,-248,2520,-298,234,-100
-15320,-204,2480,-291,241,-88
-15316,-372,2628,-276,223,-93
-15192,-260,2556,-299,238,-108
-15260,-304,2516,-293,227,-54
-15244,-264,2584,-290,231,-70
-15224,-284,2568,-292,221,-85
-15140,-332,2516,-311,259,-84
-15244,-296,2572,-295,21952,-97
-124,-316,2524,-301,253,-77
-15300,-256,2640,-292,227,-96
-15168,-292,2572,-287,245,-77
-15272,-336,2484,-304,254,-77
-15388,-292,2484,-302,235,-110
-15148,-296,2576,-325,250,-88
-15276,-288,2504,-298,245,-74
-15340,-256,2616,-305,239,-81
-15296,-252,2488,-298,250,-97
-15248,-176,2480,-294,22,-0
-15248,-176,2480,-294,22,-0
-15224,-288,2516,-295,232,-94
-15244,-376,2516,-283,212,-87
-15276,-256,2600,-290,253,-76
-15388,-340,2492,-268,243,-84
-152684,-,-232,262302,223,-94
-15328,-324,2460,-303,215,-81
-15300,-352,2636,-298,229,-95
-15312,-324,2416,-303,227,-92
-15244,-220,2532,-313,252,-92
-15216,-284,2664,-297,250,-91
-15288,-224,2456,-279,235,-102
-15260,-268,2452,-301,253,-69
-15256,-340,2440,-283,247,-93
-15268,-248,2608,-292,190,-71
-15164,-364,2548,-288,227,-95
-15400,-264,2368,-294,249,-77
-15308,-364,2536,-301,252,-102
-15192,-316,2608,-306,235,-97
-15252,-216,2576,-301,234,-96
-15364,-284,2436,-274,228,-95
-15312,-340,2776,-284,253,-86
-15168,-316,2520,-312,241,-74
-15300,-312,2660,-300,246,-87
-15248,-288,2616,-300,221,-70
-15344,-340,2508,-304,234,-87
-15332,-264,2372,-307,229,-87
-15164,-308,2612,-300,233,-85
-15136,-244,2456,-289,232,-74
-1,2560,-2885184,-256,230,-67
-15288,-272,2536,-306,null,null
-15252,-240,2540,-280,212,-88
-15312,-176,2484,-289,236,-88
-1583,250,-94256,-300,2476,-298
-1583,250,-94256,-300,2476,-298
-1583,250,-94256,-300,2476,-298
-15080,-340,2552,-301,251,-89
-15300,-312,2584,-289,228,-196
-15300,-312,2584,-289,228,-196
-15276,-304,2504,-296,224,-91
-15260,-272,2556,-281,234,-102
-15276,-328,2516,-311,232,-97
-15280,-200,2504,-304,216,-91
-15248,-312,2444,-300,226,-100
-15280,-248,2520,-291,235,-115
-15280,-284,2484,-309,264,-75
-15228,-216,2568,-300,231,-83
-15268,-224,2500,-289,237,-95
-15200,-232,2448,-296,229,-68
-15248,-268,2608,-314,240,-102
-15252,-244,2372,-281,201,-87
-15340,-216,2580,-312,233,-97
-15276,-192,2584,-300,217,-99
-15336,-364,2516,-270,225,-105
-15244,-264,2504,-280,253,-81
-15344,-312,2528,-278,236,-80
-15264,-416,2564,-277,245,-68
-15352,-276,2600,-322,229,-79
-15148,-316,2560,-297,229,-90
-15208,-308,2508,-285,220,-102
-15148,-200,2716,-309,220,-81
-15228,-284,2648,-287,246,-90
-15236,-304,2468,-304,251,-70
-15232,-256,2428,-291,255,-85
-15224,-172,2620,-301,209,-101
-15356,-204,2680,-287,210,-84
-15224,-236,2568,-319,259,-89
-15308,-336,2540,-283,262,-92
-15312,-312,2556,-292,220,-92
-15352,-304,2408,-297,262,-101
-15240,-268,2592,-287,246,-79
-15284,-248,2624,-299,234,-115
-15312,-256,2548,-282,208,-85
-15352,-312,2544,-296,232,-69
-15344,-248,2484,-289,225,-91
-15276,-272,2380,-309,242,-90
-15244,-220,2576,-327,237,-77
-15200,-352,2660,-290,250,-82
-15288,-236,2696,-295,219,-91
-15300,-324,2620,-296,229,-75
-15252,-232,2556,-291,250,-77
-15284,-304,2572,-302,262,-88
-15188,-384,2608,-286,229,-92
-15240,-276,2524,-291,253,-84
-15204,-280,2388,-302,220,-87
-15328,-292,2516,-291,207,-111
-15164,-356,2512,-295,207,-76
-15344,-272,2580,-298,235,-89
-15272,-248,2564,-315,264,-104
-15224,-312,2488,-266,224,-77
-15212,-304,2520,-297,243,-73
-15252,-292,2608,-302,267,-70
-15236,-272,2476,-306,249,-81
-15264,-280,2376,-298,245,-70
-15224,-284,2540,-291,235,-93
-15300,-352,2564,-289,235,-75
-15308,-280,2604,-281,263,-97
-15336,-352,2552,-285,229,-82
-15248,-284,2448,-270,239,-74
-15264,-168,2500,-288,235,-62
-15252,-324,2496,-306,250,-99
-15300,-304,2584,-316,239,-82
-15312,-252,2640,-285,227,-101
-15276,-264,2528,-281,243,-94
-15344,-280,2400,-289,251,-94
-15232,-308,2544,-287,237,-83
-15260,-192,2568,-292,247,-75
-15332,-368,2488,-276,252,-78
-15260,-256,2544,-313,213,-86
-15376,-276,2532,-282,224,-81
-15388,-88,2624,-309,224,-82
-15216,-276,2532,-303,216,-92
-15324,-316,2420,-286,234,-79
-15176,-284,2532,-282,250,-88
-15288,-300,2408,-282,267,-83
-15244,-276,2628,-313,230,-104
-15224,-308,2516,-304,216,-76
-15324,-268,2628,-296,237,-102
-15328,-344,2524,-344,256,-80
-15216,-336,2488,-290,263,-95
-15312,-280,2496,-284,269,-84
-15236,-280,2596,-301,213,-88
-15244,-216,2456,-277,247,-81
-15244,-256,2592,-318,204,-88
-15284,-216,2576,-317,227,-109
-15168,-300,2536,-299,253,-83
-15268,-204,2540,-293,246,-74
-15180,-344,2512,-302,239,-101
-15264,-240,2680,-299,231,-108
-15360,-356,2668,-279,248,-110
-15288,-200,2496,-307,226,-87
-15132,-200,2584,-279,246,-97
-15280,-344,2684,-318,237,-95
-15332,-288,2544,-288,205,-83
-15244,-276,2544,-299,215,-90
-15296,-316,2516,-290,249,-108
-15288,-328,2500,-284,228,-81
-15216,-184,2644,-278,237,-86
-15296,-340,2572,-278,230,-93
-15244,-232,2544,-309,233,-84
-15336,-276,2536,-289,239,-83
-15204,-260,2528,-289,223,-81
-15284,-344,2492,-288,222,-83
-15308,-284,2656,-296,260,-91
-15264,-248,2492,-277,237,-84
-15244,-252,2612,-294,15188,-264224
-15244,-252,2612,-294,15188,-264224
-15244,-240,2644,-324,233,-91
-15268,-348,2540,-285,256,-73
-15328,-248,2412,-267,239,-115
-15212,-256,2408,-292,236,-76
