16692,1708,-352,-266,286,-73
16748,1788,-344,-279,248,-68
16780,1788,-364,-278,267,-89
16728,1808,-492,-278,255,-82
16708,1752,-408,-270,279,-92
16756,1724,-404,-275,269,-89
16820,1676,-320,-271,258,-79
16676,1760,-348,-276,244,-59
16668,1688,-432,-295,260,-69
16748,1772,-348,-286,268,-75
16632,1696,-160,-279,242,-101
16740,1816,-292,-267,254,-64
16668,1764,-336,-293,248,-95
16752,1836,-408,-276,282,-860
16752,1836,-408,-276,282,-860
16752,1836,-408,-276,282,-860
16704,1744,-300,-269,262,-81
16700,1816,-372,-257,282,-82
16632,1768,-248,-265,276,-109
16692,1852,-312,-280,265,-83
16860,1780,-428,-270,242,-83
16780,1868,-296,-297,257,-77
16772,1872,-344,-283,230,-96
16704,1788,-448,-279,270,-103
16760,1760,-368,-278,238,-82
16696,1788,-464,-280,256,-83
16660,1808,-272,-266,253,-74
16708,1852,-332,-275,261,-97
16676,1788,-424,-273,266,-83
16672,1712,-308,-258,259,-92
16796,1740,-204,-268,242,-101
16696,1844,-404,-296,272,-98
16712,1768,-256,-296,267,-87
16828,1764,-308,-261,267,-75
16764,1800,-408,-273,286,-83
16656,1644,-476,-288,265,-89
16744,1740,-384,-262,235,-89
16816,1772,-308,-252,250,-72
16700,1704,-488,-280,261,-79
16784,1800,-404,-282,251,-73
16560,1736,-376,-268,262,-64
16808,1828,-292,-268,256,-99
16744,1836,-268,-272,233,-61
16760,1796,-480,-302,280,-96
16620,1748,-296,-266,261,-75
16688,1796,-364,-268,264,-82
16820,1764,-288,-279,243,-98
16688,1796,-268,-288,250,-74
16704,1780,-212,-256,292,-84
16712,1700,-268,-289,256,-80
16632,1748,-260,-252,263,-98
16752,1744,-328,-280,267,-103
16824,1768,-368,-270,235,-103
16728,1788,-308,-295,243,-84
16732,1732,-284,-280,241,-100
16796,1804,-352,-287,269,-80
16580,1884,-416,-287,247,-75
16760,1800,-196,-286,236,-76
16756,1696,-280,-294,282,-74
16724,1768,-240,-260,209,-86
16776,1728,-356,-273,241,-89
16624,1748,-192,-279,264,-85
16652,1768,-296,-244,225,-74
16784,1780,-336,-284,273,-88
16636,1756,-232,-278,25,1675
16636,1756,-232,-278,25,1675
16748,1828,-400,-273,256,-72
16704,1772,-496,-258,279,-70
16764,1760,-292,-255,265,-97
16796,1868,-224,-301,276,-121
16788,1728,-236,-277,273,-100
16688,1744,-464,-304,229,-93
16640,1708,-308,-267,273,-67
16688,1684,-324,-296,255,-101
16644,1724,-200,-267,268,-70
16604,1728,-364,-289,226,-89
16664,1812,-220,-285,250,-74
16776,1688,-220,-291,259,-89
16736,1828,-340,-275,230,-81
16664,1844,-384,-270,260,-109
16772,1752,-344,-278,232,-76
16708,1724,-456,-271,281,-85
16760,1692,-312,-255,281,-85
16712,1836,-364,-300,253,-94
16704,1756,-360,-270,229,-83
16740,1776,-360,-286,256,-77
16752,1780,-192,-274,228,-65
16728,1720,-408,-279,261,-98
16676,1728,-368,-273,247,-75
16728,1700,-316,-295,241,-92
16644,1720,-372,-291,253,-86
16680,1888,-432,-250,280,-84
16704,1728,-296,-283,239,-105
16704,1760,-240,-292,251,-78
16728,1784,-236,-256,264,-75
16776,1736,-352,-255,257,-73
16656,1760,-340,-285,258,-72
16596,1784,-388,-292,264,-78
16660,1800,-424,-294,255,-94
16740,1680,-260,-265,270,-86
16804,1816,-324,-290,262,-107
16676,1780,-480,-242,270,-78
16636,1828,-408,-291,281,-93
16716,1736,-260,-288,266,-78
16600,1648,-280,-254,231,-92
16744,1816,-348,-265,265,-112
16740,1760,-368,-282,270,-71
16740,1732,-232,-283,248,-90
16668,1732,-264,-289,275,-92
16752,1760,-220,-284,272,-87
16668,1788,-424,-301,262,-84
16716,1724,-224,-266,225,-93
16668,1828,-468,-288,262,-80
16780,1756,-220,-270,230,-78
16660,1740,-312,-272,268,-61
16736,1852,-316,-296,265,-104
16636,1776,-276,-266,230,-73
16644,1788,-308,-271,232,-73
16648,1772,-436,-286,251,-67
16640,1848,-208,-281,266,-81
16760,1768,-440,-276,250,-83
16660,1740,-340,-270,245,-78
16784,1692,-372,-279,212,-93
16652,1720,-344,-246,260,-75
16632,1740,-420,-293,250,-73
16712,1708,-304,-281,245,-100
16604,1740,-248,-278,277,-89
16644,1728,-292,-286,285,-79
16720,1812,-356,-282,249,-78
16652,1684,-360,-271,243,-69
16656,1908,-236,-266,252,-95
16676,1752,-352,-287,260,-100
16764,1752,-360,-279,271,-83
16772,1716,-288,-302,249,-77
16640,1784,-256,-290,279,-73
16692,1784,-268,-296,256,-92
16708,1724,-256,-262,262,-71
16632,1832,-260,-268,265,-87
16720,1808,-224,-278,259,-91
16764,1856,-336,-255,270,-92
16664,1736,-252,-287,257,-74
16664,1728,-324,-283,232,-88
16612,1768,-384,-296,250,-82
16676,1748,-332,-278,259,-72
16732,1756,-292,-254,263,-86
16652,1800,-308,-282,263,-69
16720,1828,-236,-271,248,-84
16684,1287,788,-444,-261,-89
16660,1800,-308,-265,225,-101
16780,1816,-300,-298,292,-81
16756,1764,-300,-281,258,-97
16672,1756,-504,-307,247,-72
16764,1772,-296,-282,236,-99
16728,1760,-420,-283,233,-90
16756,1820,-348,-275,287,-77
16660,1796,-164,-287,287,-82
16732,1692,-272,-282,259,-69
16720,1668,-316,-274,240,-77
16684,1804,-300,-294,302,-68
16612,1712,-272,-279,257,-85
16700,1820,-252,-276,238,-66
16744,1756,-312,-270,288,-69
16716,1784,-252,-262,218,-93
16684,1796,-360,-273,264,-82
16740,1692,-336,-311,294,-87
16720,1716,-328,-254,211,-103
16648,1800,-136,-258,276,-78
16808,1760,-256,-291,281,-82
16772,1748,-396,-289,228,-84
16688,1884,-260,-289,257,-86
16680,1720,-436,-264,267,-76
16724,1784,-312,-274,271,-81
16740,1832,-320,-284,260,-83
16764,18788,246,-368,-25,-84
16632,1796,-360,-268,265,-83
16672,1804,-280,-279,260,-88
16712,1784,-280,-266,237,-80
16668,1796,-208,-289,251,-85
16580,1716,-240,-289,277,-92
16816,1784,-392,-279,289,-85
16740,1732,-296,-290,283,-89
16592,1696,-244,-275,248,-90
16680,1732,-284,-276,244,-80
16732,1712,-284,-277,268,-69
16668,1804,-228,-290,252,-84
16708,1808,-348,-273,249,-72
16680,1688,-432,-296,266,-92
16760,1688,-156,-283,275,-79
16728,1676,-240,-290,247,-77
16756,1760,-176,-269,267,-78
16780,1816,-320,-275,265,-99
16740,1708,-340,-265,225,-77
16760,1784,-244,-287,253,-57
16680,1812,-236,-277,246,-91
2,-281,21516668,1764,-256,-301
2,-281,21516668,1764,-256,-301
2,-281,21516668,1764,-256,-301
16740,1732,-260,-279,257,-63
16680,1796,-284,-295,237,-96
16740,1768,-308,-284,263,-90
16736,1884,-204,-291,276,-83
16620,1876,-296,-290,248,-62
16776,1812,-344,-259,227,-71
16708,1732,-200,-304,250,-86
16620,1872,-384,-294,217,-83
16768,1792,-160,-298,234,-72
16660,1756,-288,-277,259,-67
16748,1772,-13260,283,-77,-2
2,-291,27616704,1820,-420,-282
2,-291,27616704,1820,-420,-282
2,-291,27616704,1820,-420,-282
16648,1724,-312,-272,270,-64
16740,1788,-236,-283,274,-92
16672,1700,-240,-269,243,-94
16720,1760,-288,-285,270,-89
16608,1728,-252,-299,273,-83
16700,1716,-320,-276,231,-73
16708,1808,-25,-9508,-285,26
16636,1776,-256,-277,251,-108
16664,1708,-304,-297,234,-74
16760,1812,-344,-287,267,-83
16644,1744,-284,-274,264,-87
16588,1760,-284,240,-392,-88
16676,1736,-400,-264,272,-74
16760,1768,-340,-280,273,-71
16720,1696,-280,-279,266,-79
16676,1668,-252,-286,257,-94
16688,1688,-252,-263,263,-64
16708,1660,-324,-284,266,-84
16712,1736,-336,-287,239,-79
16652,1700,-252,-299,268,-104
16724,1756,-364,-278,268,-73
16588,1816,-336,-295,266,-102
16744,1692,-256,-272,270,-92
16664,1756,-240,-295,252,-111
16744,1712,-272,-304,261,-69
16744,1752,-176,-280,247,-71
16664,1772,-260,-281,266,-103
16616,1728,-208,-270,287,-91
16712,1788,-224,-286,270,-76
16716,1716,-184,-280,235,-83
16716,1860,-296,-294,239,-62
16680,1748,-304,-278,272,-83
16728,1720,-388,-280,240,-84
16692,1748,-336,-303,264,-82
16720,1740,-304,-268,256,-59
16688,1672,-412,-278,227,-93
16632,1672,-304,-277,258,-94
16796,1760,-312,-291,253,-79
16676,1780,-352,-298,258,-88
16756,1740,-228,-287,287,-75
16596,1684,-288,-283,253,-110
16740,1744,-356,-287,248,-91
16652,1792,-316,-272,247,-67
16752,1704,-320,-260,258,-80
16832,1748,-340,-285,242,6656
16832,1748,-340,-285,242,6656
16680,1744,-348,-288,256,-70
16716,1740,-332,-278,263,-91
16708,1716,-216,-279,278,-73
16708,1768,-244,-270,271,-82
16652,1788,-280,-261,258,-76
16692,1748,-296,-291,253,-79
16732,1684,-168,-262,237,-89
16728,1740,-404,-263,248,-80
16756,1688,-252,-290,255,-83
16588,1764,-376,-273,255,-87
16728,1792,-224,-249,254,-101
16740,1772,-348,-256,254,-83
16676,1712,-260,-267,258,-84
16688,1812,-236,-295,239,-69
16692,1728,-264,-283,226,-112
16780,1808,-240,-279,299,-76
16788,1768,-272,-272,298,-98
16676,1784,-328,-291,289,-66
16712,1716,-328,-267,273,-73
16772,1824,-52,-273,266,-94
16652,1800,-396,-265,237,-102
16708,1828,-224,-274,207,-98
16744,1728,-168,-262,310,-81
16760,1712,-236,-268,282,-78
16752,1708,-296,-285,227,-82
16664,1796,-208,-277,249,-73
16700,1776,-200,-272,298,-68
16636,1688,-180,-285,234,-78
16624,1784,-140,-274,2791662,-98
4,1856,-128,-262,289,-90
16720,1812,-268,-285,267,-70
16692,1688,-348,-252,267,-76
16692,1692,-360,-283,276,-97
16656,1732,-372,-288,236,-59
16752,1800,-248,-301,232,-58
16736,1692,-376,-283,258,-93
16772,1768,-124,-275,257,-95
16708,1724,-136,-287,261,-101
16700,1720,-380,-288,270,-104
16652,1708,-280,-296,247,-91
16792,1704,-204,-268,257,-103
16784,1812,-188,-309,244,-77
16652,1768,-124,-295,250,-75
16752,1712,-212,-284,252,-91
16728,1768,-320,-258,247,-79
16736,1796,-380,-272,266,-93
16604,1776,-216,-287,261,-75
16692,1740,-172,-268,243,-94
16684,1652,-192,-307,250,-86
16576,1756,-280,-277,259,-94
16768,1796,-268,-273,249,-75
16596,1852,-376,-265,261,-78
16788,1724,-332,-268,241,-76
16636,1796,-368,-282,270,-84
16784,1828,-252,-269,252,-87
16652,1768,-220,-305,238,-105
16676,1688,-228,-264,278,-87
16720,1756,-284,-285,256,-83
16684,1764,-340,-245,270,-77
16592,1752,-236,-282,266,-93
16720,1828,-160,-264,270,-80
16672,1740,-248,-287,258,-63
16628,1664,-256,-264,251,-103
16856,1696,-200,-285,278,-99
16700,1760,-300,-286,246,-75
16728,1780,-116,-282,253,-95
16668,1728,-276,-265,277,-77
16708,1736,-228,-292,287,-105
16700,1740,-364,-272,261,-69
16684,1832,-256,-291,191,-106
16684,1772,-376,-267,239,-102
16748,1864,-300,-283,314,-75
16724,1756,-368,-283,295,-87
16740,1844,-336,-280,188,-85
16792,1744,-72,-278,303,-101
16728,1740,-236,-265,233,-84
16756,1716,-276,-274,232,-79
16664,1752,-180,-285,288,-66
16696,1768,-200,-271,278,-96
16712,1756,-300,-296,276,-95
16632,1764,-356,-259,278,-101
16712,1708,-284,-273,244,-80
16608,1712,-160,-269,258,-84
16644,1712,-240,-269,288,-71
16788,1868,-184,-262,250,-77
16620,1672,-360,-277,265,-72
16756,1668,-212,-281,272,-101
16792,1764,-204,-265,265,-108
16780,1764,-300,-280,256,-67
16808,1792,-240,-280,277,-83
16708,1844,-228,-303,259,-76
16592,1273,242,-8724,-296,-2
16772,1712,-220,-296,248,-62
16740,1704,-188,-284,265,-89
16716,1744,-332,-259,282,-83
16772,1788,-192,-292,233,-96
1667,-2752,1756,-88,285,-69
16676,1756,-236,-276,267,-93
16688,1728,-64,-271,217,-100
16784,1824,-328,-272,261,-98
16684,1736,-216,-314,245,-99
16716,1820,-192,-279,255,-81
16656,1740,-156,-279,264,-89
16776,1792,-312,-269,282,-99
16752,1780,-276,-288,267,-99
16748,1760,-196,-282,271,-91
16676,1788,-260,-267,254,-82
16684,1748,-244,-293,258,-88
16712,1668,-76,-288,262,-100
16796,1740,-228,-270,257,-91
16620,1680,-160,-296,249,-87
16632,1824,-244,-255,243,-66
16728,1776,-260,-269,230,-72
16716,1684,-236,-281,247,-77
16688,1784,-196,-270,271,-89
16696,1808,-432,-292,250,-83
16744,1824,-440,-271,263,-92
16620,1740,-248,-269,251,-84
16732,1744,-200,-282,252,-89
16660,1760,-216,-270,266,-87
16728,1784,-180,-269,248,-89
16600,1712,-292,-273,276,-79
16632,1784,-232,-268,265,-77
16712,1840,-276,-266,237,-76
16808,1760,-136,-280,259,-79
16796,1764,-380,-267,256,-98
16724,1706,2524,-260,-27,-67
16668,1788,-164,-271,245,-70
16700,1724,-212,-282,285,-67
16724,1768,-224,-288,260,-94
16648,1772,-268,-290,277,-85
16632,1712,-188,-274,255,-75
16656,1728,-256,-296,257,-99
16684,1772,-356,-279,268,-68
16608,1748,-128,-275,269,-77
16692,1644,-224,-300,268,-93
16688,1824,-284,-276,235,-85
16704,1724,-240,-302,260,-110
16684,1736,-200,-287,258,-90
16656,1760,-260,-263,275,-92
16684,1728,-232,-308,248,-95
16732,1716,-252,-270,252,-93
16728,1772,-268,-292,290,-101
6,-15616736,175,-300,256,-104
16772,1788,-228,-256,253,-91
16676,1756,-228,-286,278,-96
16632,1768,-200,-279,276,-94
16732,1744,-268,-271,240,-83
16652,1696,-252,-289,272,-101
16684,1768,-252,-295,265,-91
16680,1792,-200,-287,258,-68
16740,1796,-212,-277,241,-75
16724,1724,-348,-293,257,-76
16740,1680,-120,-274,252,-83
16732,1784,-100,-266,273,-87
16692,1736,-348,-281,254,-88
16780,1784,-96,-298,219,-82
16724,1772,-220,-298,237,-87
16724,1776,-88,-285,240,-91
16688,1816,-136,-280,248,-58
16652,1768,-188,-270,242,-76
16652,1784,-268,-288,244,-89
16708,1804,-304,-290,246,-83
16680,1708,-300,-269,272,-97
16740,1744,-280,-299,254,-89
16724,1796,-172,-296,268,-99
16648,1720,-268,-288,268,-85
16684,1748,-248,-279,262,-72
16744,1800,-272,-277,263,-101
16692,1768,-128,-265,266,-82
16768,1836,-344,-265,255,-97
16684,1696,-196,-264,237,-90
16584,1768,-160,-265,241,-80
16676,1688,-144,-273,252,-105
16720,1744,-112,-280,250,-586
16632,1708,-356,-271,265,-94
16720,1744,-112,-280,250,-586
16640,1776,-160,-279,267,-81
16740,1732,-256,-262,248,-88
16696,1668,-140,-287,275,-75
16692,1784,-252,-260,234,-84
16712,1720,-268,-261,236,-61
16592,1752,-236,-279,275,-94
16688,1692,-120,-294,277,-84
16664,1764,-312,-300,270,-100
16692,1274,2740,-92,-40,-79
16692,1756,-128,-303,248,-72
16720,1772,-304,-263,260,-78
16680,1712,-296,-284,279,-92
16772,1748,-252,-271,248,-72
16668,1756,-256,-254,257,-94
16712,1720,-448,-262,247,-102
16752,1796,-184,-272,228,-91
16544,1796,-100,-282,257,-53
16632,1852,-160,-257,268,-90
16596,1772,-176,-290,241,-91
16776,1768,-252,-269,246,-75
16712,1760,-192,-267,262,-77
16708,1700,-220,-272,261,-104
16648,1748,-180,-288,253,-82
16680,1720,-172,-276,265,-80
16716,1736,-328,-273,265,-100
1624,-704,1700,-156,-281,266
1624,-704,1700,-156,-281,266
16668,1764,-296,-254,275,-70
16704,1760,-300,-269,224,-87
16692,1832,-212,-284,289,-75
16604,1788,-192,-279,216,-87
16660,1828,-108,-272,281,-64
16760,1740,-180,-290,199,-110
16712,1712,-184,-284,236,-52
16736,1852,-152,-281,256,-77
16680,1756,-260,-266,280,-77
16724,1752,-164,-268,271,-76
16696,1772,-284,-245,239,-74
16688,1828,-244,-275,249,-84
166294,283,-44,1792,-128,-291
166294,283,-44,1792,-128,-291
166294,283,-44,1792,-128,-291
16696,1744,-180,-287,239,-101
16724,1832,-280,-283,268,-83
16612,1756,-288,-263,262,-92
16776,1768,-256,-285,236,-79
16624,1700,-140,-316,258,-82
16604,1708,-76,-284,262,-76
16760,1812,-160,-285,242,-81
16664,1828,-232,-265,259,-89
16700,1756,-116,-284,262,-82
1664,-8896,1840,-312,-288,251
1664,-8896,1840,-312,-288,251
16732,1804,-224,-283,213,-88
16728,1808,-312,-259,253,-85
16704,1628,-132,-270,246,-60
16736,1772,-268,-281,266,-85
16708,1720,-288,-285,264,-61
16688,1764,-188,-267,288,-87
16676,1760,-92,-273,256,-62
16672,1796,-276,-276,238,-91
16644,1812,-240,-285,248,-73
16728,1696,-276,-278,271,-95
16636,1780,-184,-280,229,-111
16724,1760,-292,-263,258,-112
16752,1784,-156,-288,271,-97
16764,1728,-168,-284,261,-64
16796,1704,-212,-260,282,-91
16756,1716,-208,-280,230,-82
16844,1776,-232,-280,231,-94
16728,1816,-236,-274,272,-84
16716,1788,-128,-268,233,-87
16760,1748,-128,-287,265,-80
16752,1728,-176,-300,265,-95
16756,1776,-216,-265,251,-69
16728,1708,-252,-273,269,-77
16692,1784,-192,-295,274,-90
16728,1680,-148,-287,253,-81
16692,1724,-168,-287,277,-70
16644,1756,-216,-305,265,-87
16728,1780,-328,-264,273,-81
16596,1744,-252,-280,262,-94
16772,1596,-300,-290,276,-84
16712,1724,-304,-277,247,-83
16768,1796,-336,-281,248,-77
70,2516708,1756,-112,-299,264
70,2516708,1756,-112,-299,264
16748,1748,-208,-268,273,-75
16736,1780,-340,-260,262,-79
16648,1876,-148,-287,227,16536
16684,1668,-320,-288,255,-103
16648,1876,-148,-287,227,16536
16820,1756,-244,-268,255,-83
16652,1684,-88,-263,241,-103
16732,1752,-204,-255,248,-92
16712,1732,-100,-282,235,-76
16736,1740,-292,-298,244,-89
16676,1712,-236,-270,237,-81
16737,-946,1768,-116,-270,253
16737,-946,1768,-116,-270,253
16628,1768,-120,-275,268,-98
16732,1792,-228,-283,263,-74
16660,1756,-168,-294,257,-106
16780,1688,-264,-280,274,-62
16692,1704,-256,-278,258,-98
16800,1720,-244,-278,250,-92
16656,1804,-348,-271,240,-84
16792,1648,-100,-282,242,-92
16732,1672,-240,-277,261,-69
16712,1752,-324,-282,244,-94
16700,1764,-88,-264,269,-85
16580,1804,-168,-285,263,-92
16748,1760,-144,-288,257,-74
16756,1680,-224,-278,272,-85
16768,1764,-272,-274,237,-67
16632,1740,-96,-284,297,-82
16688,1676,-168,-286,263,-78
16736,1656,-240,-303,232,-95
16836,1820,-352,-275,231,-93
16720,1736,-116,-269,232,-90
16684,1796,-324,-273,264,-92
16700,1744,-124,-290,286,-74
16724,1728,-52,-270,257,-86
16756,1772,-216,-292,272,-87
16648,1744,-152,-295,281,-86
16656,1736,-56,-283,282,-52
16700,1684,-260,-271,244,-94
16608,1704,-264,-286,269,-74
16644,1748,-132,-298,274,-76
16696,1692,-276,-289,273,-77
16780,1760,-136,-286,276,-105
16616,1740,-300,-272,276,-88
16688,1872,-212,-281,265,-48
16708,1824,-232,-271,263,-85
16672,1772,-132,-282,260,-81
16708,1764,-316,-290,246,-95
16736,1776,-312,-266,258,-94
16680,1744,-204,-265,263,-93
16740,1704,-48,-267,257,-84
16672,1784,-172,-280,239,-76
16692,1820,-128,-280,254,-82
16752,1652,-204,-292,266,-82
16780,1764,-256,-280,265,-87
16664,1772,-368,-311,260,-84
16644,1772,-200,-271,246,-91
16780,1788,-348,-272,236,-72
16668,1800,-264,-289,259,-95
16700,1792,-188,-308,225,-82
16680,1740,-184,-283,286,-104
16732,1832,-120,-264,240,-85
16664,1740,-84,-285,280,-100
16772,1748,-120,-266,246,-71
16664,1748,-184,-293,248,-93
16632,1780,-136,-274,262,-97
16748,1852,-132,-258,252,-106
16748,1852,-132,-258,252,-106
16648,1720,-84,-283,24916716,-93
16664,1752,-64,-280,260,-99
16656,1736,-136,-287,258,-79
,1708,-208,-273,258,-63
16740,1836,-144,-276,268,-87
16780,1760,-52,-267,261,-80
16708,1668,-220,-289,271,-67
16740,1772,-172,-275,229,-98
16676,1712,-200,-287,253,-93
16688,1812,-164,-267,240,-80
16784,1688,-44,-256,256,-114
16776,1796,-176,-258,261,-80
16684,1828,-104,-282,257,-69
16728,1752,-236,-278,248,-96
16628,1856,-40,-296,262,-95
16708,1828,-204,-275,233,-80
16676,1740,-216,-278,226,-88
16724,1736,-224,-263,247,-73
16712,1816,-264,-285,267,-81
16752,1704,-188,-268,246,-97
16644,1732,-152,-285,248,-97
16596,1796,-212,-296,285,-62
16712,1740,-220,-284,245,-61
16628,1740,-192,-300,273,-87
16660,1720,-200,-274,288,-89
16744,1720,-120,-274,288,-92
16640,1748,-96,-290,212,-89
16760,1764,-76,-276,185,-112
16736,1732,-108,-282,246,-104
16692,1716,-148,-287,240,-85
16696,1804,-76,-294,267,-69
16628,1776,-440,-286,278,-78
16652,1828,-196,-294,270,-88
16688,1628,-256,-278,252,-88
16708,1772,-296,-295,250,-83
16684,1760,-140,-283,270,-62
16684,1760,-84,-282,260,-111
16728,1752,-180,-287,249,-87
16684,1768,-252,-294,249,-82
16636,1760,-168,-296,260,-72
16712,1680,-164,-269,252,-85
16720,1820,-160,-287,228,-79
16744,1728,-212,-288,272,-92
16668,1696,-200,-280,255,-82
16716,1700,-152,-272,233,-89
16752,1736,-196,-291,266,-78
16788,1728,-144,-280,261,-90
16756,1744,-148,-302,238,-96
16708,1660,-144,-306,266,-6760
16708,1660,-144,-306,266,-6760
16708,1692,-208,-292,247,-86
16648,1788,-296,-299,274,-88
16724,1700,-36,-300,266,-73
16652,1708,-104,-280,232,-71
16604,1800,-280,-287,246,-54
16804,1700,-136,-287,268,-80
16612,1672,-284,-283,271,-102
16776,1732,-144,-263,280,-81
16884,1840,-264,-289,267,-100
16752,1776,-200,-266,244,-67
16612,1780,-52,-264,247,-86
16684,1784,-164,-258,223,-97
16792,1772,-128,-268,257,-75
16740,1780,-164,-303,264,-91
16652,1744,-124,-293,225,-64
16660,1680,-208,-271,291,-76
16724,1808,-64,-295,255,-86
16716,1776,-72,-317,227,-95
16684,1768,-120,-279,271,-85
16700,1836,-264,-285,288,-65
16676,1680,-160,-284,281,-59
16720,1852,-128,-283,237,-67
16572,1736,-196,-269,236,-83
16672,1716,-224,-273,295,-98
16684,1828,-172,-285,261,-100
16620,1664,-168,-277,242,-73
16804,1740,-284,-294,247,-92
16624,1840,-372,-275,248,-69
16608,1788,-120,-267,261,-72
16732,1704,-148,-261,236,-106
16720,1744,-148,-279,257,-72
16720,1744,-148,-279,257,-72
16768,1732,-160,-268,239,-92
16696,1724,-192,-271,266,-84
16740,1788,-128,-281,257,-77
16664,1688,-44,-298,270,-80
16736,1668,-256,-283,270,-73
16708,1676,-176,-296,255,-104
16676,1808,-284,-280,245,-72
16672,1740,-164,-277,256,-63
16676,1768,-316,-262,258,-81
16708,1768,-220,-268,277,-80
16644,1756,-36,-269,237,-82
16620,1736,-108,-293,256,-71
16820,1780,-116,-262,264,-98
16688,1728,-48,-251,266,-67
16660,1724,-248,-279,264,-79
16644,1748,-124,-261,247,-80
16744,1852,-136,-281,246,-85
16608,1792,-200,-281,241,-78
16604,1644,-156,-267,248,-63
16696,1764,-152,-289,255,-110
16720,1752,-152,-279,258,-71
16700,1776,-192,-269,262,-83
16768,1752,-156,-302,270,-74
16720,1784,-128,-268,259,-77
16772,1804,-144,-284,252,-97
16732,1788,-212,-284,256,-90
16736,1784,-60,-279,256,-97
16640,1772,-112,-296,272,-64
16652,1644,-144,-268,240,-86
16644,1708,-200,-268,262,-97
16696,1704,-160,-273,259,-96
16772,1644,-244,-259,255,-67
16636,1652,-100,-297,284,-88
16752,1716,-228,-268,258,-102
16712,1704,-124,-280,268,-69
16664,1660,-64,-293,216,-71
16820,1772,-116,-280,250,-78
16736,1812,-244,-284,245,-98
16604,1872,-216,-286,256,-58
16680,1724,-168,-266,268,-74
16624,1832,-272,-285,258,-99
16684,1784,-208,-271,236,-74
16740,1736,-316,-278,272,-98
16656,1784,-100,-263,234,-80
16708,1712,-228,-272,253,-88
16676,1852,-216,-302,260,-76
16700,1716,-196,-280,242,-75
16660,1748,-232,-264,249,-89
16692,1784,-132,-294,286,-96
16600,1688,-136,-273,295,-98
16664,1660,-168,-273,262,-83
16692,1728,-40,-298,253,-99
16764,1812,-196,-276,null,null
16664,1768,20,-260,256,-72
16704,1760,-188,-272,242,-96
16708,1684,-232,-276,257,-82
16732,1732,-100,-284,270,-69
16628,1864,-172,-262,270,-72
16676,1768,-208,-283,246,-102
16752,1748,-160,-283,248,-87
16656,1744,-124,-288,245,-79
16696,1664,-104,-269,232,-73
16720,1720,-76,-276,259,-84
16664,1772,-320,-285,264,-87
16712,1704,-160,-290,246,-86
16636,1724,-196,-277,238,-67
16728,1724,-80,-291,219,-62
16616,1784,-76,-253,259,-80
16712,1720,-200,-272,259,-76
16616,1684,-212,-277,225,-69
16760,1712,-120,-285,235,-66
16652,1696,-336,-286,274,-91
16684,1748,60,-280,234,-90
16616,1788,-208,-266,261,-84
16648,1660,-172,-282,250,-106
16708,1868,-240,-285,256,-81
16804,1740,-188,-277,246,-84
16804,1808,-104,-283,260,-112
16760,1700,-184,-274,267,-80
16748,1712,-248,-279,246,-80
16720,1848,-196,-290,265,-86
16676,1740,-252,-263,259,-102
16688,1776,-176,-289,243,-73
16676,1732,-72,-284,271,-86
16756,1692,-188,-260,271,-94
,-152,-24316668,1812,250,-70
16684,1856,-140,-260,277,-65
16588,1736,-184,-281,274,-82
16680,1696,-176,-278,267,-66
16648,1740,-272,-260,239,-82
16672,1688,-160,-282,258,-102
16656,-40,1660,-1281,255,-80
16756,1696,-160,-297,250,-75
16676,1880,-200,-300,227,-79
16716,1792,-196,-292,259,-71
16756,1800,-208,-251,260,-75
16632,1784,-156,-295,245,-83
16600,1700,-228,-278,257,-84
16692,1780,12,-249,242,-73
16632,1740,-232,-300,232,-93
16660,1668,-136,-279,231,-79
16696,1696,-212,-277,256,-68
16732,1700,-108,-268,250,-68
16708,1800,-148,-258,235,-99
16664,1660,-256,-295,250,-107
16560,1856,-188,-282,286,-55
16744,1748,-216,-284,238,-91
16792,1776,-184,-261,272,-99
16784,1812,-120,-292,269,-94
16708,1640,-136,-282,263,-86
16684,1728,-352,-295,232,-76
16660,1704,-208,-278,266,-88
16676,1728,-160,-284,28166806,-57
,1752,-132,-289,261,-93
16732,1720,-364,-272,260,-92
16684,1700,-16,-268,270,-86
16724,1720,-212,-273,261,-92
16672,1728,-116,-261,265,-86
16724,1732,-180,-290,247,-91
16680,1744,-76,-280,255,-94
16736,1792,-200,-268,257,-91
16616,1708,-256,-289,244,-94
16852,1720,-104,-263,254,-62
16644,1732,-140,-276,256,-74
16728,1712,-64,-276,270,-82
16724,1724,-76,-284,238,-94
16680,1752,-92,-288,226,-81
16640,1712,-92,-281,273,-74
16632,1700,-236,-256,225,-96
16736,1800,-124,-279,278,-81
16688,1724,-180,-290,290,-75
16592,1796,-112,-281,284,-82
16756,1836,-84,-280,270,-67
16684,1740,-164,-275,268,-81
16716,1700,-88,-273,257,-101
16740,1648,-140,-295,254,-97
16664,1684,-112,-291,243,-83
16624,1696,-128,-262,235,-71
16636,1712,-48,-286,226,-90
16588,1640,-80,-300,265,-87
16608,1692,-72,-269,254,-74
16704,1852,-40,-276,239,-103
16696,1796,-76,-268,279,-73
16660,1804,-84,-273,258,-97
16680,1668,-204,-311,256,-96
16588,1768,-180,-288,259,-79
16580,1720,-96,-294,270,-93
16696,1828,0,-266,240,-94
16608,1796,-80,-268,296,-94
16664,1748,-236,-294,285,-69
16676,1780,-320,-297,269,-82
16788,1680,-172,-260,211,-86
16796,1816,-320,-272,309,-71
16796,1708,-24,-287,238,-95
16712,1796,-180,-286,245,-100
16724,1784,-12,-269,287,-92
16652,1804,-240,-295,263,-78
16684,1728,-176,-285,259,-101
16676,1776,-136,-281,256,-84
16692,1736,-108,-277,249,-59
16660,17289,248,-104,-26,-84
16628,1888,-216,-280,243,-84
16652,1748,-228,-295,248,-62
16664,1668,-160,-266,245,-77
16692,1772,-28,-282,261,-90
16744,1736,-104,-283,264,-66
16656,1768,-180,-283,260,-68
16708,1732,-88,-298,243,-80
16524,1776,-56,-275,249,-87
16592,1812,-44,-258,278,-96
16736,1748,-204,-275,255,-90
16788,1572,-12,-304,244,-83
16720,1776,-92,-289,247,-78
16636,1760,-44,-276,260,-93
16808,1684,-28,-283,263,-103
16576,1764,-180,-273,252,-77
16776,1696,-148,-281,251,-72
16696,1776,-244,-268,272,-97
16768,1776,-152,-290,265,-78
16700,172875,-,-76,-261,2103
16720,1736,-128,-288,247,-89
16688,1808,-204,-276,265,-71
16656,1776,-216,-276,238,-79
16692,1704,-64,-258,274,-97
16544,1712,-172,-276,265,-85
16740,1760,-148,-271,261,-94
16784,1820,-80,-285,266,-58
16684,1768,-128,-274,276,-109
16732,1792,-208,-274,232,-99
16672,1772,72,-281,249,-94
16696,1712,-136,-283,258,-86
16684,1708,-180,-272,251,-89
16636,1780,-104,-274,232,-92
16724,1820,-4,-280,247,-75
16712,1792,-32,-265,254,-72
16580,1680,-336,-270,264,-77
16720,1660,-156,-249,251,-75
16708,1800,-20,-268,222,-105
16744,1704,-56,-266,267,-83
16732,1688,4,-291,251,-92
16756,1876,28,-284,257,-86
16652,1732,-44,-273,248,-72
16744,1808,-160,-280,262,-92
16656,1748,-68,-280,270,-94
16708,1756,12,-283,239,-75
16792,1696,-160,-277,252,-72
16740,1720,-132,-262,270,-105
,-1316716,16882,-299,236,-76
16780,1788,-96,-257,254,-78
,-164,-28516656,1752,243,-79
16772,1724,-128,-283,251,-82
16740,1756,-252,-272,260,-84
16564,1784,-16,-296,242,-96
16800,1712,-200,-276,248,-57
16772,1820,-164,-291,260,-93
16644,1736,-232,-284,260,-85
16624,1748,-180,-291,243,-101
16684,1820,1,-846,-261,276
16712,1728,-40,-283,226,-83
16720,1688,-68,-282,260,-99
16684,1772,-212,-273,274,-113
16612,1764,4,-276,286,-96
16764,1740,32,-273,248,-93
16728,1812,-152,-284,254,-102
16736,1736,-28,-272,261,-84
16620,1712,-132,-289,282,-76
16784,1764,-40,-288,236,-85
16708,1740,-168,-309,229,-85
16700,1720,-156,-293,262,-87
16636,1760,-252,-284,279,-74
16656,1836,-196,-283,245,-85
16712,1760,-148,-284,245,-90
16652,1752,-148,-288,238,-95
16716,1772,-152,-287,259,-80
16716,1796,-136,-288,273,-92
16740,1704,-96,-297,263,-78
16720,1796,-56,-272,270,-79
16740,1812,-228,-257,226,-91
16680,1788,-68,-272,251,-85
16816,1676,-172,-294,247,-69
16756,1720,-100,-268,285,-91
16720,1780,-228,-276,252,-90
16704,1696,-100,-268,244,-107
16660,1808,-188,-290,249,-83
16720,1800,-180,-271,259,-94
16660,1740,-176,-258,230,-65
16672,1760,-112,-285,267,-89
16640,1768,-156,-276,244,-82
16684,1820,-20,-293,271,-91
16676,1772,-204,-268,255,-98
16728,1728,-36,-276,239,-87
16660,1720,-116,-260,256,-94
16676,1764,-116,-270,254,-91
16788,1736,100,-281,237,-71
16684,1728,-16,-271,237,-79
16676,1804,-136,-284,236,-72
16640,1744,-84,-282,271,-77
16744,1688,-128,-261,275,-95
16684,1768,-144,-267,247,-83
16696,1672,-148,-270,244,-96
16688,1720,48,-282,245,-81
16668,1640,-92,-290,282,-83
16724,1768,-112,-275,241,-73
16668,1792,-284,-270,269,-100
16748,1672,-204,-279,232,-74
16644,1860,-112,-266,260,-88
16664,1768,-76,-285,263,-88
16592,1772,-52,-264,227,-94
16592,1672,20,-285,233,-80
16648,1764,-80,-282,265,-81
16664,1684,12,-247,255,-94
16804,1768,-240,-275,244,-81
16712,1712,-164,-274,252,-85
16724,1804,-140,-285,251,-70
16648,1804,-116,-295,252,-87
16652,1712,136,-263,240,-85
16764,1808,-44,-275,243,-85
16672,1772,-60,-275,241,-96
16656,1752,-172,-279,270,-93
16692,1736,-140,-277,258,-79
16752,1760,-289,260,,-132
16632,1736,-108,-272,263,-84
16752,1760,-289,260,,-132
16752,1760,-289,260,,-132
16752,1760,-289,260,,-132
16664,1732,-24,-271,242,-85
16752,1692,-240,-274,251,-98
16720,1768,-28,-277,243,-90
16656,1764,-104,-273,250,-73
16716,1664,-212,-269,260,-89
16712,1816,-160,-272,294,-99
16664,1744,-104,-273,284,-82
16688,1740,-132,-270,262,-113
16612,1780,-32,-292,228,-97
16720,1716,-68,-275,228,-81
16744,1744,-56,-285,275,-80
16728,1616,-136,-259,278,-78
16616,1716,-268,-296,236,-114
16752,1732,-112,-283,252,-100
16716,1760,-212,-256,274,-92
16648,1816,-88,-250,245,-65
16716,1664,-32,-272,291,-79
16720,1744,-116,-302,274,-94
16568,1648,-284,-262,275,-96
16668,1688,-72,-298,254,-104
16672,1784,-192,-268,278,-98
16660,1716,-116,-271,261,-92
16664,1720,-104,-275,278,-88
16704,1676,-160,-282,257,-84
16756,1804,-124,-283,244,-102
16748,1728,-220,-258,251,-91
16704,1824,-192,-290,265,-73
16676,1684,-104,-304,299,-73
16664,1740,-104,-263,250,-92
16720,1772,-104,-305,222,-69
16664,1836,-20,-277,253,-82
16740,1732,-116,-283,248,-81
16668,1708,-156,-295,252,-76
16624,1688,-228,-270,278,-77
16664,1760,-68,-285,252,-89
16648,1772,-248,-284,287,-70
16676,1736,-180,-267,258,-94
16616,1728,-192,-282,260,-68
16684,1800,-160,-279,240,-89
16684,1780,-180,-267,236,-76
16660,1836,-180,-281,244,-103
16676,1812,-88,-272,250,-76
16628,1732,0,-283,266,-65
16652,1824,-212,-275,248,-72
16624,1748,-72,-301,253,-68
16712,1732,-56,-276,245,-103
16664,1772,-104,-285,244,-89
16672,1760,-8,-273,255,-89
16664,1772,-16,-272,242,-79
16768,1756,-120,-289,255,-106
16668,1756,-124,-285,252,-86
16720,1724,-256,-277,257,-76
16700,1740,-148,-279,254,-71
16784,1796,-152,-264,277,-86
16664,1784,-160,-275,274,-71
16708,1832,-48,-280,265,-73
16704,1832,-124,-276,252,-93
16680,1660,48,-289,241,-93
16668,1740,-184,-270,244,-95
16728,1756,-32,-267,269,-89
16700,1820,40,-282,246,-64
16624,1756,-48,-273,222,-73
16696,1792,-100,-266,233,-89
16632,1764,-120,-280,260,-94
16756,1756,-76,-289,251,-73
16680,1716,-4,-313,244,-93
16668,1772,-36,-284,249,-75
16672,1744,-96,-291,243,-66
16664,1740,-156,-271,241,-87
16704,1804,-204,-293,254,-65
16720,1832,-168,-280,275,-72
16664,1832,-36,-273,258,-86
16680,1696,-44,-265,232,-102
16688,1716,-136,-304,262,-94
16720,1760,72,-277,255,-64
16676,1732,-124,-288,261,-92
16624,1800,-108,-278,234,-91
16684,1672,-140,-267,231,-87
16720,-172,-264,1888,-60,-306
16720,-172,-264,1888,-60,-306
16720,-172,-264,1888,-60,-306
16760,1716,8,-280,264,-93
16668,1720,-60,-271,248,-80
16656,1792,-40,-280,255,-71
16648,1692,-244,-318,231,-63
16696,1772,-72,-292,227,-95
16652,1824,-64,-277,233,-81
16572,1692,-72,-270,248,-82
16696,1608,-160,-281,229,-74
16748,1768,-60,-261,252,-86
16696,1780,-164,-243,247,-91
16632,1720,-80,-281,239,-72
16720,1740,-4,-305,238,-92
16636,1792,-120,-279,257,-115
16704,1708,-32,-281,254,-
16704,1708,-32,-281,254,-
16704,1708,-32,-281,254,-
16760,1752,-248,-292,212,-94
16644,1720,-140,-303,276,-98
16748,1760,-180,-280,260,-66
16672,1748,-20,-261,252,-101
16752,1660,-116,-269,279,-94
16796,1700,72,-286,226,-78
16716,1692,-40,-263,251,-75
16632,1732,-204,-252,239,-83
16776,1784,-136,-295,247,-91
16776,1748,-152,-279,243,-82
16764,1784,-88,-288,266,-88
16708,1756,-60,-268,282,-76
16792,1764,32,-267,228,-85
16704,1800,36,-279,258,-84
16684,1712,-88,-301,264,-85
16700,1776,-72,-293,231,-89
16708,1776,-64,-298,233,-96
16612,1760,-32,-273,264,-94
16732,1760,-44,-281,268,-72
16740,1668,-156,-299,255,-89
16656,1692,-212,-277,264,-100
16660,1712,-40,-289,247,-84
16632,1772,76,-272,250,-77
16696,1744,-36,-292,218,-100
16700,1740,-72,-285,268,-88
16748,1756,-128,-280,269,-70
16756,1772,-44,-292,246,-91
16724,1720,-64,-280,254,-68
16796,1716,-68,-259,260,-75
16696,1800,-100,-288,274,-99
16724,1784,-128,-266,244,-99
16796,1680,-72,-277,268,-70
16648,1812,-220,-270,242,-78
16784,1688,-84,-285,246,-98
16732,1728,-12,-277,256,-91
16648,1712,-56,-273,264,-83
16620,1728,-148,-277,255,-768
16620,1728,-148,-277,255,-768
16620,1728,-148,-277,255,-768
16708,1800,-92,-269,285,-76
16692,1748,-136,-264,251,-80
16744,1696,-208,-276,244,-83
16600,1700,-24,-292,244,-74
16620,1776,-88,-273,259,-65
16652,1824,-136,-278,261,-88
16752,1712,88,-298,253,-67
16744,1676,-176,-275,240,-86
16732,1812,-128,-281,245,-82
16708,1720,-56,-261,261,-86
16688,1800,-160,-278,265,-89
16720,1764,-88,-259,234,-86
16716,1708,-120,-273,264,-87
16780,1640,20,-271,243,-62
16664,1716,-96,-271,272,-88
16692,1732,-108,-293,267,-78
16740,1680,-288,-277,260,-80
16852,1692,-220,-275,253,-97
16652,1760,-96,-270,244,-90
16724,1676,-132,-290,291,-91
16668,1844,-164,-275,248,-83
16692,1756,-80,-272,279,-78
16728,1684,20,-277,256,-85
16644,1700,-48,-266,270,-99
16736,1844,-212,-271,244,-69
16684,1812,-64,-299,256,-61
16596,1748,-8,-277,273,-82
16644,1772,-52,-278,257,-89
16628,1808,-40,-287,256,-98
16688,1700,-180,-280,238,-99
16668,1808,-152,-276,271,-93
16676,1680,-116,-302,2,16668
16676,1680,-116,-302,2,16668
16664,1756,-208,-272,231,-72
16732,1748,-100,-252,255,-87
16664,1756,-128,-279,275,-80
16712,1728,-184,-268,250,-77
16596,1708,-124,-263,257,-82
16676,1796,12,-287,273,-85
16656,1660,-68,-286,248,-90
16616,1680,-116,-273,254,-97
16692,1784,-204,-273,239,-80
16764,1796,-200,-277,240,-90
16688,1708,-164,-268,239,-80
16700,1676,-52,-291,246,-111
16712,1760,-20,-276,239,-95
16792,1720,-184,-273,228,-79
16724,1652,84,-286,293,-94
16708,1664,-56,-297,215,-107
16724,1784,-28,-281,165,-102
16736,1724,-52,-289,286,-88
16592,1796,-84,-277,254,-81
16748,1700,-132,-283,235,-97
16644,1744,-136,-292,301,-84
16696,1748,-16,-264,251,-79
16692,1788,-148,-285,291,-70
1,267,6624,1752,-100,-273
1,267,6624,1752,-100,-273
1,267,6624,1752,-100,-273
16572,1728,-96,-305,224,-89
16624,1716,12,-282,264,-85
16684,1668,-68,-292,268,-106
16500,1736,24,-279,218,-84
16592,1776,-92,-280,268,-86
16676,1692,12,-294,239,-90
16640,1836,-12,-301,251,-94
16872,1768,-40,-300,298,-88
16680,1768,28,-282,267,-97
16636,1740,20,-282,256,-104
16672,1892,-184,-282,240,-69
16652,1748,-24,-281,243,-91
16708,1692,-28,-281,279,-75
16720,1764,-48,-287,270,-114
16732,1732,-216,-286,257,-103
16672,1620,-100,-276,256,-85
16728,1764,68,-280,199,-82
16700,1648,84,-288,302,-82
16608,1644,-168,-280,273,-78
16748,1672,-108,-260,218,-98
16712,1752,-196,-281,246,-61
16612,1740,-148,-290,221,-64
16696,1692,-20,-276,296,-85
16732,1724,-136,-289,214,-80
16696,1696,4,-290,234,-87
16644,1788,-176,-287,277,-73
16632,1720,-164,-293,249,-73
16736,1704,-128,-280,267,-88
16696,1752,68,-295,279,-77
16696,1676,-128,-262,258,-88
16680,1724,-176,-284,238,-89
16800,1672,-188,-265,239,-87
16732,1656,12,-291,231,-72
16660,1720,68,-283,240,-71
16748,1668,-72,-279,262,-83
16748,1636,72,-270,271,-95
16712,1720,-92,-241,259,-68
16740,1684,-288,-270,151,-100
16728,1712,-32,-264,223,-92
16644,1788,-116,-264,310,-69
16652,1732,-56,-278,254,-83
16720,1828,20,-273,216,-93
16632,1800,-132,-262,265,-84
16636,1696,-228,-300,265,-87
16600,1680,-244,-261,265,-85
16536,1804,-88,-268,282,-65
16732,1692,-284,-266,228,-78
16628,1676,-172,-291,286,-72
16728,1692,-180,-269,223,-79
16712,1784,-20,-270,220,-91
16616,1752,-216,-306,294,-73
16600,1732,-60,-294,234,-79
16784,1804,-76,-267,32,16632
16732,1708,12,-275,263,-93
16784,1804,-76,-267,32,16632
16784,1804,-76,-267,32,16632
16560,1660,-84,-281,249,-76
16744,1764,-156,-276,269,-76
16692,1764,-108,-274,238,-81
16676,1704,-12,-259,286,-107
16624,1772,36,-278,284,-70
16604,1728,104,-285,234,-84
16680,1716,4,-268,239,-89
16740,1712,40,-285,263,-83
16704,1764,-44,-271,253,-79
16744,1736,-148,-300,234,-103
16700,1720,-104,-280,263,-103
16648,1680,44,-268,270,-88
16716,1752,0,-281,263,-82
16724,1696,-220,-286,228,-79
16700,1680,32,-270,253,-101
16556,1756,-156,-272,251,-71
16700,1804,-224,-271,255,-99
16624,1728,44,-285,279,-81
16692,1748,-12,-263,241,-81
16680,1712,4,-289,240,-78
16560,1768,-164,-299,271,-66
16856,1748,-12,-269,261,-68
16652,1752,-164,-281,264,-82
16688,1772,-140,-279,255,-72
16716,1708,-72,-270,285,-86
16688,1664,-80,-300,258,-72
16680,1728,36,-283,235,-87
16692,1772,-124,-277,283,-80
16792,1764,-236,-273,248,-95
16716,1820,-128,-272,245,-73
16672,1764,92,-268,238,-81
16748,1704,12,-283,270,-82
16744,1736,-48,-283,207,-82
16748,1740,-88,-291,240,-88
16680,1716,48,-279,295,-78
16548,1732,64,-284,301,-90
16740,1656,-100,-281,230,-69
16780,1784,-4,-284,233,-64
16636,1792,-64,-307,299,-76
16652,1672,-76,-272,278,-73
16628,1740,-32,-279,238,-77
16784,1820,12,-272,262,-97
16672,1680,-120,-296,267,-81
16620,1712,-284,-297,293,-90
16692,1656,-76,-295,295,-84
16744,1824,-48,-271,271,-96
16680,1836,-144,-270,225,-67
16644,1716,-88,-266,278,-93
16684,1704,-36,-266,229,-118
16764,1676,-12,-305,227,-81
16692,1816,-48,-270,263,-74
16632,1748,-24,-305,250,-77
16684,1880,-72,-287,217,-88
16652,1716,-236,-284,280,-97
16660,1732,96,-289,237,-67
16612,1752,-6261,189,-108,-4
16756,1708,-16,-286,230,-86
16692,1772,-36,-269,283,-86
16704,1712,-56,-286,227,-84
16656,1756,-160,-281,252,-96
16728,1648,-40,-254,292,-64
16748,6,-92,-267,225,-69
16576,1704,-80,-259,244,-91
16628,1764,-12,-279,274,-74
16640,1788,28,-266,293,-79
16748,1744,-40,-283,273,-84
16736,1792,-88,-277,256,-78
16724,1740,4,-268,272,-94
16796,1736,-80,-256,273,-76
16652,1692,-32,-242,246,-103
16720,1736,-148,-273,255,-98
16696,1740,-56,-266,295,-85
16684,1724,-60,-301,247,-99
16692,1744,-65,-7100,-269,24
16708,1676,-56,-298,238,-113
16676,1700,-76,-298,249,-72
16672,1776,0,-277,256,-92
16700,1760,64,-287,299,-91
16676,1688,-60,-263,245,-99
16768,1744,-16,-289,239,-87
16632,1696,-80,-286,259,-64
16652,1656,-56,-298,264,-108
16664,1680,-44,-287,257,-90
16790,-272,1696,-89,250,-99
16756,1684,-24,-281,239,-84
16716,1764,-120,-262,274,-74
16700,1704,-8,-257,264,-86
16664,1636,132,-265,253,-94
16696,1760,-164,-277,259,-102
16692,1708,48,-262,263,-69
16700,1752,-204,-279,254,-86
16624,1672,8,-272,270,-88
16772,,-120,-270,251,-64
16696,1720,96,-294,277,-88
16664,1712,-176,-269,242,-86
16676,1732,4,-275,227,-84
16684,1744,28,-275,232,-91
16664,1672,-120,-258,261,-70
16548,1696,-76,-289,262,-81
16736,1660,116,-260,258,-72
16740,1792,-176,-265,259,-59
16728,1708,-12,-300,257,-84
16632,1732,-168,-257,240,-84
16720,1676,-156,-287,252,-72
16620,1780,52,-290,265,-89
16688,1792,1,-74,-267,264
16672,1692,-20,-292,239,-72
16708,1776,-68,-287,236,-78
16716,1764,16,-287,234,-106
16724,1764,-208,-285,261,-84
16664,1728,-36,-291,266,-97
16716,1816,-116,-262,243,-74
8,1748,-7216744,1684,-144,-297
8,1748,-7216744,1684,-144,-297
8,1748,-7216744,1684,-144,-297
16776,1732,-84,-267,259,-82
16728,1776,16,-283,258,-103
16688,1740,-104,-292,290,-54
16748,1788,-104,-286,236,-83
16696,1732,-96,-285,214,-90
16652,1656,-40,-278,270,-94
16700,1744,64,-280,253,-92
16648,1732,-136,-261,282,-91
16660,1704,72,-280,270,-74
16708,1740,-96,-288,249,-90
16716,1668,-124,-290,258,-83
16788,1760,48,-298,258,-95
16604,1720,60,-293,217,-94
16592,1760,-40,-264,273,-86
16660,1768,-72,-278,271,-81
16776,1788,-104,-292,275,-91
16584,1780,-72,-278,244,-80
16612,1736,-128,-292,277,-78
16656,1704,-104,-292,200,-85
16672,1684,-92,-273,267,-79
16532,1760,0,-263,295,-87
16628,1796,84,-290,215,-78
16728,1788,-44,-283,242,-89
16732,1708,68,-272,255,-91
16676,1696,-140,-287,262,-76
16688,1740,128,-294,233,-96
16664,1736,112,-296,252,-84
16648,1696,-216,-278,255,-89
16648,1656,-68,-285,231,-53
16736,1740,84,-273,285,-86
16696,1764,-24,-279,24916708,-87
,1776,-56,-302,255,-59
16836,1772,28,-288,239,-93
16664,1664,-52,-267,228,-77
16708,1704,-8,-308,243,-109
16692,1688,-32,-278,232,-107
16736,1688,160,-292,277,-108
16720,1716,-132,-275,285,-88
16788,1756,-200,-304,251,-85
16760,1752,-76,-287,258,-67
16656,1600,28,-275,276,-100
16736,1704,-160,-284,256,-101
16676,1764,76,-292,255,-84
16692,1740,132,-289,245,-93
16688,1756,0,-295,268,-82
16596,1784,-72,-272,239,-94
16744,282,1748,220,-258,-86
16696,1792,-52,-269,260,-78
16700,1692,164,-258,262,-64
16764,1792,-108,-262,253,-82
16652,1716,-60,-282,234,-89
16680,1704,-224,-273,258,-80
16748,1716,-156,-275,263,-90
16616,1648,164,-269,253,-97
16616,1728,-148,-282,247,-93
16748,1700,-92,-277,247,-87
16752,1744,100,-309,226,-87
16776,1756,-32,-264,269,-93
16672,1716,-80,-292,240,-75
16636,1688,-64,-283,259,-84
16676,1784,152,-275,241,-86
16708,1804,-8,-277,266,-72
16640,1836,-48,-278,271,-78
16720,170,287,-11256,-52,-29
16724,1624,-60,-259,252,-86
16556,1704,-28,-303,295,-71
16724,1800,-36,-286,255,-85
16592,1788,52,-271,279,-94
16672,1660,-32,-8104,-283,28
16684,1660,8,-271,302,-80
16656,1732,-124,-266,253,-100
16700,1696,-144,-269,255,-101
16592,1608,-92,-293,248,-96
16720,1768,-188,-302,210,-64
16652,1676,-176,-292,262,-89
16716,1736,-88,-272,248,-76
16748,1768,-88,-290,255,-82
16704,1756,56,-279,260,-69
16708,1760,-84,-270,286,-74
16664,1732,-80,-283,236,-87
16640,1620,-136,-299,244,-76
16712,1728,20,-281,279,-54
16704,1716,32,-280,259,-944
16704,1716,32,-280,259,-944
16728,1676,-40,-289,250,-90
16740,1732,-136,-282,274,-64
16700,1788,-84,-265,267,-62
16628,1748,36,-296,264,-88
16756,1700,-24,-279,265,-97
16664,1744,-108,-284,240,-68
16636,1636,-4,-295,262,-86
16632,1740,-28,-277,237,-87
16668,1704,112,-267,239,-88
16684,1692,-8,-281,257,-80
16684,1716,0,-299,244,-77
166212,293,-844,1808,-13,-1062
166212,293,-844,1808,-13,-1062
166212,293,-844,1808,-13,-1062
16676,1720,-28,-282,242,-83
16620,1688,-56,-302,241,-85
16664,1740,0,-274,278,-106
16672,1676,4,-253,270,-59
16628,1692,-144,-277,273,-108
16684,1777,2664,-76,-23,-72
16752,1680,-136,-278,268,-85
16676,1700,-108,-273,258,-77
16660,1716,-72,-282,252,-78
16680,1664,92,-309,240,-69
16656,1696,8,-279,248,-96
16760,1780,-136,-276,244,-79
16604,1692,68,-280,227,-102
16664,1760,-132,-296,250,-81
16672,1672,-16,-281,242,-90
16648,1764,-112,-282,227,-6756
16648,1764,-112,-282,227,-6756
16572,1784,-84,-290,247,-77
16736,1760,0,-285,249,-89
16676,1744,16,-275,266,-80
16692,1720,12,-282,256,-76
16708,1748,-40,-270,254,-87
16676,1712,-68,-284,255,-74
16648,1692,-152,-281,247,-73
16732,1808,8,-305,233,-87
16708,1740,32,-272,232,-82
16736,1688,-24,-284,255,-85
16720,1760,72,-286,255,-99
16624,1736,-80,-290,255,-92
16632,1732,60,-277,230,-83
1271,1788,52,-291,null,null
16636,1636,0,-304,267,-85
16588,1716,128,-295,208,-79
16760,1800,132,-279,199,-81
16796,1716,-68,-294,239,-108
16724,1732,68,-284,284,-79
16732,1752,-80,-299,275,-62
16696,1732,24,-276,214,-83
16668,1732,-84,-313,266,-90
16756,1744,20,-284,233,-75
16696,1736,-100,-279,276,-76
16808,1768,-64,-295,307,-72
16696,1728,-16,-295,234,-100
16728,1760,-28,-264,268,-102
16652,1704,-44,-288,239,-96
16732,1732,112,-309,199,-82
16620,1792,-80,-293,292,-93
16744,1748,32,-301,247,-93
16696,1768,-32,-274,240,-105
16724,1776,-124,-286,260,-80
16692,1804,20,-251,295,-92
16660,1728,-12,-273,227,-109
16716,1712,-108,-291,259,-94
16752,1672,-48,-283,276,-70
16716,1856,-24,-279,242,-72
16740,1620,-212,-284,253,-89
16800,1724,-132,-274,234,-83
16724,1764,80,-279,225,-88
16660,1736,-72,-282,251,-112
16608,1788,-24,-277,270,-102
16724,1740,-108,-285,250,-100
16716,1760,-124,-259,249,-85
16596,1720,-9,-984,-319,261
16648,1736,4,-275,260,-102
16696,1740,-80,-284,256,-113
16844,1728,-76,-269,228,-69
16636,1696,-244,-279,268,-84
16620,1712,-8,-294,239,-102
16608,1748,-72,-275,265,-84
16752,1640,-156,-301,233,-83
16628,1732,-168,-288,251,-92
16744,1712,-92,-277,239,-109
16720,1656,44,-265,253,-105
16752,1712,48,-276,262,-94
16704,1744,-184,-280,256,-87
16676,1720,-64,-297,263,-73
16744,1692,-56,-270,251,-79
16652,1748,-96,-274,243,-89
16732,1784,-56,-278,213,-96
16724,1776,40,-263,263,-97
16640,1836,-4,-278,268,-99
16732,1752,-64,-297,223,-88
16724,1692,-136,-285,259,-88
16636,1744,-84,-281,271,-109
16712,1672,-88,-293,238,-86
16772,1668,-164,-264,252,-88
16728,1784,208,-289,281,-106
16664,1688,4,-284,254,-76
16756,1680,-40,-286,240,-84
16644,1616,-24,-255,262,-79
16672,1712,-56,-261,252,-75
16560,1712,24,-278,273,-96
16836,1728,-36,-270,281,-91
16684,1788,-16,-270,246,-94
16760,1756,-68,-272,261,-103
16636,1724,-36,-302,254,-79
16728,1708,-28,-269,254,-78
16728,1796,40,-279,258,-76
16748,1688,-72,-247,229,-76
16716,1872,-120,-283,260,-71
16660,1792,-72,-289,230,-92
16660,1772,52,-280,243,-91
16676,1720,-80,-281,267,-81
16696,1648,-116,-258,274,-84
16672,1660,72,-293,242,-84
16636,1704,-44,-279,249,-812
16636,1704,-44,-279,249,-812
16668,1724,-140,-268,262,-64
16676,1772,-92,-283,235,-118
16676,1808,-256,-306,258,-90
16720,1660,168,-282,260,-82
16768,1636,12,-278,246,-81
16688,1744,68,-283,245,-100
16700,1668,-60,-280,252,-88
16572,1672,184,-297,240,-74
16652,1796,-112,-284,248,-114
16632,1772,-108,-280,266,-72
16744,1724,96,-279,268,-88
16680,1676,-20,-269,281,-81
16696,1572,-80,-299,263,-84
16688,1824,-72,-284,269,-96
16564,1736,-88,-273,292,-69
16620,1756,120,-277,244,-90
16672,1696,148,-257,205,-65
16696,1760,-8,-286,290,-71
16640,1772,-84,-293,294,-85
16760,1696,-100,-280,202,-112
16732,1876,-60,-286,292,-84
16656,1764,-28,-288,267,-72
16780,1756,-52,-273,187,-93
16672,1712,-52,-284,241,-64
16632,1756,64,-284,263,-80
16740,1768,0,-292,287,-88
16760,1780,-24,-306,249,-82
16708,1676,96,-287,265,-90
16708,1764,-60,-288,257,-73
16704,1732,-112,-288,249,-91
16684,1776,-8,-297,247,-94
16736,1768,-12,-294,246,-89
16712,1680,-108,-285,260,-88
16668,1700,40,-306,269,-93
16652,1780,-48,-274,255,-90
16636,1732,48,-264,227,-86
16664,1736,-44,-287,283,-93
16784,1784,104,-293,270,-110
16632,1672,36,-299,236,-97
16696,1796,68,-288,261,-88
16700,1740,-16,-284,293,-78
16700,1804,-124,-281,266,-91
16764,1732,-124,-288,271,-77
16760,1756,-56,-266,243,-81
16580,1728,-52,-276,281,-93
16640,1616,-4,-282,251,-99
16728,2591764,-16,-,229,-73
16644,1780,-32,-279,238,-86
16648,1736,-36,-284,254,28
16788,1780,-120,-278,227,-71
16648,1736,-36,-284,254,28
16648,1736,-36,-284,254,28
16660,1716,-136,-278,265,-83
16780,1748,-24,-268,255,-86
16712,1684,-4,-285,261,-113
16632,1660,128,-287,271,-90
16652,1748,-16,-271,246,-84
16676,1688,-20,-295,268,-96
16744,1712,-156,-277,248,-85
16784,1672,-16,-268,252,-84
16676,1720,-168,-293,260,-74
16692,1668,-84,-274,288,-86
16532,1760,-132,-250,255,-75
16604,1760,-100,-273,252,-116
16688,1676,20,-281,262,-1752
16688,1676,20,-281,262,-1752
16688,1676,20,-281,262,-1752
16644,1672,-64,-293,264,-62
16712,1688,-28,-279,250,-84
16648,1816,-56,-277,273,-78
16664,1716,56,-306,260,-88
16712,1716,-32,-315,245,-75
16724,1668,56,-307,235,-83
16724,1740,124,-266,224,-58
16668,1732,-36,-293,238,-76
16684,1804,-92,-275,263,-76
16732,1772,-24,-279,286,-77
16652,1760,108,-279,248,-82
16704,1708,-52,-304,278,-74
16784,1748,16,-262,283,-81
16668,1772,-140,-268,233,-80
16668,1768,-84,-280,249,-82
16708,1680,-80,-266,270,-95
16748,1800,28,-284,242,-70
16716,1740,-72,-284,274,-90
16748,1736,8,-260,261,-78
16724,1760,40,-260,250,-99
16716,1700,-76,-279,278,-83
16720,1804,-96,-297,237,-84
16764,1788,-68,-297,269,-80
16540,1764,-28,-290,242,-67
16700,1716,-72,-290,247,-85
16692,1716,-60,-284,260,-71
16700,1712,60,-288,245,-81
16680,1784,8,-280,234,-88
16704,1676,40,-279,253,-86
16696,1712,-100,-280,229,-69
16620,1688,52,-293,266,-70
16728,1648,-92,-286,244,-66
16656,1644,-20,-298,267,-90
16728,1696,-108,-297,228,-85
16676,1680,-16,-277,228,-70
16676,1652,4,-272,245,-101
16676,1708,-116,-260,245,-82
16660,1740,80,-284,271,-77
16672,1680,-52,-287,265,-95
16608,1728,28,-277,245,-91
16588,1684,32,-275,268,-68
16764,1704,8,-275,255,-112
16648,1740,-28,-257,275,-84
16640,1748,68,-268,275,-65
16636,1724,16,-291,264,-66
16716,1772,80,-317,262,-89
16680,1728,32,-289,244,-91
16708,1692,36,-288,259,-99
16620,1712,124,-278,238,-71
16728,1700,32,-290,260,-81
16664,1676,4,-286,232,-84
16712,1708,40,-270,260,-86
16672,1664,-96,-271,253,-99
16780,1780,124,-283,235,-100
16660,1684,128,-280,261,-94
16644,1788,-132,-270,259,-73
16800,1740,124,-289,263,-81
16700,1848,76,-273,283,-83
1662267,8,1680,24,-246,-68
16708,1788,-36,-268,248,-103
16664,1736,-8,-272,245,-86
16564,1724,-144,-270,245,-91
1640,-540,1676,290,257,-113
16724,1748,132,-283,244,-93
16736,1708,8,-266,278,-72
16720,1684,32,-298,286,-91
16696,1696,16,-254,240,-65
16632,1724,100,-284,262,-67
16728,1656,-60,-280,237,-71
16632,1792,188,-301,211,-82
16664,1740,-96,-274,233,-85
16676,1672,0,-283,265,-81
16704,1684,-24,-303,292,-69
16668,1628,-108,-294,245,-76
16668,1628,-108,-294,245,-76
16688,1632,-16,-282,238,-81
16620,1744,108,-312,256,-92
16752,1728,56,-281,228,-97
16664,1764,52,-276,222,-58
16708,1796,28,-296,257,-103
16772,1844,-144,-299,287,-90
16744,1824,-92,-285,262,-94
16588,1768,8,-262,268,-96
16716,1712,72,-288,255,-104
16688,1724,-60,-279,257,-52
16712,1628,-24,-270,261,-77
16720,1724,100,-277,255,-96
16656,1756,-160,-281,262,-79
16612,1712,88,-251,269,-90
16616,1732,-80,-274,247,-80
16816,1652,-124,-281,267,-93
16696,1748,12,-294,251,-83
16696,1580,-20,-306,256,-82
16688,1812,-68,-285,250,-98
16664,1724,152,-298,243,-78
16768,1708,-32,-307,243,-92
16752,1712,108,-261,252,-94
16588,1720,80,-277,231,-87
16736,1696,-36,-282,282,-80
16708,1776,8,-286,248,-75
16780,1740,-8,-292,292,-85
16660,1672,-92,-277,264,-90
16740,1688,-28,-297,251,-75
166288,273,-1056,1704,28,-299
166288,273,-1056,1704,28,-299
166288,273,-1056,1704,28,-299
16716,1768,88,-285,300,-99
16656,1676,32,-289,227,-110
16636,1684,-204,-275,242,-102
16656,1776,-8,-276,283,-84
160,-266,266740,1740,5,-94
16608,1732,-32,-273,291,-86
16688,1752,-16,-288,258,-81
16640,1664,-60,-280,248,-91
16640,1800,80,-286,227,-80
16676,1716,116,-295,246,-102
16700,1728,-44,-268,269,-109
16680,1636,-104,-285,329,-96
16620,1676,-56,-281,210,-67
16656,1708,-72,-276,263,-100
16792,1728,68,-274,234,-81
16668,1748,0,-305,233,-71
16768,1696,136,-278,253,-75
16688,1756,-40,-310,250,-70
16612,1700,-200,-277,253,-92
16628,1748,-4,-265,253,-84
16704,1756,4,-285,280,-90
16648,1800,-28,-298,235,-88
16704,1720,-12,-274,269,-72
16708,1720,64,-310,232,-75
16636,1760,80,-278,254,-97
16644,1744,-44,-271,248,-66
16704,1696,-120,-283,269,-80
16712,1740,-28,-275,247,-88
16644,1604,-56,-280,261,-77
16652,1660,80,-290,235,-92
16572,1780,28,-283,251,-82
16684,1632,-108,-272,278,-78
16808,1728,28,-272,249,-66
16788,1776,116,-301,224,-93
16648,1712,144,-297,238,-76
16600,1704,-100,-271,269,-89
16700,1636,84,-289,233,-116
16592,1768,-40,-262,248,-92
16680,1800,-172,-276,259,-85
-88,16696,1620,-279,273,-92
16676,1124,-305,2748,30,-122
16708,1644,-60,-275,261,-87
16696,1596,-40,-287,245,-58
16696,1800,-56,-301,258,-99
16664,1764,-44,-256,270,-66
16604,1644,80,-267,242,-70
16816,1744,36,-281,237,-119
16676,1728,-24,-304,259,-78
16708,1716,-28,-271,257,-71
16676,1720,-68,-251,212,-122
16644,1700,-136,-271,261,-86
16652,1764,-56,-303,307,-68
16748,1788,-4,-284,255,-109
16548,1716,-48,-283,251,-83
16676,1704,12,-304,271,-95
16676,1780,-116,-289,227,-104
16644,1736,-88,-261,279,-102
16704,86,241648,72,-23,-100
16740,1712,-8,-282,242,-106
16700,1788,-24,-273,291,-74
16724,1716,-12,-260,243,-104
16644,1720,192,-283,276,-70
16684,1680,44,-288,245,-71
16816,1784,-116,-295,223,-104
16620,1872,76,-293,264,-79
1,-16,-284,6624,1756264,-99
16756,1772,12,-283,245,-75
16728,1620,24,-299,240,-58
16728,1728,-52,-291,291,-103
16808,1684,32,-301,249,-94
16624,-64,-273,1776,229,-72
16716,1620,-32,-258,258,-88
16748,1820,32,-285,241,-105
16652,1680,-8,-291,260,-95
16764,1620,12,-263,270,-71
16652,1876,12,-293,250,-92
16632,1696,32,-286,267,-71
16612,1732,20,-266,259,-90
16692,1728,36,-296,244,-72
16808,1808,92,-270,246,-81
16644,1788,-40,-294,240,-77
16680,1656,-24,-289,270,-95
16708,1704,112,-280,252,-61
16680,1668,-44,-284,254,-99
16704,1720,40,-262,264,-59
16632,1688,64,-275,244,-99
16636,1736,24,-287,258,-112
16664,1644,16,-284,227,-94
16688,1708,-28,-294,261,-75
16732,1812,-88,-286,258,-67
16796,1724,28,-279,257,-95
16712,1668,-112,-275,215,-86
16664,19,224,-104700,40,-25
16652,1604,-40,-266,238,-69
16688,1664,0,-281,237,-125
16760,1744,44,-248,320,-53
16728,1680,-28,-268,237,-73
16660,1716,-96,-302,262,-106
16632,1724,-160,-283,273,-69
16588,18166,00,92,-272,-108
16672,1828,-44,-294,239,-100
16696,1672,64,-286,210,-78
16696,1604,-100,-282,215,-90
16588,1692,32,-280,295,-69
16696,1596,96,-277,239,-40
16696,1596,96,-277,239,-40
16696,1596,96,-277,239,-40
16700,1700,60,-316,271,-101
16716,1676,-64,-277,248,-112
16688,1636,92,-284,273,-67
16708,1724,-56,-298,258,-81
16708,1732,12,-282,234,-98
16684,1644,-36,-274,224,-68
16692,1752,136,-295,227,-86
16636,1720,12,-279,243,-76
16620,1684,-32,-266,248,-88
16648,1636,-72,-279,225,-115
16680,1752,-4,-271,261,-60
16640,1648,168,-295,281,-99
16724,1792,112,-282,254,-82
16724,1676,188,-272,283,-97
16632,1800,84,-269,241,-82
16660,1768,40,-279,247,-101
16756,1692,48,-296,276,-89
16688,1716,-84,-265,264,-74
16760,1672,-64,-288,253,-110
16704,1656,-128,-273,237,-90
16708,1744,116,-273,231,-77
16696,1672,-8,-302,271,-73
16716,1684,-24,-288,229,-84
16612,1808,-36,-296,268,-106
16692,1832,-56,-279,233,-99
16700,1612,0,-296,256,-71
16596,1660,-56,-273,269,-83
16604,1788,-104,-273,259,-90
16764,1616,12,-285,249,-77
16632,1680,-28,-277,247,-80
16756,1752,-12,-271,240,-87
16724,1852,88,-274,266,-81
16752,1684,-68,-286,237,-90
16564,1792,12,-291,265,-58
16680,1724,12,-280,269,-84
16676,1724,96,-272,277,-73
16640,1628,4,-311,287,-73
16616,1672,144,-289,237,-79
1636,-664,1648,-279,266,-97
16660,1712,-40,-280,255,-97
16604,1720,-52,-281,277,-86
16684,1804,-64,-263,251,-89
16644,1684,-56,-286,235,-70
16708,1720,144,-291,251,-75
16636,1760,-16,-285,262,-90
16616,1716,-16,-309,239,-96
16760,1784,116,-271,248,-85
16640,1784,-28,-299,295,-75
16660,1744,-8,-302,250,-79
16660,1736,88,-276,253,-78
16680,1676,104,-282,244,-77
16648,1748,-4,-282,262,-90
16696,1724,80,-271,262,-73
16768,1744,20,-270,234,-72
16632,1692,8,-293,254,-94
16628,1752,120,-288,260,-78
16776,1684,112,-283,267,-77
16740,1748,-20,-285,262,-93
16728,1752,36,-265,261,-62
16600,1740,100,-264,249,-79
16648,1784,-8,-302,231,-73
16620,1592,8,-272,260,-61
16740,1752,24,-289,254,-92
16652,1780,-52,-252,288,-73
16624,1704,56,-303,245,-90
16656,1740,128,-262,256,-72
16604,1660,96,-262,287,-83
16716,1764,144,-284,256,-82
16688,1740,8,-320,252,-70
16744,1708,36,-288,259,-92
16608,1740,80,-265,280,-103
16696,1668,20,-301,256,-89
16652,1620,84,-298,238,-76
16792,1636,-132,-276,247,-84
16756,1816,164,-271,256,-93
16700,1760,68,-286,265,-102
16656,1648,-72,-247,246,-77
16672,1772,60,-277,247,-72
16748,1776,52,-276,219,-89
16696,1800,24,-283,249,-82
16688,1748,176,-279,249,-110
16756,1796,-68,-255,246,-82
16684,1692,184,-292,233,-93
16820,1676,68,-267,273,-73
16708,1760,44,-274,253,-68
16736,1744,80,-260,261,-98
16748,1644,104,-272,264,-108
16652,1592,72,-277,259,-82
16648,1772,52,-277,260,-91
16672,1696,96,-288,244,-98
16604,1668,-36,-289,244,-88
16724,1664,-12,-280,264,-82
16656,1632,20,-280,253,-87
16676,1680,-108,-286,253,-95
16660,1684,8,-282,237,-105
16664,1716,112,-290,265,-78
16676,1716,28,-297,259,-71
16768,1708,116,-274,248,-99
16648,1672,196,-285,266,-109
16588,1704,-32,-260,228,-79
16664,1760,44,-277,248,-49
16684,1692,-60,-300,264,-96
16656,1672,-8,-282,250,-75
16680,1712,12,-281,234,-102
16624,1692,72,-288,254,-75
16644,1772,-52,-284,226,-104
16664,1688,-16,-262,259,-88
16572,1696,16,-285,262,-99
16588,1712,-4,-305,243,-66
16672,1748,68,-285,255,-71
16624,1696,8,-303,267,-87
16644,1672,-20,-276,261,-71
16676,1640,-68,-257,270,-72
16672,1692,48,-279,251,-86
16704,1804,-32,-294,259,-96
16652,1656,52,-271,266,-66
16760,1704,48,-288,250,-98
16768,1756,-20,-283,260,-93
16660,1696,24,-289,263,-96
16608,1736,-152,-297,246,-77
16708,1748,100,-298,229,-66
16632,1752,-40,-283,254,-104
16784,1656,-64,-267,271,-101
16832,1716,136,-289,236,-97
16784,1760,20,-254,260,-85
16652,1704,-68,-282,230,-82
16628,1700,88,-282,240,-66
16624,1808,112,-277,252,-87
16708,1628,-40,-269,250,-75
16520,1584,112,-275,275,-79
16668,75,251776,-8,-27,-94
16684,1720,112,-285,230,-96
16708,1728,56,-293,247,-88
16720,1604,100,-287,256,-80
16576,1804,28,-295,242,-81
16532,1752,-128,-281,252,-69
16700,1736,-24,-289,262,-92
16724,1616,-20,-267,249,-84
16748,1716,20,-292,253,-80
16656,1684,144,-277,266,-78
16712,1700,44,-268,237,-87
16656,1732,40,-269,252,-84
16660,1724,168,-296,258,-105
16656,1728,48,-273,239,-56
16696,1708,-48,-270,269,-79
16660,1732,-8,-284,248,-104
16676,1792,68,-297,257,-95
16720,1740,108,-274,275,-83
16580,1800,4,-267,241,-73
16764,1596,-64,-268,220,-82
16732,1672,88,-278,243,-70
16692,1588,-48,-285,239,-94
16672,1772,-52,-292,265,-98
16616,1724,-60,-280,270,-81
16696,1824,-12,-280,287,-75
16624,1780,164,-287,233,-113
16720,1764,4,-260,230,-85
16704,1704,72,-262,294,-74
16616,1820,72,-295,252,-63
16676,1664,-24,-291,238,-104
16716,1676,44,-281,257,-104
16728,1692,128,-289,273,-72
16676,1744,80,-256,263,-95
16664,1752,52,-285,244,-94
16664,1760,48,-289,234,-80
16664,1756,-44,-263,243,-76
16732,1644,104,-252,257,-96
16720,1692,152,-292,249,-77
16696,1764,52,-275,263,-76
16732,1824,20,-272,247,-94
16788,1724,-48,-284,248,-90
16648,1752,60,-288,262,-60
16692,1764,32,-286,249,-94
16628,04,269,-101624,12,-37
16688,1700,44,-281,232,-83
16724285,270,-9,1660,-4,-3
16624,1644,-64,-291,233,-71
16620,1716,4,-279,256,-72
16700,1764,-48,-279,273,-71
16752,1700,232,-290,255,-79
16552,1716,64,-270,249,-89
16720,1748,-96,-254,256,-106
16716,1716,0,-281,246,-83
16668,1716,112,-267,257,-77
16608,1752,120,-283,225,-57
16664,1636,56,-271,236,-99
16696,1712,104,-291,245,-95
16660,1692,80,-288,240,-87
16748,1648,-16,-299,281,-87
16644,1760,-24,-291,256,-83
16732,1684,-120,-278,248,-79
16680,1764,120,-264,245,-91
16688,1708,48,-264,250,-85
16708,1692,-20,-275,268,-91
16680,1712,136,-283,263,-86
16592,1716,60,-287,259,-81
16740,1744,-16,-286,245,-105
16728,1736,68,-298,250,-116
16688,1756,40,-270,267,-80
16684,1748,116,-269,225,-84
16628,1716,128,-278,249,-72
16580,1760,24,-243,258,-88
16716,1668,124,-276,242,-98
16736,1664,56,-263,237,-75
16616,1756,52,-301,264,-75
16728,1760,72,-298,232,-102
16580,1840,52,-297,277,-79
16684,1692,-8,-295,250,-77
16688,1756,-96,-288,265,-80
16612,1704,132,-285,264,-98
16696,1716,108,-293,273,-63
16744,1688,72,-285,258,-87
16720,1760,100,-262,233,-89
16644,1712,80,-276,262,-88
16684,1736,84,-275,241,-84
16700,1820,-28,-299,230,-104
16588,1712,48,-283,265,-85
16752,1732,-32,-285,272,-90
16684,1828,8,-305,238,-75
16628,1740,-52,-271,250,-79
16580,1764,160,-294,245,-89
16704,1676,8,-258,253,-78
16680,1680,28,-268,214,-96
16756,1728,96,-321,268,-95
16740,1800,-100,-275,259,-70
16708,1876,84,-276,261,-93
16672,1688,-24,-284,262,-73
16704,1664,48,-288,250,-98
16772,1676,-120,-274,251,-95
16648,1720,-36,-286,277,-109
16660,1688,40,-287,277,-74
16660,1728,-100,-277,262,-81
16700,1688,-76,-278,252,-85
16648,1664,-52,-309,236,-80
16756,1668,-8,-263,255,-99
16676,1688,-140,-288,245,-85
16644,1784,96,-268,252,-104
16700,1692,32,-271,257,-73
16700,1796,80,-292,258,-62
16688,1716,76,-261,273,-101
16768,1728,68,-277,269,-76
16648,1692,-52,-267,232,-81
16724,1772,-76,-298,249,-72
16764,1684,-32,-279,257,-6724
16764,1684,-32,-279,257,-6724
16764,1684,-32,-279,257,-6724
16648,1664,8,-261,229,-84
16628,1604,100,-266,273,-108
16760,1760,24,-268,238,-99
16668,1748,92,-274,265,-63
16684,1700,60,-292,255,-78
16600,1704,-12,-263,255,-90
16668,1660,-36,-297,262,-80
16664,1704,0,-283,236,-99
16600,1692,108,-272,220,-91
16660,1752,216,-276,265,-103
16632,1748,88,-297,280,-91
16764,1748,108,-291,197,-75
16684,1748,216,-267,262,-90
16628,1668,40,-272,284,-84
16704,1776,28,-268,253,-95
16676,1756,44,-271,251,-73
16592,1764,8,-309,267,-91
16680,1672,116,-276,244,-70
16688,1756,220,-275,249,-99
16696,1720,112,-271,242,-76
16684,1712,16,-255,239,-66
16684,1740,-136,-283,247,-103
16608,1680,124,-268,263,-63
16712,1704,-100,-275,236,-107
16640,1764,20,-286,274,-88
16668,1768,12,-319,237,-77
16696,1688,200,-282,268,-101
16744,1684,-112,-271,252,-83
16696,1708,28,-270,244,-89
16712,1760,-20,-284,293,-90
16752,1692,20,-269,250,-77
16656,178,2330,104,-282,-68
16636,1644,104,-264,270,-62
16516,1736,-88,-294,254,-70
16752,1624,124,-270,233,-96
16724,1712,32,-292,257,-89
16720,1680,36,-269,253,-78
16680,1648,4,-275,276,-86
16740,1712,72,-290,248,-109
16692,1768,-28,-280,260,-97
16628,1656,24,-264,265,-87
16668,1716,0,-293,222,-77
16652,1632,16,-295,280,-68
16660,1752,156,-281,256,-92
16612,1732,-8,-267,250,-100
16652,1736,56,-294,259,-74
16684,1716,44,-275,274,-74
16688,1796,116,-293,254,-95
16704,1808,-56,-278,231,-69
16752,1684,-36,-282,241,-93
16796,1668,16,-286,260,-70
16700,1744,48,-256,249,-76
16768,1684,76,-255,249,-84
16688,1812,100,-305,274,-108
16600,1692,108,-288,270,-84
16700,1760,224,-301,257,-88
16652,1732,24,-275,251,-89
16764,1704,16,-263,236,-89
16664,1592,76,-283,276,-96
16732,1676,-36,-304,279,-68
16628,1640,64,-282,231,-77
16736,1704,152,-287,251,-91
16648,1704,88,-261,258,-77
16700,1772,-52,-280,279,-88
16736,1716,104,-288,251,-98
16792,1732,100,-242,286,-66
16644,1756,312,-283,282,-73
16712,1792,-4,-292,234,-85
16716,1648,48,-289,223,-85
16664,1640,188,-255,255,-84
16780,1744,-40,-293,239,-99
16620,1664,68,-262,251,-61
16748,1772,120,-273,314,-110
16688,1732,136,-273,268,-69
16808,1708,196,-273,200,-105
16640,1644,176,-274,276,-87
16772,1768,56,-288,253,-86
16748,1668,112,-278,228,-76
16700,1792,152,-267,271,-104
16712,1672,116,-294,231,-88
16672,1764,128,-276,238,-88
16632,1732,-32,-265,245,-101
16660,1704,48,-291,255,-84
16656,1696,64,-287,242,-48
16716,1776,-8,-283,241,-87
16664294,2,1740,40,-31,-71
16696,1756,32,-285,272,-75
16760,1608,80,-254,237,-89
16724,26,1704,4,-2773,-101
16752,1812,16,-283,236,-87
16684,1728,60,-296,235,-97
16664,1744,136,-282,260,-108
16568,1784,92,-279,266,-63
16708,1688,-76,-280,215,-81
16684,1728,88,-255,252,-68
16744,1688,20,-289,231,-80
16612,1712,-48,-286,202,-79
16724,1800,-32,-300,246,-86
16656,1732,144,-277,222,-87
16740,1716,76,-287,300,-87
16652,1724,44,-293,286,-71
16736,1684,-20,-266,222,-118
16756,1656,-64,-275,294,-87
16756,1748,76,-281,235,-95
16628,1632,152,-281,204,-88
16628,1692,-24,-269,282,-84
16720,1676,124,-291,240,-86
16604,1780,-112,-278,240,-63
16580,1744,4,-309,248,-79
16780,1676,144,-275,277,-69
16748,1712,16,-280,239,6716
16748,1712,16,-280,239,6716
16676,1704,-60,-283,282,-81
16616,1696,12,-295,213,-88
16612,1760,164,-281,259,-108
16704,1688,-24,-289,270,-81
16828,1752,-192,-277,212,-98
16612,1752,148,-303,231,-79
16756,1744,52,-280,268,-75
16660,1656,24,-281,243,-97
16628,1768,100,-271,252,-79
16688,1660,68,-288,272,-73
16668,1780,-28,-287,258,-83
16668,1700,84,-285,223,-78
16684,1748,-36,-261,243,-99
16676,1684,96,-284,252,-75
16664,1712,8,-280,246,-91
16668,1800,-36,-273,287,-106
16760,168254,4,76,-292,-93
16652,1648,108,-284,292,-87
16632,1712,88,-283,279,-74
16676,1808,-32,-293,209,-94
16760,1748,-12,-310,217,-90
16620,1700,108,-288,269,-75
16664,1676,36,-269,303,-85
16740,1724,60,-281,233,-94
16616,1720,40,-310,250,-70
16640,1660,0,-271,269,-77
16624,1700,-24,-310,249,-90
16676,1772,72,-303,244,-75
16592,1644,92,-286,258,-83
16716,1760,176,-270,258,-81
16656,1696,144,-290,238,-91
16668,1744,172,-272,257,-92
16660,1720,52,-292,246,-86
16652,1696,128,-273,261,-74
16668,1708,-16,-282,281,-97
16640,1752,-56,-288,268,-70
16704,1656,-60,-288,232,-82
16536,1724,52,-272,237,-89
16608,1632,68,-293,267,-78
16740,1676,76,-284,274,-78
16676,1676,108,-291,277,-88
16772,1736,16,-284,254,-91
16784,1660,-8,-290,255,-85
16700,1812,8,-278,257,-101
16752,1700,8,-281,265,-102
16664,1816,-20,-278,254,-79
16688,1700,20,-266,263,-75
16620,1636,160,-268,247,-61
16664,1704,132,-319,221,-67
16684,1664,28,-291,236,-94
16576,1824,24,-280,264,-95
16660,1616,108,-285,262,-87
16732,1720,108,-308,290,-111
16740,1648,60,-286,258,-81
16680,1676,-28,-297,251,-80
16584,1740,68,-316,260,-101
16604,1720,120,-287,269,-71
16664,1724,144,-263,253,-68
16572,1660,200,-242,275,-80
16740,1712,12,-294,245,-95
16644,1664,8,-281,253,-98
16688,1684,160,-283,268,-77
16676,1648,268,-306,242,-113
16648,1772,88,-303,267,-73
16740,1704,48,-280,255,-97
16676,1592,172,-278,260,-80
16720,1704,92,-274,216,-80
16668,1692,152,-266,263,-70
16580,1732,60,-258,220,-78
16720,1664,-8,-271,229,-76
16712,1668,84,-277,235,-113
16716,1768,156,-288,238,-71
16708,1648,144,-279,259,-72
16664,1752,56,-277,234,-79
16716,1660,56,-268,258,-79
16740,1716,52,-266,266,-84
16680,1688,32,-274,252,-93
16716,1756,76,-268,262,-82
16724,1676,104,-257,250,-91
16652,1736,32,-289,259,-74
16724,1744,28,-265,224,-59
16672,71,251724,40,-20,-102
16608,1748,64,-287,212,-91
16756,1744,144,-264,228,-98
16720,1624,104,-276,252,-84
16600,1720,68,-283,235,-71
16692,1660,8,-291,268,-88
16660,1652,124,-277,235,-88
16732,1700,144,-274,254,-102
16712,1696,52,-278,260,-109
16712,1708,124,-296,253,-93
16720,1704,36,-269,233,-96
16720,1648,184,-295,240,-77
16560,1772,128,-281,235,-76
16732,1688,48,-276,262,-100
16676,1696,-20,-262,234,-86
16748,1728,-12,-266,262,-81
16712,1636,-40,-290,259,-87
16672,1704,20,-275,244,-77
16772,1656,52,-283,266,-76
16668,1668,88,-263,263,-78
16684,1756,168,-288,257,-111
16620,1692,100,-275,254,-71
16664,1620,104,-301,225,-92
16756,1756,52,-276,237,-79
16728,1744,48,-300,251,-89
16656,1756,40,-278,245,-102
16632,1732,152,-272,260,-85
16680,1724,8,-285,255,-108
16644,1716,20,-288,230,-70
16676,1704,44,-286,237,-91
16696,1732,144,-276,237,-95
16688,1740,152,-268,241,-76
16668,1688,32,-287,248,-81
16608,1836,32,-288,255,-80
16608,1836,32,-288,255,-80
16608,1836,32,-288,255,-80
16708,1772,32,-294,274,-90
16624,1688,64,-269,272,-84
16664,1696,140,-271,261,-74
16684,1732,148,-291,266,-96
16668,1672,132,-281,267,-97
16816,1784,72,-274,235,-75
16728,1680,128,-277,263,-92
16712,1624,168,-247,250,-81
16688,1604,-48,-284,262,-78
16612,1740,84,-300,236,-93
16580,1604,88,-274,250,-84
16716,1712,56,-304,250,-98
16664,1760,28,-275,248,-93
16796,1676,-24,-297,278,-85
16592,1728244,,-40,-273,-94
16564,1696,-60,-247,254,-69
16616,1680,140,-301,257,-88
16664,1740,-4,-273,266,-91
16664,1692,8,-273,256,-76
16708,1752,28,-310,237,-78
16600,1664,-28,-263,267,-83
16736,1760,16,-275,254,-84
16768,1716,200,-291,249,-103
16652,1764,-40,-269,245,-78
16588,1728,108,-274,228,-103
16616,1656,160,-288,253,-80
16616,1780,-32,-283,275,-96
16704,1728,188,-280,266,-82
16640,1724,92,-266,272,-84
16796,1668,-60,-281,274,-75
16588,1644,24,-256,219,-89
16664,1720,28,-285,258,-115
16664,1716,40,-268,218,-82
16644,1748,-8,-290,252,-88
16672,1788,48,-259,247,-98
16632,1684,120,-303,247,-75
16728,1584,60,-295,233,-65
16632,1712,28,-297,243,-93
16712,1728,160,-294,243,-73
16760,1656,-52,-267,240,-91
16740,1796,76,-266,249,-78
16604,1660,20,-261,244,-61
16640,1728,92,-288,235,-81
16712,1712,-40,-285,240,-79
16644,1548,-16,-287,194,-84
16700,1692,88,-280,277,-89
16640,1740,-4,-280,281,-80
16724,1788,4,-279,211,-85
16724,1728,64,-283,210,-85
16724,1664,32,-279,272,-91
16628,1804,68,-300,231,-77
16724,1732,124,-284,253,1664
16724,1732,124,-284,253,1664
16800,1644,108,-280,272,-73
16592,1800,92,-275,264,-79
16576,1716,192,-277,261,-83
16720,1656,104,-293,210,-69
16680,1716,272,-259,228,-84
16684,1704,56,-307,280,-84
16720,1732,0,-288,282,-90
16672,1664,156,-260,250,-95
16688,1692,84,-271,240,-78
16680,1656,164,-302,243,-68
16652,1840,48,-263,215,-92
16724,1652,184,-288,246,-69
16752,1712,-56,-289,252,-68
16604,1740,140,-280,251,-77
16620,1720,-40,-278,278,-71
16636,1716,104,-264,268,-92
16760,1740,-16,-292,240,-104
16672,1696,96,-277,254,-78
16660,1644,-28,-273,251,-66
16668,1680,-12,-290,285,-81
16636,1728,192,-297,259,-98
16596,1784,-20,-253,239,-87
16524,1700,104,-267,274,-88
16660,1700,212,-276,256,-106
16644,1732,292,-272,237,-88
16596,1552,20,-275,216,-102
16660,1692,84,-283,258,-93
16688,1680,12,-259,255,-73
16684,1756,96,-294,264,-84
16728,1740,-16,-288,258,-85
16636,1804,88,-282,233,-96
16640,1676,108,-292,252,-78
16676,1720,128,-312,244,-85
16732,1740,176,-270,240,-92
16772,1708,88,-280,244,-72
16768,1752,-96,-288,260,-88
16684,1616,-24,-282,251,-83
16628,1712,20,-264,222,-81
16712,1740,100,-285,276,-82
16636,1672,200,-283,278,-92
16764,1644,24,-293,240,-80
16676,1712,140,-290,261,-91
16684,1668,24,-282,258,-71
16756,1688,-24,-283,279,-82
1,1696,76,-6724281,240,-64
16568,1664,32,-284,232,-72
1670092,279,-68,1700,8,-2
16680,1724,48,-265,252,-87
16612,1768,-4,-282,231,-112
16732,1788,124,-308,243,-94
16676,1736,76,-283,251,-6636
16676,1736,76,-283,251,-6636
16676,1736,76,-283,251,-6636
16728,1724,128,-277,224,-92
16664,1660,152,-289,261,-98
16672,1660,60,-291,259,-91
16632,1776,-44,-280,252,-63
16700,1724,24,-272,238,-80
16712,1692,140,-266,266,-86
16616,1672,96,-275,252,-87
16672,1700,96,-285,235,-82
16696,1772,148,-300,222,-87
16604,1672,-36,-290,246,-64
16720,172,251,-8116,148,-27
16668,1744,168,-306,269,-90
16708,1796,60,-286,263,-70
16576,1740,112,-290,256,-85
16720,1716,132,-308,236,-71
16668,1708,148,-301,279,-73
16740,1676,-20,-284,269,-104
16652,1644,16,-261,233,-88
16688,1760,76,-273,253,-51
16648,1696,-80,-297,258,-81
16728,1724,132,-287,253,-73
16648,1660,72,-280,244,-79
16696,1688,-28,-278,242,-92
16768,1676,76,-279,232,-81
16708,1684,32,-279,285,-55
16644,1680,116,-275,267,-79
16716,1632,128,-294,242,-87
16740,1720,20,-278,274,-100
16720,1728,120,-311,235,-92
16680,1796,4,-280,274,-80
16656,1712,172,-290,255,-84
16684,1680,108,-279,224,-94
16632,1760,56,-291,250,-84
16692,1644,164,-283,238,-90
16596,1768,116,-279,240,-71
16696,1588,180,-266,251,-90
16696,1740,100,-277,263,-83
16652,1668,44,-281,265,-87
16796,1692,100,-289,279,-77
16656,1672,80,-273,259,-86
16620,1660,76,-273,269,-77
16676,1676,-52,-279,271,-69
16588,1664,8,-284,255,-78
16588,1664,8,-284,255,-78
16708,1764,-8,-292,269,-119
16616,1752,72,-288,252,-824
16616,1752,72,-288,252,-824
16616,1752,72,-288,252,-824
16628,1772,84,-263,276,-89
16644,1716,52,-270,253,-89
16624,1712,164,-259,258,-88
16628,1724,80,-265,27516540,1700
16628,1724,80,-265,27516540,1700
16628,1724,80,-265,27516540,1700
16720,1656,0,-268,25,16749
16720,1656,0,-268,25,16749
16652,1696,136,-304,284,-90
16720,1724,16,-275,225,-86
16636,1732,-4,-298,266,-99
16740,1696,-48,-284,285,-68
16668,1716,172,-292,239,-61
16632,1712,100,-285,232,-103
16704,1740,40,-299,243,-93
16668,1700,168,-285,215,-86
16704,1784,112,-282,286,-65
16620,1700,128,-278,287,-100
16676,1804,136,-282,223,-89
16652,1732,60,-270,27616664,166
16652,1732,60,-270,27616664,166
16764,1696,-20,-277,238,-70
16672,1716,184,-297,249,-72
16752,1740,224,-282,231,-87
16632,1692,116,-267,249,-100
166764,248,-726,1724,192,-306
166764,248,-726,1724,192,-306
16700,1744,52,-260,241,-85
166764,248,-726,1724,192,-306
16728,1696,244,-255,265,-53
16640,1668,112,-283,244,-94
16684,1760,28,-284,269,-64
16624,1716,24,-276,236,-72
16668,1684,24,-268,258,-104
16744,1692,12,-292,27,16616
16692,1684,84,-276,220,-78
16744,1692,12,-292,27,16616
16744,1692,12,-292,27,16616
16536,1592,-12,-283,199,-83
16608,1684,-8,-290,212,-82
16736,1800,164,-280,307,-102
16588,1744,24,-278,209,-86
16708,1676,156,-270,241,-92
16720,1756,156,-288,266,-700
16720,1756,156,-288,266,-700
16636,1736,-24,-294,280,-92
16656,1676,20,-293,257,-70
16704,1676,20,-289,259,-96
16720,1676,32,-274,246,-97
16688,1736,180,-260,234,-80
16720,1660,48,-283,268,-91
16672,1752,168,-266,260,-93
16736,1768,40,-290,236,-79
16728,1656,180,-272,249,-81
16744,1792,-20,-275,255,-88
16624,1740,28,-266,255,-59
16684,1736,112,-287,242,-84
16672,1676,308,-317,262,-107
16624,1712,116,-289,244,-72
16776,1692,4,-267,240,-97
16736,1664,4,-277,282,-88
16664,1700,4,-277,259,-66
16628,1700,164,-269,248,-92
16736,1704,-32,-262,233,-87
16604,1684,104,-278,246,-99
16652,1760,8,-284,245,-75
16636,1716,-4,-287,246,-78
16664,1692,116,-271,253,-78
16652,1772,108,-288,245,-103
16628,1712,124,-283,265,-900
16628,1712,124,-283,265,-900
16620,1648,196,-290,265,-61
16628,1712,124,-283,265,-900
16688,1736,108,-271,236,-94
16732,1744,76,-260,264,-80
16664,1680,68,-267,267,-62
16708,1720,108,-289,256,-90
16768,1680,236,-299,278,-99
16696,1788,152,-291,250,-89
16608,1736,148,-267,244,-84
16608,1732,-4,-312,262,-110
16676,1648,104,-295,230,-84
16640,1728,96,-301,255,-99
16652,1700,80,-277,245,-102
16652,1676,88,-302,255,-84
16748,1560,0,-281,265,-86
16732,1776,132,-283,263,-75
16712,1724,212,-276,249,-95
16668,1656,108,-284,246,-83
16644,1700,36,-282,262,-73
16732,1748,48,-268,249,-94
16680,1744,120,-302,234,-104
16588,1844,-4,-265,255,-101
16620,1720,84,-254,229,-75
16788,1692,52,-289,259,-109
16648,1704,-8,-291,232,-83
16696,1800,160,-262,257,-82
16628,1776,-4,-273,220,-86
16680,1764,80,-293,244,-80
16720,1708,172,-283,249,-100
16668,1632,120,-281,256,-84
16712,1692,-84,-283,246,-86
16716,1640,108,-282,248,-95
16672,1748,152,-287,242,-87
16720,1640,136,-261,237,-83
16820,1672,80,-296,250,-83
16704,1668,120,-289,283,-87
16560,1852,124,-278,245,-100
16736,1712,124,-287,257,-92
16680,1728,140,-280,251,-100
16700,1716,140,-263,262,-82
16596,1748,-4,-276,244,-87
16628,1728,128,-285,280,-92
16624,1668,172,-304,227,-61
16612,1760,140,-295,245,-93
16620,1624,112,-264,225,-101
16632,1676,88,-278,274,-82
16696,1748,108,-299,227,-89
16656,1800,-4,-268,264,-59
16612,1728,152,-283,284,-99
16708,1744,132,-281,214,-101
16752,1628,244,-278,319,-85
16680,1712,248,-289,238,-84
16680,1696,172,-290,206,-99
16668,1708,48,-256,288,-93
16752,1740,156,-270,203,-89
16732,1660,16,-298,288,-74
16796,1772,68,-271,262,-102
16848,1740,76,-290,207,-74
16648,1660,216,-321,275,-100
16688,1684,120,-281,267,-81
16756,760,36,-269,1780,212
16756,760,36,-269,1780,212
16756,760,36,-269,1780,212
16756,760,36,-269,1780,212
16632,1720,104,-291,264,-79
16748,1776,72,-297,252,-96
16732,1692,-104,-295,278,-98
16792,1772,208,-293,246,-99
16696,1724,252,-299,258,-104
16608,1728,220,-276,245,-75
16724,1784,208,-274,235,-88
16716,1768,48,-293,268,-92
16804,1808,160,-296,238,-73
16760,1700,140,-270,237,-96
16624,1720,144,-276,252,-98
16576,1724,-12,-290,233,-89
16728,1652,-20,-275,257,-99
16648,1684,132,-298,261,-84
16752,1824,160,-301,268,-78
16740,1740,32,-297,252,-95
16692,1780,112,-279,249,-95
16700,1672,4,-299,253,-81
16640,1712,124,-290,245,-101
16736,1720,240,-284,250,-72
16676,1239,616,0,-269,-82
16672,1696,168,-282,229,-99
16720,1672,172,-264,254,-72
16700,1712,92,-273,271,-83
16620,1696,96,-289,253,-86
16700,1696,252,-288,268,-68
16640,1772,68,-290,236,-96
16652,1712,172,-295,242,-85
16688,1756,84,-296,243,-71
16708,1736,12,-266,251,-86
16724,1712,172,-285,251,-96
16672,1732,80,-288,223,-76
16744,1624,64,-300,240,-77
16624,1632,200,-272,255,-90
16752,1672,36,-288,253,-88
16608,1772,84,-307,258,-93
16672,1712,100,-275,245,-96
16620,1768,136,-280,261,-75
16716,1700,120,-296,252,-107
16680,1632,120,-292,261,-74
16772,1740,340,-259,261,-99
16644,1720,112,-269,259,-78
16720,1788,116,-284,246,-82
16764,1804,180,-282,270,-109
16712,1756,96,-274,244,-99
16708,1620,68,-302,250,-77
16788,1704,156,-295,273,-94
16752,1692,12,-267,235,-728
16752,1692,12,-267,235,-728
16736,1732,124,-288,216,-96
16588,1708,64,-298,242,-74
16700,1652,132,-287,243,-88
16672,1708,176,-285,267,-75
16652,1676,236,-279,250,-85
16704,1640,148,-284,245,-83
16628,1724,112,-285,271,-81
16604,1624,104,-293,244,-97
16700,1712,36,-290,238,-92
16608,1672,176,-271,260,-75
16768,1784,212,-279,237,-104
16760,1780,132,-285,252,-74
16660,1652,112,-285,261,-81
16708,1756,136,-281,241,-106
16688,1784,112,-275,283,-105
16600,1612,56,-274,221,-67
16732,1656,32,-288,266,-67
16644,1700,112,-286,249,-80
16612,1760,116,-279,289,-112
16768,1720,108,-276,254,-90
16636,1720,48,-273,225,-78
16688,1700,188,-298,259,-94
16664,1732,68,-287,247,-97
16660,1692,224,-273,244,-76
16604,1740,116,-272,260,-103
16728,1808,172,-284,233,-109
16864,1712,88,-276,267,-95
16756,1716,64,-288,241,-87
16840,1756,20,-292,228,-87
16648,1692,72,-294,256,-82
16648,1672,176,-275,257,-96
16600,1728,24,-279,232,-110
16740,1740,108,-281,264,-73
16724,1728,156,-272,238,-99
16744,1744,192,-278,263,-93
16584,1632,76,-286,244,-91
16604,1796,84,-292,223,-84
16736,1652,56,-286,249,-87
16592,1648,128,-292,235,-104
16740,1716,56,-298,248,1666
16740,1716,56,-298,248,1666
16644,1680,64,-279,263,-63
16644,1668,4,-288,225,-90
16760,1760,84,-272,257,-72
16728,1724,312,-291,255,-89
16676,1728,40,-274,267,-90
16692,1696,88,-255,262,-68
16828,1700,108,-278,222,-88
16644,1752,80,-262,252,-87
16668,1776,40,-273,237,-96
16656,1688,0,-267,234,-75
16664,1720,100,-281,244,-89
16720,1720,152,-283,221,-106
16704,1808,132,-301,221,-88
16732,1620,48,-288,232,-10
16732,1620,48,-288,232,-10
16688,1660,88,-289,250,-97
16732,1620,48,-288,232,-10
16640,1776,60,-289,254,-90
16720,1644,60,-256,255,-67
16712,1684,116,-274,279,-75
16716,1700,64,-306,253,-87
16628,1692,128,-279,233,-78
16624,1692,316,-293,249,-89
16716,1700,64,-285,254,-95
16696,1636,-40,-297,238,-70
16700,1688,72,-292,272,-83
16712,1732,116,-283,224,-82
16680,1732,176,-271,261,-84
16592,1696,128,-278,235,-107
16720,1688,-56,-291,261,-73
16560,1704,40,-281,251,-86
16700,1640,68,-275,219,-74
16704,1700,124,-256,258,-62
16708,1700,184,-274,240,-76
16636,1664,-32,-281,246,-81
16684,1824,52,-270,211,-71
16736,1664,128,-263,231,-85
16648,1688,232,-273,286,-78
16824,1688,136,-263,256,-73
16728,1732,92,-312,266,-50
16620,1680,108,-291,243,-71
16696,1684,60,-275,258,-75
16676,1696,60,-266,228,-67
16744,1756,68,-286,242,-84
16676,1712,12,-307,260,-65
16640,1676,-36,-280,253,-85
16704,1804,128,-280,276,-72
16708,1616,212,-272,221,-684
16708,1616,212,-272,221,-684
16740,1744,96,-298,247,-91
16672,1736,88,-284,275,-105
16720,1708,52,-284,244,-14
16720,1708,52,-284,244,-14
16720,1708,52,-284,244,-14
272,-284,16656,1660,255,-98
16720,1708,52,-284,244,-14
16656,1652,180,-273,247,-99
16724,1772,76,-282,241,-106
16716,1656,76,-270,252,-97
16728,1564,240,-276,245,-92
16796,1676,52,-282,244,-92
16652,1640,156,-284,230,-82
16688,1728,156,-276,247,-84
16676,1684,84,-273,266,-80
16680,1704,128,-277,245,-92
16636,1664,72,-295,227,-88
16776,1692,148,-275,268,-92
16652,1700,92,-298,242,-90
16796,1664,120,-298,247,-94
16640,1688,92,-265,224,-76
16664,1740,48,-295,275,-83
16632,1664,120,-287,239,-57
16720,1680,260,-290,232,-94
16752,1736,108,-276,249,-85
16624,1732,-4,-271,240,-98
16760,1592,112,-303,259,-62
16608,1692,144,-269,237,-89
16712,1720,68,-271,246,-89
16676,1664,56,-260,null,null
16672,1692,-4,-271,245,-101
16768,1692,96,-270,246,-105
16708,1740,68,-277,239,-86
16648,1660,176,-282,256,-96
166,-29668,1704,52,246,-94
16660,1748,216,-266,275,-79
16688,1748,76,-279,255,-91
16712,1688,80,-248,251,-81
16664,1664,92,-270,234,-88
16716,1712,84,254,-9048,-2
16644,1764,100,-264,265,-99
16748,1688,-12,-292,252,-59
16724,1716,84,-282,265,-84
16652,1704,120,-276,226,-91
16780,1756,116,-266,259,-87
16676,1708,164,-296,242,-74
16744,1700,120,-251,265,-90
16704,1796,84,-282,239,-79
16684,1784,56,-283,230,-85
16576,1616,176,-290,227,-96
16732,1680,148,-273,242,-96
16748,1744,56,-284,282,-92
16664,1748,48,-281,201,-83
16684,1796,124,-300,249,-86
16648,1724,76,-274,258,-98
16724,1684,68,-292,257,-108
16532,1660,40,-250,262,-82
16756,1764,52,-287,252,-84
16712,1740,172,-274,260,-81
16580,1648,116,-295,240,-71
16728,1628,56,-273,247,-85
16656,1680,48,-301,251,-83
16692,1700,144,-280,261,-81
16684,1692,124,-281,230,-88
16648,1704,96,-276,284,-110
16684,1684,64,-274,245,-97
16672,1616,144,-280,264,-105
16668,1704,140,-272,311,-90
16624,1648,296,-273,230,-81
16696,1672,72,-282,222,-98
16604,1704,-28,-291,252,-72
16652,1608,156,-292,206,-96
16648,1760,4,-294,254,-96
16624,1756,40,-278,284,-95
16664,1728,92,-281,284,-86
16676,1632,44,-287,262,-88
16720,1660,136,-270,null,null
16604,1640,60,-275,234,-77
16760,1676,56,-279,228,-90
16648,1660,172,-318,246,-75
16716,1684,152,-292,265,-88
16668,1692,84,-273,268,-88
16820,1712,36,-274,270,-96
16692,1684,132,-301,244,-73
16784,1688,200,-294,258,-77
16696,1772,4,-290,254,-94
16636,1668,148,-284,247,-90
16732,1792,88,-279,255,-89
