-14508,-1516,4532,-289,232,-86
-14540,-1460,4488,-272,234,-99
-14468,-1448,4524,-294,233,-87
-14540,-1516,4532,-295,228,-106
-14548,-1536,4552,-298,236,-98
-14524,-1468,4416,-285,226,-105
-14572,-1620,4404,-322,231,-108
-14612,-1540,4512,-301,237,-113
-14520,-1576,4376,-286,235,-103
-14588,-1556,4544,-314,228,-92
-14500,-1520,4496,-286,237,-110
-14588,-1564,4484,-299,236,-96
-14600,-1500,4564,-303,216,-83
-14512,-1516,4512,-291,235,-108
-14508,-1476,4416,-299,223,-93
-16,4554516,-1532,-304,226,-82
-14588,-1488,4544,-306,246,-98
-14504,-1512,4424,-296,225,-75
-14524,-1536,4356,-307,263,-102
-14532,-1488,4432,-295,232,-117
-14552,-1528,4400,-291,253,-94
-14508,-1592,4516,-304,244,-95
-14556,-1488,4456,-303,224,-93
-14488,-1460,4412,-294,238,-76
-14524,-1544,4424,-278,231,-75
-14440,-1556,4420,-304,251,-89
-14460,-1448,4440,-292,220,-110
-14488,-1492,4564,-297,247,-93
-14624,-1528,4460,-304,226,-123
-14500,-1564,4460,-301,214,-91
-14544,-1496,4500,-290,266,-91
-14548,-1524,4612,-300,243,-99
-14504,-1484,4512,-307,204,-86
-14620,-1556,4308,-294,229,-76
-14496,-1488,4688,-296,231,-77
-14536,-1404,4516,-293,235,-88
-14436,-1500,4472,-293,226,-97
-14572,-1500,4460,-288,231,-98
-14496,-1584,4440,-292,227,-97
-14496,-1496,4444,-302,227,-88
-14496,-1444,4404,-293,246,-83
-14508,-1424,4392,-308,235,-85
-14624,-1604,4628,-296,253,-81
-14456,-1476,4460,-310,239,-83
-14580,-1560,4572,-307,252,-92
-14604,-1480,4332,-293,247,-107
-14520,-1456,4436,-289,227,-107
-14524,-1448,4408,-290,245,-72
-14604,-1508,4504,-297,241,-107
-14564,-1444,4580,-309,232,-90
-14564,-1524,4420,-280,227,-86
-14592,-1524,4472,-293,248,-97
-14564,-1468,4484,-302,241,-95
-14420,-1460,4372,-288,229,-73
-14564,-1592,4616,-302,229,-88
-14476,-1536,4308,-291,219,-88
-14476,-1408,4532,-311,237,-95
-14592,-1616,4408,-303,240,-110
-14500,-1544,4448,-295,215,-94
-1455620,-1516,44,-307,242,-82
-14528,-1532,4552,-286,247,-101
-14528,-1472,4348,-290,229,-93
-14620,-1504,4540,-280,242,-97
-14504,-1484,4388,-287,232,-99
-14492,-1544,4492,-285,228,-85
-14540,-1528,4444,-312,226,-91
-14540,-1488,4520,-296,213,-101
-14520,-1448,4412,-301,242,-106
-14428,-1548,4352,-284,233,-103
-14476,-1528,4504,-316,258,-101
-14612,-1532,4360,-295,212,-90
-14512,-1456,4396,-309,250,-119
-14496,-1476,4428,-281,255,-99
-14568,-1412,4456,-278,245,-93
-14616,-1504,4548,-289,249,-65
-14568,-1524,4420,-298,236,-90
-14616,-1532,4460,-281,226,-94
-14452,-1492,4452,-280,241,-109
-14508,-1496,4404,-299,235,-104
-14532,-1500,4444,-302,246,-77
-14508,-1660,4532,-292,240,-98
-14388,-1508,4532,-296,245,-119
-14508,-1496,4544,-299,238,-85
-14552,-1500,4496,-300,234,-81
-14568,-1432,4560,-297,264,-108
-14540,-1524,4380,-290,237,-86
-14540,-1500,4476,-285,228,-94
-14496,-1456,4468,-293,212,-83
-14608,-1572,4756,-296,217,-95
-14460,-1504,4260,-308,225,-92
-14560,-1528,4504,-306,223,-102
-14564,-1404,4444,-293,220,-96
-14484,-1496,4404,-307,220,-102
-14560,-1420,4580,-294,242,-97
-14568,-1484,4444,-286,230,-95
-14592,-1444,4560,-295,240,-83
-14540,-1556,4292,-281,243,-70
-14552,-1468,4396,-273,236,-82
-14476,-1500,4468,-301,227,-87
-14404,-1504,4416,-301,227,-112
-14576,-1572,4500,-301,219,-97
-14580,-1524,4340,-307,232,-93
-14508,-1484,4392,-280,229,-85
-14472,-1528,4532,-309,230,-91
-14560,-1524,4408,-279,267,-90
-14452,-1464,4548,-294,227,-107
-14600,-1472,4552,-276,249,-93
-14484,-1472,4544,-300,221,-74
-14568,-1528,4532,-294,214,-79
-14536,-1484,4508,-312,241,-78
-14496,-1428,4392,-301,235,-108
-14452,-1448,4492,-315,238,-108
-14480,-1472,4472,-297,251,-101
-14548,-1500,4444,-308,236,-88
-14444,-1480,4372,-294,252,-107
-14572,-1488,4400,-287,251,-111
-14500,-1472,4484,-293,258,-99
-14548,-1472,4532,-306,226,-93
-14488,-1516,4500,-284,232,-79
-14484,-1512,4448,-288,237,-81
-14552,-1424,4492,-276,232,-77
-14376,-1496,4464,-292,221,-97
-14468,-1508,4400,-297,225,-77
-14636,-1596,4464,-294,248,-87
-14500,-1516,4472,-299,249,-100
-14604,-1580,4456,-284,231,-93
-14580,-1488,4480,-302,257,-105
-14540,-1472,4408,-286,228,-61
-14548,-1488,4492,-289,251,-88
-14624,-1536,4500,-276,243,-77
-14476,-1480,4496,-307,216,-68
-14480,-1484,4604,-304,228,-78
-14564,-1516,4496,-291,237,-90
-14528,-1488,4600,-299,233,-87
-14532,-1456,4332,-288,225,-102
-14596,-1456,4524,-310,247,-87
-14672,-1428,4528,-299,256,-96
-14592,-1448,4312,-296,245,-90
-14508,-1436,4572,-277,248,-76
-14540,-1496,4308,-297,249,-95
-14424,-1532,4468,-303,225,-84
-14668,-1424,4552,-307,228,-99
-14476,-1568,4524,-295,236,-104
-14496,-1516,4560,-298,230,-107
-14552,-1560,4448,-281,263,-92
-14552,-1544,4456,-276,234,-98
-14576,-1492,4472,-307,241,-79
-14604,-1508,4440,-307,223,-91
-14552,-1480,4480,-291,262,-106
-14580,-1492,4344,-283,230,-79
-14532,-1508,4580,-293,252,-95
-14520,-1512,4524,-291,244,-74
-14640,-1488,4436,-278,230,-79
-14532,-1468,4468,-293,248,-88
-14500,-1488,4460,-297,222,-99
-14636,-1536,4324,-298,237,-99
-14564,-1508,4352,-300,235,-102
-14648,-1388,4504,-306,202,-66
-14564,-1464,4472,-293,261,-84
-14564,-1448,4380,-304,212,-69
-14500,-1500,4376,-308,251,-98
-14492,-1480,4532,-300,228,-103
-14564,-1556,4296,-296,234,-100
-14560,-1544,4308,-299,242,-102
-14484,-1504,4400,-315,230,-97
-14652,-1488,4496,-292,226,-93
-14576,-1432,4528,-303,270,-94
-14524,-1504,4440,-290,237,-98
-14568,-1488,4436,-272,232,-87
-14540,-1448,4632,-305,237,-94
-14592,-1364,4512,-294,245,-92
-14488,-1552,4540,-274,211,-82
-14460,-1444,4504,-321,215,-109
-14552,-1552,4408,-298,249,-89
-14508,-1400,4508,-282,228,-98
-14576,-1532,4540,-288,215,-72
-14536,-1544,4600,-294,234,-87
-14560,-1596,4376,-300,235,-114
-14532,-1328,4496,-288,231,-55
-14616,-1484,4376,-271,244,-46
-14516,-1580,4412,-323,200,-160
-14532,-1660,4396,-312,233,-144
-14556,-1516,4364,-285,269,-32
-14596,-1640,4428,-328,209,-147
-14564,-1564,4484,-275,239,-77
-14496,-1580,4400,-309,199,-111
-14500,-1424,4432,-280,235,-94
-14524,-1416,4444,-301,231,-117
-14492,-1400,4616,-293,247,-71
-14660,-1504,4516,-296,227,-64
-14572,-1476,4432,-319,207,-93
-14360,-1432,4528,-281,231,-100
-14556,-1600,4380,-301,203,-105
-14592,-1528,4368,-318,243,-125
-14620,-1596,4472,-280,257,-72
-14548,-1600,4512,-308,217,-81
-14536,-1536,4436,-239,253,-40
-14552,-1324,4540,-282,274,-108
-14404,-1564,4536,-292,247,-129
-14640,-1560,4404,-303,199,-71
-14388,-1516,4612,-292,220,-88
-14640,-1600,4508,-285,223,-88
-14496,-1596,4544,-297,216,-89
-14624,-1524,4496,-286,225,-79
-14576,-1572,4444,-269,231,-89
-14528,-1440,4572,-292,224,-94
-14536,-1504,4592,-293,248,-98
-14648,-1556,4532,-314,228,-96
-14432,-1512,4544,-299,219,-106
-14528,-1520,4480,-296,226,-72
-14496,-1512,4412,-282,245,-53
-14536,-1512,4456,-318,209,-120
-14504,-1468,4436,-289,233,-90
-14492,-1524,4472,-279,242,-134
-14484,-1428,4496,-309,243,-92
-14536,-1480,4420,-288,209,-109
-14612,-1464,4412,-293,221,-90
-14556,-1564,4364,-291,239,-101
-14508,-1412,4516,-293,253,-67
-14500,-1532,4496,-295,227,-79
-14400,-1576,4532,-295,230,-81
-14568,-1588,4656,-314,230,-103
-14452,-1524,4476,-303,237,-105
-14516,-1448,4480,-290,229,-104
-14492,-1452,4428,-279,237,-113
-14540,-1492,4492,-289,211,-72
-14488,-1496,4468,-305,238,-87
-14488,-1596,4472,-296,235,-90
-14448,-1552,4444,-298,253,-87
-14524,-1560,4428,-279,249,-77
-14540,-1532,4428,-313,237,-88
-14504,-1588,4340,-311,244,-88
-14528,-1580,4484,-290,219,-87
-14516,-1464,4572,-289,258,-111
-14468,-1428,4360,-302,244,-143
-14452,-1552,4496,-294,266,-80
-14508,-1448,4280,-278,238,-109
-14496,-1496,4488,-309,232,-84
-14516,-1480,4344,-284,242,-120
-14544,-1480,4416,-275,216,-71
-14516,-1556,4504,-299,236,-103
-14572,-1508,4412,-287,250,-88
-14580,-1524,4592,-281,256,-74
-14488,-1504,4480,-327,239,-115
-14484,-1480,4492,-304,249,-99
-14576,-1492,4396,-308,273,-112
-14552,-1472,4376,-301,211,-83
-14488,-1468,4464,-292,256,-116
-14556,-1496,4408,-284,234,-68
-14584,-1540,4560,-294,218,-102
-14564,-1496,4516,-307,220,-106
-14512,-1472,4420,-309,250,-97
-14520,-1464,4608,-291,226,-72
-14416,-1524,4500,-291,210,-73
-14504,-1528,4392,-284,255,-96
-14444,-1504,4568,-300,269,-85
-14584,-1496,4484,-289,230,-104
-14452,-1520,4504,-296,236,-84
-14536,-1464,4416,-300,213,-86
-14560,-1656,4576,-279,256,-67
-14660,-1488,4580,-298,264,-93
-14540,-1492,4440,-293,233,-85
-14516,-1568,4452,-301,243,-90
-14476,-1460,4288,-297,230,-82
-20156,4008,3072,-413,2464,828
-13576,-300,9312,-14103,1280,7832
-17316,1932,2252,7769,3657,2947
-10824,-3640,5976,-10263,1961,-5662
-11160,-3164,7200,-4780,6011,14589
-14948,-1472,2060,-3956,-680,848
-15504,-1600,2804,-587,-1909,1753
-14896,476,4516,-2939,-195,322
-14196,-2152,3260,-4613,-2360,-192
-13096,-1000,4876,-4088,-1088,-1354
-16840,-2488,-776,-4603,491,1079
-15888,484,4152,-3090,-4795,-12772
-12372,512,4208,1374,2700,5562
-13464,-3384,4512,-452,452,-986
-14056,-2408,4144,-377,251,-364
-14448,-1416,-3768,12190,7800,5883
-13640,-2000,5496,3388,-1546,-8363
-14540,-2700,5748,518,1190,3765
-15104,-732,4112,47,2047,354
-14080,-2556,4228,-4687,3566,-2831
-14300,-3612,2924,4169,14915,-1236
-15404,-2064,2036,6661,14465,-27
-16736,-728,-324,993,11821,-367
-16048,-3716,-660,5599,23334,-4848
-15816,-496,-1284,2316,13184,-2825
-15112,-3104,-2892,3490,5608,-3590
-15492,-3108,-3756,5403,6308,571
-15492,-2956,-3584,3350,4443,-925
-15328,-3056,-3900,1233,-563,-707
-15756,-2456,-4484,-379,-672,1397
-15560,-2708,-3928,-436,-815,695
-15620,-2608,-4112,-37,-2042,1621
-15988,-2092,-3660,-106,-1485,1339
-15392,-2876,-3508,47,-705,-141
-15712,-2416,-3528,921,-747,-1317
-15624,-2560,-3360,974,-2005,1406
-15532,-2356,-2692,696,-1571,1157
-15316,-2508,-3112,-536,-6538,2981
-15244,-2676,-2680,545,-20547,11680
-14684,-2192,136,-7283,-29272,442
-13108,-1868,5408,-17079,-32768,5023
-13620,-4324,7456,-2909,-746,-2916
-14580,-1256,5208,-681,58,-572
-14916,-1620,4340,-292,99,-456
-14812,-1644,3932,-374,138,-100
-14716,-1612,3832,-332,146,-221
-14700,-1820,3804,-330,266,-183
-14660,-1768,4060,-312,217,-34
-14612,-1808,4148,-297,282,-127
-14584,-1840,4144,-285,240,-58
-14688,-1812,4128,-301,230,-97
-14716,-1756,4040,-287,243,-97
-14572,-1708,4100,-301,238,-91
-14556,-1812,4112,-293,258,-96
-14744,-1840,3936,-297,222,-83
-14684,-1872,4120,-305,236,-70
-14756,-1772,4152,-296,242,-103
-14648,-1756,4216,-297,234,-87
-14608,-1704,4148,-297,244,-83
-14592,-1816,3968,-294,222,-87
-14704,-1724,3964,-309,253,-84
-14724,-1844,4300,-297,235,-101
-14696,-1784,4088,-305,219,-91
-14600,-1840,4176,-286,225,-105
-14588,-1780,4028,-306,221,-94
-14660,-1784,4184,-311,231,-93
-14676,-1848,3920,-282,262,-87
-14768,-1776,4112,-297,235,-81
-14584,-1764,4248,-303,236,-98
-14676,-1824,4136,-278,231,-84
-14632,-1756,4016,-291,260,-100
-14684,-1804,4152,-291,220,-90
-14624,-1824,4064,-301,213,-73
-14724,-1820,4028,-310,219,-107
-14656,-1832,3952,-314,251,-105
-14708,-1812,4064,-288,246,-113
-14660,-1860,4116,-303,242,-96
-14696,-1772,4024,-269,234,-101
-14684,-1784,4196,-288,244,-89
-14684,-1864,3996,-312,229,-91
-14604,-1828,4108,-285,214,-80
-14652,-1800,4104,-297,249,-77
-14648,-1672,4132,-314,235,-94
-14724,-1760,4048,-314,246,-109
-14596,-1832,4000,-276,200,-89
-14684,-1832,4188,-294,231,-86
-14732,-1724,3980,-297,250,-76
-14604,-1816,4068,-291,216,-94
-14696,-1764,4052,-313,245,-85
-14608,-1812,3908,-281,215,-111
-14524,-1888,4064,-295,230,-103
-14656,-1772,4080,-295,227,-96
-14652,-1804,3996,-324,231,-91
-14708,-1816,4056,-309,258,-102
-14668,-1836,4140,-289,241,-102
-14716,-1796,4044,-308,230,-92
-14616,-1844,4016,-276,223,-92
-14744,-1756,4016,-313,237,-90
-14716,-1828,3976,-299,258,-105
-14776,-1816,4212,-303,203,-96
-14728,-1792,4044,-290,217,-97
-14792,-1780,4056,-306,231,-122
-14824,-1796,4056,-300,181,-82
-14592,-1748,3952,-295,218,-122
-14656,-1864,4140,-303,220,-97
-14784,-1776,4216,-304,229,-117
-14584,-1752,4008,-296,227,-106
-14668,-1768,4032,-300,234,-102
-14792,-1764,3968,-281,240,-102
-14600,-1788,4076,-294,213,-78
-14552,-1844,4212,-292,244,-82
-14708,-1848,4120,-303,241,-81
-14760,-1744,3952,-297,217,-80
-14556,-1752,4044,-287,231,-74
-14724,-1788,4096,-306,246,-116
-14636,-1816,3884,-301,228,-80
-14672,-1892,4004,-303,222,-97
-14648,-1760,4128,-306,254,-111
-14668,-1776,4036,-291,228,-89
-14600,-1864,4120,-302,240,-89
-14516,-1792,4188,-283,246,-97
-14680,-1756,4020,-297,249,-99
-14688,-1756,4112,-290,222,-116
-14640,-1800,4104,-287,220,-96
-14668,-1832,3928,-298,224,-90
-14704,-1816,4244,-271,251,-84
-14648,-1728,4092,-290,249,-112
-14648,-1768,4000,-303,239,-65
-14768,-1728,4120,-286,216,-107
-14600,-1804,4104,-289,227,-94
-14636,-1724,4132,-297,235,-81
-14604,-1700,4128,-274,252,-100
-14564,-1724,3968,-311,213,-106
-14564,-1792,4168,-301,244,-92
-14692,-1792,3956,-300,230,-98
-14640,-1744,4152,-320,234,-104
-14736,-1820,4016,-297,214,-95
-14504,-1800,4088,-290,262,-67
-14628,-1848,4148,-299,241,-102
-14656,-1748,4144,-301,254,-69
-14604,-1804,4024,-304,227,-96
-14552,-1748,4140,-313,250,-96
-14668,-1760,4140,-297,219,-94
-14536,-1784,4180,-288,232,-130
-14704,-1764,4172,-299,218,-94
-14672,-1824,4180,-294,269,-119
-14660,-1780,4072,-294,243,-115
-14628,-1704,4064,-317,241,-88
-14616,-1764,4164,-293,241,-82
-14704,-1748,4020,-302,236,-76
-14628,-1772,4188,-306,235,-72
-14668,-1772,4104,-297,222,-90
-14612,-1756,4144,-318,222,-109
-14732,-1852,4172,-294,218,-114
-14620,-1816,4056,-320,252,-100
-14716,-1808,4220,-285,209,-114
-14680,-1800,4072,-293,214,-105
-14664,-1748,4080,-285,245,-109
-14708,-1856,3980,-273,239,-88
-14740,-1788,4180,-296,234,-80
-14688,-1740,4016,-300,232,-84
-14672,-1812,4076,-298,228,-97
-14648,-1824,3992,-311,251,-105
-14684,-1652,4060,-287,244,-86
-14592,-1748,4068,-296,217,-92
-14748,-1860,4036,-307,239,-93
-14600,-1792,4068,-302,231,-107
-14640,-1880,3984,-283,227,-105
-14604,-1812,4148,-288,258,-88
-14552,-1804,4196,-267,244,-110
-14712,-1840,4008,-299,246,-76
-14636,-1780,4084,-286,246,-96
-14660,-1288,247,-73724,4056,-
-14612,-1764,4068,-303,202,-94
-14616,-1744,4164,-290,261,-96
-14616,-1796,4032,-296,222,-87
-14672,-1804,4148,-282,240,-108
-14720,-1732,4236,-305,264,-92
-14744,-1860,4100,-287,236,-72
-14604,-1664,4112,-298,239,-95
-14648,-1680,4036,-311,268,-85
-14648,-1808,3976,-281,218,-99
-14696,-1800,4128,-305,250,-97
-14672,-1844,4084,-313,238,-107
-14764,-1848,4100,-314,223,-87
-14676,-1796,4128,-304,243,-101
-14736,-1784,4020,-292,208,-100
-14580,-1804,4092,-283,239,-102
-14580,-1752,4012,-306,240,-91
-14736,-1696,3980,-288,236,-89
-14724,-1848,4164,-295,247,-87
-14656,-1904,3968,-300,221,-83
-14628,-1796,4036,-310,266,-85
-14540,-1796,4036,-292,212,-102
-14708,-1808,4048,-297,223,-86
-14660,-1840,4144,-283,215,-108
-14624,-1828,3992,-303,218,-93
-14676,-1804,4120,-282,247,-91
-14704,-1880,4044,-299,243,-91
-14748,-1828,4128,-304,226,-107
-14584,-1828,4116,-295,231,-69
-14652,-1772,4016,-293,235,-91
-14656,-1688,4064,-305,249,-92
-14652,-1800,4108,-290,214,-97
-14720,-1676,4216,-300,227,-94
-14604,-1856,4236,-293,250,-82
-14556,-1804,3952,-289,248,-88
-14596,-1792,3972,-288,246,-92
-14672,-1696,3932,-297,238,-96
-14628,-1856,4252,-282,239,-88
-14684,-1696,4040,-285,239,-99
-14588,-1832,3976,-291,200,-96
-14708,-1720,4104,-296,224,-92
-14628,-1784,4100,-294,225,-108
-14700,-1800,4088,-294,254,-93
-14612,-1704,4100,-295,247,-93
-14660,-1752,4076,-289,239,-95
-14652,-1900,4176,-293,247,-99
-14712,-1736,4180,-293,231,-85
-14724,-1716,4144,-297,260,-103
-14620,-1724,4112,-299,232,-94
-14724,-1840,4100,-272,226,-94
-14532,-1776,4096,-287,252,-105
-14636,-1776,3916,-286,246,-119
-14756,-1908,4044,-301,235,-93
-14632,-1828,4056,-303,225,-105
-14652,-1744,4104,-296,218,-98
-14704,-1800,4164,-282,243,-87
-14600,-1916,3912,-290,246,-81
-14688,-1724,4144,-285,239,-93
-14648,-1808,3972,-306,257,-95
-14652,-1748,4068,-306,215,-108
-1462048,4008,-2,-1785,243,-73
-14768,-1780,3992,-309,243,-85
-14576,-1760,4016,-291,240,-95
-14692,-1776,4084,-293,223,-82
-14776,-1800,4148,-298,250,-79
-14672,-17920,233,-109,4040,-30
-14708,-1844,4020,-301,253,-93
-14628,-1816,4092,-281,233,-71
-14696,-1704,3968,-298,258,-87
-14576,-1732,4120,-318,253,-94
-14644,-1708,4100,-285,251,-93
-14656,-1820,3928,-293,226,-111
-14684,-1668,4052,-290,226,-95
-14680,-1700,4072,-307,247,-99
-14680,-1832,3948,-307,239,-99
-14712,-1800,4096,-312,215,-116
-14724,-1784,4144,-289,223,-94
-14648,-1788,4068,-301,208,-99
-14572,-1876,4080,-300,260,-111
-14700,-1800,4028,-296,210,-83
-14664,-1812,4068,-296,253,-103
-14676,-1748,3972,-310,249,-88
-14684,-1760,4140,-288,238,-85
-14652,-1848,4132,-298,248,-84
-14736,-1824,4092,-280,230,-111
-14664,-1848,4176,-281,223,-92
-14676,-1732,4128,-313,226,-94
-14600,-1832,4084,-296,234,-99
-14644,-1712,4136,-304,243,-105
-14696,-1788,4048,-285,240,-92
-14572,-1880,3944,-311,244,-72
-14680,-1852,4052,-299,254,-84
-14708,-1752,4000,-286,239,-82
-14624,-1812,4064,-290,248,-94
-14664,-1876,4012,-285,247,-86
-14656,-1744,4112,-295,257,-113
-14680,-1784,4132,-283,249,-77
-14608,-1788,4132,-295,240,-98
-14664,-1812,4072,-301,235,-91
-14688,-1768,3936,-293,236,-100
-14712,-1740,4120,-299,242,-135
-14624,-1724,3952,-296,237,-100
-14648,-1788,4100,-301,251,-103
-14660,-1868,3984,-287,244,-93
-14648,-1748,4132,-295,229,-104
-14672,-1744,4204,-300,247,-73
-14712,-1776,4056,-296,228,-71
-14628,-1872,4108,-304,220,-97
-14792,-1776,4044,-302,239,-103
-14624,-1796,4024,-301,246,-110
-14552,-1732,4016,-302,234,-85
-14584,-1752,4140,-280,231,-102
-14652,-1780,4104,-303,235,-108
-14728,-1760,4036,-299,236,-92
-14620,-1756,4140,-295,249,-91
-14572,-1824,4096,-300,202,-92
-14692,-1832,4076,-296,259,-80
-14660,-1796,4040,-299,240,-103
-14508,-1812,4132,-299,226,-83
-14524,-1764,4124,-302,254,-99
-14700,-1732,4032,-303,238,-88
-14640,-1896,4136,-309,237,-73
-14680,-1788,4116,-290,250,-99
-14696,-1684,4120,-295,231,-84
-14596,-1676,4120,-288,219,-82
-14680,-1748,4108,-292,238,-91
-14704,-1764,4156,-293,231,-86
-14724,-1716,4104,-300,231,-91
-14648,-1804,4024,-292,252,-109
-14676,-1808,4024,-307,235,-83
-14676,-1832,4168,-300,232,-80
-14576,-1752,4008,-304,255,-104
-14600,-1812,4088,-289,230,-103
-14676,-1672,4044,-296,259,-82
-14636,-1764,4128,-295,227,-82
-14576,-1636,4192,-292,299,-76
-14728,-1816,4104,-300,232,-97
-14696,-1712,4112,-283,237,-101
-14660,-1688,4296,-293,212,-78
-14636,-1732,4152,-301,245,-102
-14744,-1796,4036,-271,217,-95
-14584,-1720,4076,-302,251,-88
-14680,-1708,4140,-313,234,-115
-14572,-1788,4140,-280,232,-89
-14680,-1852,4096,-314,266,-97
-14676,-1816,4240,-277,251,-83
-14604,-1820,4056,-297,208,-76
-14652,-1792,4180,-278,236,-106
-14592,-1828,4080,-297,207,-96
-14708,-1732,4044,-299,243,-91
-14696,-1764,3932,-275,242,-103
-14780,-1804,3908,-290,245,-82
-14692,-1788,3960,-295,255,-76
-14600,-1688,3948,-292,216,-85
-14640,-1764,4124,-278,236,-58
-14580,-1772,4008,-279,218,-94
-14640,-1792,4052,-293,231,-78
-14644,-1840,4084,-304,232,-99
-14648,-1844,3968,-307,236,-81
-14648,-1808,4060,-286,237,-96
-14548,-1700,3984,-309,278,-100
-14760,-1780,4080,-284,234,-81
-14760,-1764,3996,-292,251,-82
-14604,-1792,4104,-285,225,-91
-14736,-1824,4060,-284,236,-117
-14652,-1748,4056,-304,253,-91
-14592,-1908,4028,-298,218,-87
-14628,-1832,4132,-277,252,-107
-14652,-1688,4048,-304,243,-95
-14688,-1752,3924,-291,239,-101
-14624,-1768,4024,-295,228,-85
-14636,-1816,4132,-283,265,-99
-14764,-1704,4192,-298,243,-99
-14560,-1684,4128,-304,240,-81
-14652,-1772,4112,-290,250,-110
-14652,-1732,3948,-296,245,-106
-14664,-1868,4036,-289,220,-78
-14688,-1780,4128,-278,234,-89
-14676,-1716,4148,-307,230,-82
-14752,-1788,4272,-300,245,-100
-14592,-1772,3964,-311,240,-106
-14684,-1788,4044,-301,222,-87
-14656,-1792,4076,-282,279,-89
-14612,-1756,418,-56,-296,2580
-14748,-1780,4252,-308,214,-85
-14680,-1812,3968,-288,209,-91
-14704,-1792,4060,-298,211,-95
-14660,-1872,4036,-306,257,-114
-14616,-1788,4032,-289,222,-103
-14688,-1768,4084,-288,253,-105
-14640,-1880,4132,-296,242,-96
-14648,-1716,4032,-294,247,-79
-14632,-1856,40802,244,-10,-290
-14604,-1716,4144,-295,230,-76
-14780,-1796,4240,-296,245,-82
-14628,-1772,4176,-285,222,-63
-14632,-1800,4184,-294,223,-87
-14592,-1812,4056,-306,269,-112
-14616,-1832,4148,-308,222,-75
-14592,-1760,4096,-305,237,-90
-14712,-1796,4252,-302,257,-77
-14768,-1840,3972,-296,244,-82
-14616,-1784,4036,-299,278,-84
-14512,-1708,4116,-303,235,-97
-14692,-1836,4068,-291,215,-86
-14688,-1828,3892,-289,258,-89
-14592,-1844,4116,-292,237,-99
-14596,-1776,4024,-291,232,-107
-14720,-1860,4072,-282,246,-94
-14744,-1708,4116,-296,230,-94
-14532,-1760,3968,-290,259,-89
-14704,-1756,4104,-285,249,-93
-14516,-1820,4192,-286,246,-86
-14684,-1716,4060,-293,208,-94
-14608,-1876,3956,-293,230,-73
-14680,-1744,3992,-316,241,-113
-14700,-1792,4264,-281,246,-82
-14700,-1780,3996,-283,243,-87
-14564,-1676,4152,-286,247,-99
-14648,-1792,4076,-289,235,-75
-14660,-1788,4184,-290,237,-86
-14636,-1828,3888,-299,223,-97
-14640,-1724,3976,-294,241,-112
-14664,-1752,4180,-287,267,-91
-14604,-1784,4176,-283,226,-81
-14672,-1840,4064,-295,220,-101
-14668,-1880,4132,-294,274,-88
-14784,-1864,4100,-293,239,-77
-14584,-1720,4196,-296,246,-92
-14664,-1772,3940,-294,246,-107
-14600,-1788,4008,-302,241,-98
-14588,-1692,4112,-284,247,-108
-14684,-1816,4004,-294,238,-89
-14708,-1780,4128,-290,216,-92
-14688,-1880,3920,-291,223,-103
-14648,-1696,4088,-269,231,-95
-14612,-1840,4056,-299,243,-77
-14648,-1832,4028,-296,259,-92
-14692,-1724,4008,-297,245,-92
-14692,-1756,4196,-295,244,-95
-14624,-1880,4096,-300,230,-106
-14712,-1808,4028,-291,256,-98
-14632,-1760,4140,-300,215,-116
-14624,-1828,3892,-295,232,-85
-14628,-1704,3988,-294,290,-104
-14632,-1880,4144,-303,232,-102
-14620,-1820,4100,-299,224,-89
-14668,-1760,4024,-291,257,-89
-14664,-1844,3968,-296,249,-101
-14700,-1780,4040,-292,237,-93
-14520,-1840,4104,-306,229,-95
-14700,-1764,4136,-298,248,-126
-14700,-1744,4208,-303,243,-91
-14596,-1848,3924,-294,247,-95
-14680,-1788,3860,-304,241,-92
-14648,-1716,4080,-299,239,-76
-14692,-1792,4176,-289,249,-95
-14652,-1720,3996,-306,259,-108
-14712,-1780,4124,-287,205,-80
-14560,-1796,4016,-318,281,-94
-14780,-1856,4008,-299,221,-97
-14624,-1796,4116,-299,232,-94
-14660,-1816,4132,-314,234,-103
-14632,-1800,4108,-284,230,-85
-14596,-1860,4068,-291,233,-100
-14628,-1864,4020,-292,235,-90
-14616,-1780,4172,-297,240,-97
-14624,-1812,4068,-287,219,-83
-14692,-1680,4124,-275,233,-70
-14660,-1804,4076,-316,230,-112
-14700,-1752,4152,-319,231,-66
-14696,-1828,3972,-285,211,-98
-14640,-1780,3964,-286,234,-100
-14752,-1860,3984,-311,205,-106
-14612,-1776,4016,-287,217,-64
-14664,-1752,4100,-300,245,-65
-14680,-1724,4072,-306,237,-95
-14672,-1780,4080,-328,236,-92
-14636,-1828,4076,-305,225,-92
-14612,-1816,4128,-308,236,-82
-14524,-1560,4128,-290,324,-105
-14644,-1812,4064,-298,235,-98
-14612,-1764,4084,-285,247,-75
-14672,-1680,4088,-300,234,-89
-14580,-1780,4104,-306,277,-103
-14640,-1828,4180,-301,258,-53
-14700,-1852,4028,-283,249,-103
-14712,-1872,4192,-292,249,-98
-14508,-1844,4052,-300,239,-77
-14644,-1796,4020,-290,238,-102
-14744,-1760,4132,-283,243,-93
-14604,-1780,4120,-288,251,-90
-14596,-1748,4012,-279,245,-73
-14656,-1824,4056,-292,231,-83
-14644,-1796,4044,-300,233,-87
-14696,-1772,4040,-287,230,-75
-14720,-1728,4184,-311,219,-69
-14592,-1788,3980,-308,213,-103
-14756,-1772,4056,-298,244,-83
-14556,-1708,3952,-284,242,-85
-14600,-1776,4040,-297,233,-85
-14684,-1804,4188,-303,235,-104
-14648,-1784,3996,-281,263,-92
-14692,-1716,4036,-287,222,-70
-14668,-1752,4104,-293,251,-71
-14680,-1748,4084,-294,267,-96
-14680,-1868,4244,-295,225,-75
-14644,-1804,4064,-297,244,-94
-14732,-1760,4072,-313,257,-80
-14628,-1740,3892,-307,206,-100
-14628,-1784,4036,-306,232,-99
-14592,-1764,4056,-292,256,-77
-14652,-1916,4044,-279,236,-72
-14608,-1832,4088,-292,254,-84
-14612,-1764,4036,-293,230,-99
-14780,-1800,4132,-297,249,-97
-14728,-1812,3972,-309,255,-90
-14712,-1784,4084,-299,231,-90
-14764,-1772,3960,-265,164,-93
-14696,-1788,4128,-287,254,-82
-14668,-1760,4132,-295,223,-61
-14644,-1740,4068,-310,237,-93
-14632,-1760,4148,-276,239,-78
-14600,-1724,4004,-292,223,-113
-14648,-1788,3956,-288,259,-100
-14584,-1680,4208,-306,249,-110
-14668,-1812,4048,-281,275,-86
-14688,-1820,4172,-284,229,-81
-14712,-1840,4044,-286,216,-82
-14568,-1872,4128,-300,256,-84
-14612,-1892,4160,-303,239,-90
-14712,-1756,4000,-294,231,-72
-14640,-1776,4180,-305,229,-95
-14684,-1680,3940,-289,216,-100
-14584,-1756,4136,-293,224,-86
-14616,-1692,4044,-293,223,-99
-14660,-1856,3968,-282,231,-106
-14792,-1764,4032,-293,250,-83
-14684,-1800,4080,-283,250,-92
-14628,-1776,4044,-306,278,-94
-14684,-1676,4132,-295,256,-96
-14588,-1852,4096,-304,250,-62
-14676,-1792,4112,-313,229,-99
-14552,-1800,4164,-282,199,-73
-14764,-1768,4120,-301,231,-111
-14616,-1832,4024,-301,243,-113
-14572,-1740,4048,-322,243,-114
-14576,-1872,4168,-288,267,-92
-14632,-1748,4024,-288,247,-92
-14620,-1748,4044,-313,246,-106
-14720,-1800,4208,-287,237,-65
-14628,-1664,4224,-318,266,-104
-14636,-1720,4044,-293,242,-82
-14684,-1808,4120,-303,221,-95
-14716,-1840,4028,-300,235,-106
-14604,-1800,4044,-304,214,-95
-14732,-1836,3976,-288,237,-91
-14668,-1704,4024,-288,245,-102
-14756,-1780,4072,-301,241,-112
-14812,-1788,4120,-290,252,-93
-14672,-1840,4072,-292,227,-100
-14732,-1756,4120,-293,237,-82
-14612,-1752,4128,-285,233,-85
-14680,-1764,4016,-308,248,-99
-14672,-1724,4148,-289,258,-90
-14696,-1848,4084,-301,245,-85
-14624,-1812,4052,-300,225,-95
-14688,-1772,4064,-295,256,-106
-14580,-1804,4048,-290,247,-81
-14656,-1876,3964,-269,274,-96
-14704,-1792,4140,-294,244,-106
-14664,-1828,3972,-299,254,-108
-14648,-1800,4104,-285,236,-97
-14696,-1772,4224,-302,237,-88
-14740,-1756,4136,-309,242,-76
-14624,-1788,3984,-278,241,-93
-14620,-1760,4196,-295,243,-125
-14612,-1712,4104,-285,222,-88
-14736,-1880,4036,-290,233,-85
-14640,-1788,4036,-303,258,-92
-14648,-1840,4184,-297,212,-96
-14608,-1684,4216,-311,250,-81
-14760,-1840,4024,-288,236,-103
-14556,-1704,4028,-299,243,-88
-14624,-1728,4004,-302,237,-107
-14616,-1792,4256,-290,259,-85
-14660,-1764,4124,-302,223,-99
-14636,-1824,4140,-297,238,-97
-14632,-1860,4024,-278,233,-95
-14760,-1716,4092,-304,245,-94
-14616,-1756,4068,-288,217,-82
-14636,-1724,4060,-279,244,-92
-14668,-1748,4016,-295,231,-113
-14728,-1724,4184,-290,226,-86
-14676,-1752,3964,-304,237,-96
-14672,-1744,3952,-296,216,-77
-14628,-1820,4012,-302,236,-125
-14712,-1876,4116,-286,213,-69
-14740,-1852,4040,-322,222,-88
-14660,-1868,4112,-301,221,-102
-14640,-1736,3956,-296,229,-76
-14608,-1772,4032,-307,225,-96
-14608,-1776,4136,-297,239,-98
-14700,-1792,4000,-295,234,-104
-14700,-1828,4112,-292,253,-122
-14760,-1824,4116,-298,230,-93
-14664,-1760,4096,-293,240,-97
-14752,-1708,4108,-300,247,-115
-14684,-1820,3976,-290,250,-68
-14692,-1752,4072,-291,233,-6460
-14692,-1752,4072,-291,233,-6460
-14668,-1904,4072,-300,251,-93
-14736,-1788,4084,-304,226,-109
-14632,-1832,4096,-308,258,-98
-14600,-1740,4080,-279,225,-85
-14644,-1776,4056,-324,266,-80
-14676,-1760,4024,-307,234,-92
-14568,-1828,4296,-292,228,-83
-14652,-1796,4004,-313,245,-95
-14676,-1856,4152,-270,241,-88
-14640,-1652,4136,-288,227,-59
-14664,-1688,4068,-296,239,-119
-14668,-1736,4264,-297,238,-98
-14636,-1712,4044,-313,226,-102
-14704,-1764,4028,-315,229,-96
-14572,-1800,4084,-317,257,-93
-14720,-1824,3992,-283,221,-76
-14544,-1852,4224,-314,213,-79
-14648,-1868,4096,-284,239,-110
-14692,-1764,4092,-282,232,-70
-14576,-1808,4212,-302,237,-90
-14696,-1836,4132,-295,228,-85
-14692,-1832,4036,-290,208,-89
-14624,-1768,4172,-292,259,-115
-14676,-1764,4032,-276,221,-92
-14572,-1824,3988,-287,223,-105
-14656,-1828,4044,-296,250,-92
-14628,-1840,4024,-299,240,-103
-14640,-1740,4096,-284,240,-97
-14632,-1900,4096,-288,247,-81
-14688,-1788,4060,-301,251,-107
-14668,-1764,4184,-300,253,-106
-14648,-1800,4044,-309,219,-112
-14600,-1748,4052,-302,235,-88
-14580,-1844,4124,-295,249,-93
-14640,-1812,4076,-282,229,-115
-14628,-1856,4080,-302,245,-101
-14672,-1816,3992,-305,250,-94
-14612,-1792,3960,-281,245,-90
-14644,-1724,4108,-290,223,-92
-14664,-1832,4004,-292,239,-93
-14636,-1760,4060,-288,227,-101
-14668,-1692,4044,-301,258,-105
-14696,-1860,4116,-284,207,-88
-14656,-1804,3996,-306,247,-96
-14612,-1804,3984,-291,242,-102
-14720,-1800,4052,-291,244,-112
-14668,-1760,4044,-302,219,-74
-14648,-1760,4140,-279,221,-67
-14624,-1800,3924,-307,252,-94
-14724,-1764,4052,-315,259,-95
-14732,-1804,3988,-275,245,-103
-14636,-1820,4020,-293,241,-76
-14664,-1868,4132,-285,243,-74
-14668,-1748,4096,-289,229,-91
-14664,-1788,4108,-288,262,-104
-14592,-1808,4036,-286,234,-94
-14640,-1820,4072,-305,249,-86
-14680,-1832254,,4052,-303,-77
-14616,-1852,3956,-302,233,-78
-14552,-1780,4128,-289,222,-74
-14688,-1788,4084,-289,260,-84
-14652,-1792,3984,-302,245,-88
-14608,-1800,4168,-306,248,-93
-14640,-1760,4096,-299,202,-107
-14632,-1824,4144,-267,228,-84
-14684,-1820,3964,-302,225,-76
-14684,-1736,4016,-311,259,-97
-14712,-1752,4020,-284,249,-108
-14604,-1748,4076,-277,230,-76
-14644,-1704,4064,-295,226,-101
-14596,-1808,4192,-304,241,-93
-14628,-1820,4016,-300,252,-100
-14708,-1760,4064,-302,254,-80
-14640,-1800,4128,-299,242,-82
-14552,-1772,4052,-294,245,-86
-14756,-1812,4056,-300,233,-101
-14708,-1816,4032,-296,227,-107
-14600,-1700,4060,-299,219,-79
-14564,-1800,4084,-301,211,-80
-14608,-1736,4088,-283,241,-111
-14760,-1800,4076,-285,238,-94
-14640,-1680,4088,-296,251,-84
-1497,206,-9628,-1864,3848,-310
-1497,206,-9628,-1864,3848,-310
-14644,-1748,4076,-286,240,-92
-1497,206,-9628,-1864,3848,-310
-14676,-1788,4004,-312,256,-98
-14660,-1772,3984,-289,245,-69
-14612,-1812,4044,-297,218,-89
-14680,-1812,4064,-292,229,-87
-14756,-1848,4084,-294,250,-93
-14504,-1700,4132,-289,251,-87
-14628,-1844,4152,-275,251,-90
-14616,-1760,3924,-294,257,-90
-14716,-1824,4108,-294,218,-107
-14680,-1780,4204,-311,260,-87
-14601856,4124,0,-1768,4060,-313
-14601856,4124,0,-1768,4060,-313
-14601856,4124,0,-1768,4060,-313
-14656,-1720,4116,-298,227,-96
-14648,-1812,3984,-305,215,-96
-14644,-1784,4060,-285,208,-96
-14648,-1680,4096,-304,250,-93
-14688,-1760,3952,-295,241,-81
-14652,-1800,3928,-288,255,-101
-14644,-1764,4024,-283,233,-104
-14656,-1692,4164,-295,206,-93
-14632,-1828,4072,-289,209,-98
-14776,-1800,4132,-299,271,-84
-14796,-1804,4076,-290,236,-113
-14620,-1740,4116,-307,229,-80
-14628,-1700,4156,-288,227,-85
-14616,-1776,4072,-298,241,-100
-14528,-1800,4296,-310,251,-107
-14712,-1740,3988,-300,232,-84
-14632,-1696,4040,-302,229,-80
-14632,-1736,4064,-307,254,-106
-14708,-1820,4064,-290,236,-91
-14584,-1760,4100,-304,232,-85
-14716,-1680,3940,-287,233,-142
-14688,-1832,4084,-316,215,-79
-14668,-1812,4104,-290,254,-91
-14656,-1832,4100,-293,254,-105
-14652,-1788,4072,-293,249,-91
-14596,-1776,4032,-305,224,-84
-14568,-1744,4000,-306,248,-84
-14780,-1804,4140,-316,238,-83
-14592,-1788,4204,-295,235,-97
-14620,-1720,4200,-288,252,-83
-14684,-1712,4088,-297,272,-86
-14608,-1836,3960,-293,241,-91
-14648,-1764,3952,-298,243,-94
-14660,-1784,4116,-314,226,-88
-14648,-1796,4044,-313,219,-114
-14672,-1800,4120,-303,233,-109
-14608,-1736,4036,-285,234,-86
-14708,-1868,4016,-296,228,-84
-14588,-1788,4168,-307,271,-95
-14744,-1720,4060,-289,230,-92
-14684,-1752,4212,-292,246,-119
-14656,-1744,4104,-293,231,-71
-14680,-1780,4264,-285,234,-88
-14600,-1728,4088,-300,242,-90
-14640,-1788,3904,-311,236,-86
-14656,-1780,4216,-311,233,-109
-14692,-1824,4024,-304,238,-89
-14836,-1756,4120,-294,266,-79
-14680,-1816,4028,-298,216,-102
-14628,-1788,4220,-310,235,-95
-14552,-1824,3972,-302,223,-102
-14660,-1804,4044,-277,217,-88
-14748,-1800,4132,-286,211,-69
-14540,-1784,3896,-301,228,-82
-14588,-1692,4140,-290,246,-90
-14624,-1828,4056,-305,208,-103
-14644,-1716,3908,-294,238,-75
-14688,-1760,4024,-283,255,-75
-14656,-1780,3996,-281,221,-88
-14660,-1832,4204,-303,247,-96
-14668,-1712,4276,-282,279,-87
-14492,-1632,4032,-298,252,-100
-14608,-1768,3868,-295,275,-89
-14676,-1856,4068,-308,244,-90
-14720,-1780,4036,-293,236,-107
-14672,-1792,3960,-299,263,-92
-14628,-1848,4104,-298,227,-71
-14664,-1816,3988,-303,236,-67
-14700,-1728,4068,-301,251,-89
-14756,-1752,4044,-296,237,-97
-14776,-1676,4148,-307,256,-98
-14656,-1872,4164,-295,224,-88
-14684,-1800,4132,-303,228,-96
-14736,-1688,4256,-283,216,-81
-14616,-1748,4028,-304,217,-119
-14552,-1708,4128,-293,243,-122
-14664,-1708,4000,-289,231,-108
-14592,-1716,4104,-286,255,-103
-14636,-1624,4160,-286,225,-89
-14676,-1840,4036,-286,267,-103
-14680,-1848,4072,-297,247,-95
-14632,-1764,4008,-301,288,-98
-14640,-1780,4008,-287,218,-94
-14644,-1844,4100,-302,215,-116
-14664,-1764,3908,-299,229,-105
-14712,-1740,4148,-284,241,-99
-14756,-1856,4076,-304,258,-104
-14724,-1736,3988,-272,243,-83
-14660,-1872,4076,-276,256,-82
-14692,-1744,4184,-308,240,-86
-14624,-1732,4048,-284,229,-66
-14764,-1816,4072,-296,244,-115
-14568,-1704,4192,-296,242,-81
-14660,-1888,4212,-291,236,-97
-14528,-1648,4164,-313,235,-94
-14664,-1864,4064,-289,237,-110
-14628,-1744,4096,-281,255,-98
-14584,-1780,4088,-322,238,-90
-14628,-1628,4124,-297,239,-98
-14576,-1848,4036,-306,245,-115
-14752,-1768,4144,-298,231,-90
-14620,-1708,4032,-276,226,-72
-14652,-1740,4068,-294,243,-93
-14624,-1828,4056,-292,230,-105
-14672,-1800,4016,-297,233,-87
-14632,-1712,4088,-277,245,-106
-14708,-1760,4036,-296,239,-90
-14640,-1856,4080,-289,242,-109
-14568,-1776,4060,-296,248,-81
-14676,-1776,3992,-282,234,-77
-14600,-1764,4076,-300,242,-112
-14628,-1704,3968,-289,231,-98
-14752,-1752,4032,-302,244,-96
-14568,-1780,4100,-293,221,-88
-14624,-1904,4040,-301,228,-108
-14660,-1760,4012,-296,243,-116
-14728,-1764,4024,-303,237,-88
-14708,-1856,4156,-291,241,-87
-14604,-1816,4116,-292,248,-80
-14684,-1832,3928,-289,228,-89
-14636,-1864,4128,-301,233,-103
-14692,-1784,3984,-281,261,-87
-14628,-1768,4188,-292,229,-68
-14664,-1744,4020,-276,243,-96
-14716,-1760,4204,-307,249,-81
-14804,-1760,4120,-313,237,-85
-14704,-1740,4152,-281,280,-74
-14720,-1760,4188,-294,229,-113
-14672,-1720,4176,-294,240,-84
-14684,-1732,4080,-291,234,-93
-14676,-1732,4112,-287,232,-84
-14732,-1712,4056,-293,240,-83
-14604,-1828,3964,-300,223,-90
-14628,-1816,4032,-288,248,-91
-14556,-1828,4084,-298,245,-106
-14552,-1740,4132,-291,236,-77
-14664,-1784,4188,-289,208,-57
-14668,-1864,4064,-297,218,-108
-14592,-1704,4068,-277,231,-104
-14672,-1824,4176,-295,254,-90
-14724,-1792,4040,-282,202,-73
-14696,-1732,4112,-301,228,-119
-14672,-1752,3960,-285,226,-107
-14636,-1852,4040,-295,247,-97
-14716,-1812,4080,-287,226,-76
-14632,-1772,4248,-286,234,-85
-14612,-1732,4112,-318,235,-111
-14572,-1820,3952,-294,233,-65
-14656,-1752,4128,-310,216,-100
-14612,-1788,3980,-289,235,-108
-14672,-1724,4068,-308,235,-97
-14660,-1764,4016,-297,244,-91
-14720,-1808,4148,-297,241,-90
-14704,-1720,4036,-295,233,-99
-14788,-1696,4100,-281,222,-78
-14664,-1860,4160,-293,243,-104
-14612,-1716,4080,-288,243,-88
-14680,-1860,4104,-295,243,-105
-14668,-1816,3988,-292,235,-104
-14748,-1848,4108,-301,228,-82
-14752,-1792,4064,-294,270,-98
-14652,-1720,3948,-300,233,-98
-14708,-1776,4080,-312,255,-86
-14688,-1852,4172,-302,242,-102
-14668,-1652,3912,-283,253,-82
-14652,-1752,3996,-309,231,-132
-14756,-1704,4080,-294,230,-75
-14704,-1880,4180,-294,252,-106
-14516,-1784,4068,-321,239,-106
-14704,-1780,3916,-300,212,-82
-14584,-1768,4012,-300,221,-98
-14668,-1764,4076,-297,246,-89
-14596,-1692,3980,-307,230,-102
-14592,-1736,4044,-295,239,-79
-14696,-1816,4124,-302,232,-91
-14660,-1756,4052,-300,252,-88
-14668,-1876,3932,-288,219,-82
-14692,-1936,3868,-273,208,-85
-14748,-1816,3940,-306,212,-112
-14700,-1688,3916,-292,242,-85
-14728,-1680,4076,-311,233,-79
-14776,-1768,3988,-292,231,-88
-14696,-1752,3936,-308,255,-106
-14684,-1696,3936,-286,267,-83
-14692,-1824,4020,-298,226,-89
-14676,-1720,4072,-295,228,-92
-14664,-1792,4100,-292,234,-78
-14664,-1716,4128,-294,238,-93
-14636,-1848,4048,-301,248,-83
-14612,-1760,4144,-281,228,-99
-14752,-1780,3888,-308,241,-81
-14704,-1704,4024,-310,242,-113
-14712,-1832,4080,-300,231,-114
-14700,-1764,4040,-307,256,-78
-14724,-1804,4200,-292,258,-72
-14588,-1716,4112,-283,246,-87
-14660,-1840,3868,-295,199,-106
-14668,-1824,4204,-288,230,-75
-14788,-1816,4004,-307,237,-107
-14652,-1836,4012,-300,239,-96
-14548,-1732,3936,-295,249,-86
-12,4124508,-1738,-293,240,-87
-14616,-1768,4128,-304,243,-67
-14636,-1704,4084,-290,235,-88
-14560,-1692,4056,-284,237,-79
-14704,-1716,4220,-291,236,-107
-14748,-1964,3932,-297,198,-105
-14508,-1780,4000,-298,243,-87
-14512,-1824,4132,-293,228,-93
-14624,-1732,4084,-292,213,-110
-14672,-1752,3968,-304,253,-93
-14652,-1820,4076,-277,232,-93
-14628,-1764,4168,-302,231,-97
-14628,-1836,3912,-295,240,-91
-14652,-1804,4120,-297,223,-82
-14640,-1636,4144,-298,221,-111
-14704,-1848,3936,-289,228,-85
-14616,-1780,4172,-291,239,-117
-14700,-1912,4060,-286,234,-104
-14644,-1872,4044,-290,239,-111
-14616,-1776,4000,-297,239,-70
-14564,-1876,3984,-283,229,-94
-14568,-1712,3952,-290,226,-103
-14596,-1744,4032,-294,237,-91
-14680,-1720,4084,-289,235,-92
-14560,-1796,4068,-313,239,-99
-14788,-1828,4112,-292,240,-82
-14672,-1784,4188,-282,230,-78
-14652,-1776,4128,-287,244,-112
-14656,-1812,4080,-289,240,-102
-14688,-1836,4000,-288,213,-73
-14636,-1776,4028,-288,222,-100
-14692,-1808,4148,-295,230,-94
-14724,-1728,4076,-302,237,-76
-14612,-1908,4124,-291,228,-108
-14576,-1772,3912,-306,246,-84
-14636,-1804,4008,-299,221,-116
-14704,-1784,4000,-305,237,-109
-14640,-1796,4036,-305,239,-95
-14788,-1796,4072,-299,246,-95
-14668,-1800,3972,-303,221,-99
-14640,-1764,4096,-306,249,-103
-14608,-1688,4048,-295,223,-84
-14664,-1884,3956,-286,266,-77
-14640,-1764,4188,-287,268,-92
-14728,-1828,3976,-299,223,-84
-14692,-1752,4056,-295,251,-100
-14732,-1744,4104,-299,255,-100
-14616,-1772,4096,-296,236,-116
-14592,-1840,4300,-295,235,-106
-14764,-1844,3980,-299,211,-88
-14580,-1788,4140,-280,253,-93
-14680,-1752,4076,-299,229,-68
-14628,-1724,4032,-291,252,-96
-14680,-1736,4116,-293,269,-84
-14708,-1784,4056,-308,243,-90
-14736,-1772,4024,-300,250,-71
-14620,-1832,3836,-297,243,-96
-14724,-1764,4000,-297,232,-115
-14672,-1932,4008,-297,194,-64
-14712,-1872,4040,-284,245,-75
-14704,-1836,3932,-310,210,-101
-14680,-1716,4084,-298,222,-94
-14660,-1800,4156,-287,240,-89
-14536,-1788,4124,-288,224,-93
-14604,-1708,3972,-300,201,-96
-14608,-1820,4132,-311,238,-106
-14748,-1752,4076,-307,223,-72
-14636,-1812,4080,-295,232,-86
-14692,-1672,4056,-287,230,-101
-14600,-1688,4180,-300,238,-104
-14556,-1736,4016,-299,249,-100
-14600,-1808,4100,-315,241,-104
-14696,-1816,4024,-311,251,-109
-14696,-1844,4040,-272,220,-84
-14556,-1820,4112,-291,232,-87
-14628,-1788,4132,-290,223,-87
-14668,-1840,4144,-310,231,-128
-14588,-1816,4144,-299,232,-78
-14660,-1840,4084,-283,276,-99
-14604,-1844,4244,-298,237,-108
-14636,-1772,4164,-266,246,-75
-14688,-1764,4028,-324,210,-108
-14680,-1800,3928,-282,242,-113
-14628,-1796,4140,-308,214,-91
-14720,-1788,4040,-306,238,-95
-14592,-1708,4096,-304,255,-110
-14612,-1816,4148,-292,244,-75
-14696,-1768,4180,-299,241,-114
-14572,-1808,4016,-300,232,-85
-14708,-1748,4036,-293,241,-107
-14560,-1772,3932,-300,255,-118
-14692,-1792,4056,-278,232,-92
-14528,-1724,4064,-299,238,-113
-14664,-1780,4176,-295,251,-117
-14676,-1828,3988,-295,235,-93
-14632,-1900,4112,-299,263,-116
-14648,-1792,3968,-282,228,-78
-14568,-1780,4032,-297,220,-87
-14632,-1792,4068,-296,217,-99
-14672,-1840,4072,-312,249,-104
-14604,-1812,4028,-282,241,-87
-14700,-1768,4060,-282,245,-11140
-14700,-1768,4060,-282,245,-11140
-14700,-1768,4060,-282,245,-11140
-14688,-1840,4188,-309,249,-90
-14692,-1772,4084,-311,251,-75
-14640,-1732,4188,-301,245,-77
-14712,-1764,4180,-310,251,-106
-14628,-1732,4036,-296,251,-125
-14696,-1680,4224,-289,258,-70
-14608,-1732,4076,-303,261,-109
-14744,-1840,4012,-294,219,-119
-14636,-1792,3884,-304,239,-108
-14640,-1788,3992,-306,242,-89
-14696,-1776,4120,-309,285,-95
-14600,-1924,3940,-299,237,-91
-14728,-1840,3996,-306,237,-76
-14584,-1696,4056,-289,244,-70
-14604,-1788,4052,-294,211,-81
-14588,-1692,4092,-298,254,-101
-14656,-1820,4140,-295,230,-96
-14596,-1784,4104,-291,245,-110
-14584,-1808,3932,-292,228,-93
-14708,-1860,4004,-286,216,-104
-14640,-1664,3896,-295,245,-111
-14792,-1776,4024,-299,229,-74
-14604,-1788,4048,-307,255,-92
-14680,-1708,4060,-283,254,-83
-14584,-1900,4088,-291,229,-118
-14644,-1784,4088,-291,244,-92
-14608,-1792,4120,-300,250,-78
-14676,-1760,4064,-309,234,-108
-14596,-1776,4072,-289,234,-90
-14604,-1800,4084,-283,264,-100
-14716,-1788,4128,-290,225,-97
-14712,-1800,4228,-291,225,-79
-14704,-1768,4004,-293,234,-88
-14620,-1828,4196,-288,245,-94
-14552,-1764,4096,-302,217,-92
-14660,-1776,4084,-301,238,-110
-14584,-1848,4140,-294,253,-115
-14692,-1756,4112,-304,231,-102
-14704,-1800,4008,-299,213,-83
-14532,-1664,4088,-295,227,-90
-14836,-1804,4040,-301,241,-73
-14588,-1716,4012,-308,224,-70
-14640,-1856,4140,-296,248,-99
-14676,-1836,4084,-294,253,-73
-14800,-1836,4044,-287,226,-63
-14680,-1756,3984,-314,258,-109
-14648,-1784,3976,-295,244,-83
-14568,-1704,4080,-312,262,-138
-14636,-1892,4172,-278,270,-107
-14704,-1916,4040,-291,246,-67
-14632,-1840,4032,-315,240,-78
-14648,-1768,4016,-286,213,-79
-14748,-1748,4068,-299,256,-115
-14660,-1776,3976,-283,235,-78
-14648,-1800,4048,-286,234,-100
-14692,-1716,4064,-313,224,-94
-14652,-1752,4188,-293,215,-106
-14672,-1816,4112,-283,241,-85
-14664,-1764,4064,-291,237,-98
-14676,-1772,4052,-295,253,-83
-14636,-1760,3980,-296,249,-91
-14600,-1860,4028,-298,236,-77
-14656,-1748,4040,-281,235,-80
-14660,-1720,4060,-308,220,-105
-14700,-1724,4108,-291,234,-120
-14776,-1800,4164,-282,231,-100
-14724,-1800,4132,-301,228,-90
-14736,-1820,3968,-310,230,-83
-14736,-1800,3988,-310,235,-83
-14728,-1744,4016,-293,227,-74
-14656,-1796,4140,-289,232,-78
-14728,-1760,4160,-306,227,-105
-14656,-1740,4084,-278,241,-100
-14552,-1856,3968,-291,249,-100
-14668,-1836,4064,-314,202,-88
-14684,-1696,3944,-297,235,-101
-14656,-1788,4024,-285,240,-102
-14640,-1832,4120,-291,231,-89
-14704,-1828,4112,-290,226,-106
-14680,-1672,4044,-294,248,-76
-14736,-1780,4056,-296,237,-79
-14608,-1716,4348,-306,272,-66
-14576,-1780,3988,-278,237,-100
-14656,-1772,4076,-315,220,-90
-14652,-1696,4252,-300,263,-132
-14572,-1776,4020,-285,230,-83
-14644,-1728,4040,-296,220,-88
-14616,-1776,4152,-283,244,-94
-14764,-1732,3996,-286,246,-89
-14660,-1728,3924,-302,264,-123
-14668,-1704,4144,-295,225,-83
-14624,-1764,4120,-282,213,-95
-14624,-1792,4032,-295,254,-94
-14768,-1644,3892,-285,226,-97
-14688,-1872,4084,-315,257,-113
-14704,-1740,4080,-284,230,-79
-14688,-1800,3960,-308,256,-80
-14688,-1884,4068,-306,234,-106
-14604,-1716,4036,-308,251,-87
-14704,-1820,4128,-298,239,-95
-14716,-1772,4152,-291,243,-86
-14616,-1788,4176,-304,246,-87
-14592,-1856,4036,-303,252,-99
-14736,-1744,4136,-288,239,-86
-14608,-1904,4052,-313,243,-92
-14724,-1700,4016,-299,242,-84
-14656,-1856,4264,-305,256,-124
-14548,-1772,4108,-287,221,-85
-14712,-1840,4132,-291,199,-46
-14808,-1832,3988,-302,235,-85
-14576,-1720,4016,-305,224,-107
-14668,-1844,3984,-297,255,-90
-14652,-1744,4092,-283,254,-85
-14516,-1792,4108,-307,262,-90
-14648,-1820,4152,-296,251,-89
-14672,-1844,4068,-283,263,-84
-14692,-1884,4008,-301,242,-107
-14520,-1740,4132,-302,246,-102
-14680,-1920,4196,-280,219,-103
-14624,-1736,4004,-294,244,-95
-14696,-1844,4068,-315,246,-102
-14656,-1788,4140,-305,245,-122
-14664,-1704,4072,-290,284,-91
-14580,-1748,4124,-305,268,-75
-14568,-1720,4004,-288,244,-81
-14732,-1844,4092,-298,245,-83
-14668,-1808,4088,-299,270,-102
-14668,-1804,3908,-290,232,-95
-14692,-1876,3992,-307,248,-76
-14720,-1820,4052,-302,270,-106
-14744,-1796,4204,-295,245,-89
-14672,-1716,4032,-303,244,-79
-14692,-1800,4028,-302,223,-96
-14796,-1844,3996,-297,234,-75
-14612,-1756,4036,-293,250,-90
-14660,-1844,4128,-275,249,-86
-14696,-1724,4140,-298,230,-86
-14740,-1816,4096,-289,244,-110
-14664,-1800,4112,-311,246,-100
-14660,-1828,4136,-305,233,-100
-14704,-1860,4056,-302,232,-104
-14580,-1772,4076,-281,252,-74
-14708,-1780,3984,-302,234,-86
-14708,-1756,4008,-296,236,-99
-14576,-1796,3924,-287,237,-88
-14716,-1788,3960,-296,245,-81
-14680,-1908,3960,-299,197,-100
-14652,-1784,4096,-284,254,-120
-14640,-1912,3992,-286,236,-56
-14704,-1884,4128,-282,219,-75
-14704,-1756,3980,-293,249,-93
-14684,-1844,3984,-309,240,-101
-14696,-1896,4148,-290,236,-93
-14604,-1700,4220,-286,233,-85
-14636,-1824,3952,-277,208,-92688
-14636,-1824,3952,-277,208,-92688
-14660,-1776,4032,-306,227,-91
-14648,-1752,4012,-315,229,-106
-14640,-1752,4124,-302,220,-74
-14668,-1788,4040,-301,241,-93
-14656,-1844,3964,-288,253,-95
-14680,-1804,4100,-302,260,-101
-14756,-1752,3944,-304,243,-84
-14652,-1720,3944,-308,252,-95
-14684,-1768,4184,-289,261,-67
-14680,-1788,4124,-294,201,-117
-14644,-1764,4192,-279,256,-80
-14676,-1804,3892,-309,217,-130
-14700,-1848,4096,-314,222,-92
-14648,-1788,4096,-290,243,-125
-14612,-1876,4064,-295,247,-95
-14712,-1860,4124,-311,244,-73
-14712,-1752,4112,-304,233,-72
-14552,-1688,4060,-294,230,-96
-14688,-1784,4092,-302,224,-77
-14668,-1752,4000,-294,233,-94
-14720,-1720,4232,-317,219,-78
-14656,-1788,4208,-294,244,-99
-14648,-1820,4044,-299,243,-87
-14648,-1816,3940,-287,260,-78
-14636,-1816,4012,-288,221,-88
-14576,-1784,4080,-300,236,-110
-14676,-1764,3992,-288,234,-90
-14548,-1736,4096,-299,221,-105
-14684,-1776,4084,-303,225,-82
-14716,-1860,3824,-288,172,-83
-14732,-1812,4064,-299,219,-100
-14588,-1744,4104,-299,221,-101
-14660,-1820,3840,-290,254,-95
-14616,-1888,4156,-300,262,-81
-14716,-1868,4136,-298,231,-67
-14596,-1640,4016,-310,257,-96
-14660,-1840,3976,-306,211,-76
-14664,-1656,4048,-300,231,-84
-14664,-1720,4000,-297,242,-112
-14788,-1748,4132,-310,208,-99
-14664,-1688,3976,-303,229,-171
-14580,-1808,4192,-298,261,-81
-14708,-1744,4132,-309,246,-111
-14580,-1760,4136,-290,228,-79
-14636,-1732,4108,-300,220,-89
-14628,-1848,4116,-291,226,-106
-14640,-1748,4184,-282,241,-86
-14596,-1736,3976,-286,243,-97
-14568,-1788,4048,-310,241,-95
-14640,-1792,4032,-313,246,-106
-14664,-1832,4116,-288,265,-68
-14628,-1764,4216,-309,257,-101
-14568,-1724,4032,-302,243,-106
-14672,-1812,4080,-295,261,-114
-14556,-1828,4036,-297,222,-101
-14624,-1808,4052,-296,259,-93
-14628,-1716,3936,-304,244,-103
-14676,-1764,4128,-298,221,-81
-14736,-1800,4104,-304,249,-106
-14716,-1748,3940,-303,254,-105
-14648,-1748,4080,-294,242,-89
-14692,-1836,3984,-293,273,-62
-14664,-1820,4144,-302,231,-84
-14640,-1760,4088,-290,248,-100
-14724,-1820,4052,-300,200,-108
-14636,-1780,4096,-301,230,-91
-14684,-1776,3984,-276,262,-76
-14704,-1836,4008,-290,241,-95
-14700,-1800,4108,-308,245,-113
-14724,-1868,4124,-289,235,-64
-14732,-1812,4232,-279,232,-82
-14604,-1784,4196,-284,246,-87
-14556,-1796,3972,-310,244,-78
-14696,-1848,4044,-293,252,-78
-14684,-1804,4128,-320,244,-98
-14636,-1780,3992,-294,230,-85
-14732,-1824,4036,-300,241,-105
-14744,-1820,4220,-302,236,-83
-14648,-1764,4116,-303,251,-90
-14768,-1772,4036,-306,260,-89
-14656,-288,237,-1744,4112,-98
-14644,-1832,4124,-297,239,-88
-14728,-1712,4072,-295,255,-111
-14692,-1696,3984,-283,259,-93
-14768,-1792,4008,-303,223,-77
-14712,-1748,4236,-301,257,-81
-14680,-1744,3876,-294,254,-89
-14768,-1836,3988,-290,244,-77
-14508,-1748,4144,-276,251,-112
-14576,-1728,4020,-312,247,-90
-14700,-1724,4192,-290,224,-84
-14680,-1720,4040,-298,239,-109
-14584,-1668,4124,-307,257,-87
-14684,-1808,4064,-295,236,-89
-14696,-1772,4104,-301,225,-68
-14708,-1716,4032,-295,221,-98
-14672,-1720,4052,-296,265,-105
-14704,-1832,4016,-311,227,-89
-14648,-1856,4004,-308,226,-117
-14632,-1716,4116,-295,248,-100
-14644,-1804,4148,-303,218,-128
-14716,-1788,3936,-282,228,-115
-14596,-1788,4092,-295,245,-121
-14572,-1812,4092,-288,226,-106
-14636,-1828,4040,-303,264,-78
-14580,-1824,4092,-290,246,-90
-14756,-1820,4060,-292,214,-97
-14592,-1828,3988,-300,237,-84
-14636,-1736,4184,-299,248,-113
-14644,-1820,4028,-291,247,-102
-14636,-1808,4000,-306,222,-108
-14664,-1816,3972,-299,230,-88
-14688,-1772,4128,-283,239,-86
-14648,-1760,3992,-293,229,-72
-14632,-1800,4140,-299,243,-73
-14692,-1736,4000,-281,236,-90
-14616,-1780,4268,-286,240,-78
-14732,-1724,3924,-319,239,-107
-14680,-1852,4084,-310,220,-118
-14700,-1716,4024,-302,214,-96
-14520,-1692,4012,-305,225,-95
-14684,-1852,4092,-303,246,-84
-14676,-1792,4040,-286,239,-92
-14580,-1844,4108,-294,230,-94
-14648,-1796,4004,-316,232,-94
-14572,-1764,4040,-309,250,-98
-14644,-1768,4132,-301,205,-109
-14688,-1780,4096,-278,244,-76
-14600,-1856,4104,-281,245,-90
-14756,-1872,4132,-294,255,-96
-14736,-1772,4024,-303,251,-85
-14624,-1832,4192,-292,255,-64
-14656,-1720,3952,-288,242,-90
-14556,-1748,4024,-287,230,-81
-14676,-1804,4204,-273,232,-88
-14636,-1812,4164,-312,254,-75
-14748,-1772,4096,-294,228,-92
-14648,-1696,4048,-286,260,-113
-14676,-1796,4052,-289,245,-88
-14608,-1816,3944,-292,226,-88
-14640,-1692,4020,-311,236,-73
-14688,-1800,4072,-300,254,-83
-14576,-1696,4124,-296,233,-106
-14524,-1776,4092,-291,243,-88
-14668,-1744,4120,-285,205,-85
-14592,-1744,4172,-297,251,-100
-14648,-1812,4136,-288,217,-87
-14616,-1708,4100,-280,244,-78
-14672,-1872,4036,-279,235,-78
-14732,-1760,4064,-284,256,-77
-14604,-1680,4120,-291,211,-94
-14648,-1748,4116,-307,219,-75
-14676,-1840,4144,-291,234,-97
-14616,-1800,4132,-273,265,-93
-14748,-1760,4212,-290,219,-85
-14628,-1780,4124,-308,227,-86
-14604,-1772,4124,-296,230,-85
-14720,-1816,4168,-284,249,-58
-14576,-1708,4076,-304,224,-96
-14632,-1744,4156,-304,234,-92
-14628,-1796,3900,-275,242,-84
-14596,-1804,4192,-301,245,-82
-14696,-1724,4184,-286,218,-106
-14672,-1772,4004,-287,253,-95
-14660,-1808,4096,-287,217,-93
-14644,-1776,4056,-292,260,-95
-14664,-1668,4092,-279,229,-95
-14664,-1812,4112,-295,216,-106
-14720,-1808,4032,-276,236,-102
-14640,-1788,4196,-295,231,-84
-14668,-1804,4128,-289,273,-102
-14688,-1792,4192,-304,230,-98
-14604,-1824,4036,-309,240,-79
-14668,-1744,3944,-279,237,-91
-14556,-1800,4104,-302,226,-71
-14648,-1736,3992,-310,250,-88
-14676,-1824,4020,-287,242,-107
-14644,-1736,4088,-294,231,-94
-14576,-1752,4132,-278,234,-118
-14656,-1660,4060,-271,239,-100
-14644,-1644,3932,-288,231,-110
-14740,-1876,4044,-284,244,-73
-14704,-1776,4024,-301,234,-100
-14656,-1776,4100,-295,235,-80
-14608,-1876,4056,-282,250,-86
-14548,-1840,4180,-294,240,-74
-14680,-1744,3940,-287,248,-98
-14664,-1876,4096,-294,242,-111
-14732,-1792,4072,-283,240,-93
-14696,-1800,4188,-291,230,-93
-14696,-1728,4176,-299,233,-103
-14692,-1744,3960,-282,226,-83
-14608,-1776,4024,-299,247,-87
-14568,-1844,3980,-281,254,-94
-14588,-1876,4112,-304,235,-103
-14624,-1832,3952,-312,240,-90
-14592,-1696,3960,-305,243,-92
-14604,-1800,3980,-293,226,-93
-14676,-1840,4032,-289,232,-87
-14692,-1844,4196,-304,228,-99
-14696,-1740,3892,-287,242,-84
-14680,-1868,4132,-302,236,-117
-14692,-1788,4040,-296,209,-97
-14660,-1740,4188,-305,208,-81
-14664,-1724,4052,-312,235,-112
-14728,-1784,3960,-286,228,-82
-14604,-1756,3996,-280,216,-94
-14648,-1800,4132,-305,236,-109
-14704,-1828,4068,-305,231,-97
-14720,-1820,4096,-293,239,-79
-14712,-1760,4112,-290,252,-94
-14636,-1776,4172,-297,255,-85
-14692,-1684,4040,-281,255,-65
-14676,-1712,3980,-296,229,-98
-14624,-1856,4184,-285,230,-102
-14692,-1800,3984,-279,245,-85
-14728,-1828,4040,-286,236,-65
-14660,-1788,4016,-299,249,-93
-14700,-1772,4040,-303,234,-89
-14704,-1840,4144,-298,220,-96
-14552,-1720,4012,-303,229,-89
-14712,-1744,4164,-285,233,-95
-14736,-1876,3984,-284,234,-110
-14664,-1820,4024,-292,241,-89
-14676,-1736,4076,-301,245,-86
-14636,-1732,4036,-302,237,-100
-14728,-1784,3952,-298,232,-93
-14712,-1680,4088,-290,244,-90
-14680,-1816,4076,-285,231,-101
-14676,-1756,4100,-297,230,-96
-14644,-1792,4176,-315,235,-100
-14648,-1736,4064,-319,240,-89
-14644,-1828,3888,-327,239,-113
-14636,-1792,3984,-287,256,-105
-14720,-1776,4180,-284,253,-82
-14628,-1724,4104,-300,240,-92
-14584,-1816,4304,-320,216,-81
-14580,-1804,4080,-304,261,-98
-14612,-1756,4048,-314,209,-97
-14760,-1752,4108,-305,241,-112
-14720,-1808,4100,-286,228,-100
-14648,-1848,3976,-294,230,-96
-14692,-1788,4004,-298,253,-107
-14576,-1760,4080,-285,240,-93
-14684,-1796,3908,-285,254,-117
-14552,-1732,4032,-310,252,-65
-14660,-1800,4036,-292,250,-83
-14620,-1800,3996,-292,247,-104
-14640,-1840,3920,-282,223,-102
-14628,-1840,3984,-297,227,-111
-14696,-1796,4024,-314,220,-96
-14680,-1744,3904,-305,253,-121
-14636,-1840,4056,-306,249,-91
-14680,-1724,4040,-288,241,-79
-14620,-1716,4076,-303,244,-77
-14628,-1756,4228,-306,275,-82
-14604,-1788,3948,-285,279,-83
-14620,-1800,4144,-299,274,-88
-14592,-1748,3836,-285,232,-120
-14668,-1804,4180,-300,268,-89
-14632,-1744,4140,-302,242,-89
-14504,-1792,4144,-279,246,-94
-14716,-1720,4100,-297,249,-93
-14652,-1876,4008,-295,220,-63
-14760,-1776,4024,-301,234,-72
-14604,-1784,4020,-302,245,-92
-14632,-1696,4008,-303,260,-116
-14720,-1826,2474,3996,-28,-74
-14628,-1856,3980,-306,237,-100
-14692,-1760,4120,-300,235,-104
-14648,-1760,4216,-290,245,-74
-14664,-1720,4112,-313,258,-113
-14692,-1756,3980,-315,224,-53
-14616,-1836,4100,-277,212,-108
-14708,-1804,4144,-280,241,-87
-14612,-1776,4128,-286,234,-110
-14624,-1816,4088,-300,258,-101
-14640,-1784,3984,-311,222,-96
-14636,-1748,4088,-301,236,-96
-14660,-1876,3960,-289,252,-104
-14632,-1736,3996,-295,213,-82
-14684,-1748,4196,-287,250,-98
-14712,-1800,4068,-298,243,-76
-14740,-1776,4076,-309,236,-90
-14644,-1736,4020,-297,249,-94
-14724,-1788,4024,-315,239,-96
-14708,-1732,3976,-308,234,-103
-14608,-1724,4136,-298,240,-97
-14556,-1792,4120,-308,232,-77
-14572,-1844,4032,-283,235,-108
-14788,-1916,4236,-301,218,-85
-14696,-1772,4108,-296,243,-83
-14680,-1808,4284,-296,224,-91
-14636,-1752,4216,-300,250,-98
-14716,-1744,4068,-289,258,-94
-14672,-1720,4280,-283,263,-99
-14688,-1852,3928,-297,232,-120
-14540,-1796,4128,-295,246,-122
-14684,-1820,4188,-290,220,-87
-14684,-1804,4148,-285,221,-81
-14752,-1740,4036,-290,221,-92
-14660,-1720,4024,-307,241,-78
-14596,-1792,4176,-300,234,-62
-14664,-1720,4068,-290,235,-92
-14700,-1840,4024,-298,223,-88
-14524,-1996,4196,-248,284,-54
-14684,-1780,4096,-274,252,7
-14736,-1716,4152,-274,233,-50
-14692,-1780,4008,-305,243,-83
-14604,-1640,4040,-310,207,-117
-14688,-1916,4072,-294,233,-110
-14576,-1700,4100,-280,245,-120
-14660,-1792,4100,-309,220,-86
-14776,-1820,4140,-304,264,-78
-14652,-1788,4104,-281,234,-78
-14680,-1768,4092,-288,245,-79
-14624,-1816,4120,-288,218,-93
-14720,-1712,4052,-302,253,-91
-14620,-1756,4128,-307,226,-92
-1,3960,-2954640,-1724,243,-94
-14696,-1796,4172,-316,225,-99
-14624,-1792,3932,-320,189,-123
-14640,-1788,3936,-303,245,-62
-14684,-1748,4212,-285,244,-70
-14616,-1768,3740,-310,253,-119
-14652,-1744,4056,-300,214,-126
-14636,-1832,4128,-298,208,-88
-14752,-1740,3956,-308,241,-85
-14676,-1756,4112,-283,195,-112
-14688,-1844,4148,-283,234,-75
-14640,-1820,4000,-287,248,-76
-14684,-1732,4236,-297,257,-98
-14736,-1764,4068,-279,210,-52
-14668,-1808,4052,-304,258,-105
-14600,-1820,4032,-312,222,-117
-14632,-1736,3888,-296,260,-94
-14656,-1724,3932,-303,233,-95
-14760,-1812,4052,-295,242,-96
-14628,-1852,4180,-276,242,-103
-14728,-1792,4252,-272,214,-29
-14800,-1928,4096,-271,212,-38
-14712,-1844,4176,-290,239,-138
-14572,-1788,4176,-314,235,-113
-14512,-1900,4356,-268,174,-40
-14612,-1740,4428,-301,358,-42
-14628,-1832,4068,-295,248,-89
-14436,-1668,4172,-322,274,-168
-14680,-1836,4048,-302,199,-103
-14724,-1876,4016,-302,249,-132
-14708,-1880,3876,-308,215,-157
-14668,-1856,3940,-300,223,-111
-14556,-1668,4112,-302,245,-84
-14680,-1840,3984,-306,221,-85
-14696,-1848,4164,-291,224,-94
-14660,-1736,4220,-294,233,-99
-14612,-1800,4128,-303,234,-113
-14636,-1804,3992,-297,234,-114
-14620,-1776,4096,-308,251,-100
-14684,-1808,4016,-308,259,-107
-14828,-1872,4084,-301,249,-90
-14668,-1784,4116,-284,211,-82
-14692,-1856,4052,-291,275,-65
-14544,-1744,4104,-298,223,-93
-14708,-1880,4236,-282,229,-71
-14760,-1772,4024,-287,244,-85
-14652,-1816,3952,-299,249,-95
-14704,-1804,4108,-296,226,-95
-14652,-1720,4196,-289,260,-93
-14632,-1732,4068,-292,231,-95
-14744,-1756,4128,-293,259,-79
-14644,-1724,4048,-305,241,-74
-14660,-1736,4128,-279,237,-97
-14624,-1888,3956,-296,233,-86
-14628,-1760,3948,-313,240,-100
-14736,-1812,4084,-310,246,-122
-14692,-1736,4156,-301,240,-97
-14728,-1808,4172,-295,232,-95
-14704,-1868,4056,-318,244,-93
-14704,-1756,4040,-288,235,-79
-14656,-1716,4164,-286,237,-97
-14668,-1756,4016,-293,244,-90
-14692,-1740,4028,-305,225,-88
-14708,-1712,4092,-291,231,-101
-14688,-1824,4088,-301,231,-95
-14608,-1764,4124,-296,234,-95
-14688,-1804,4016,-304,217,-100
-14616,-1764,4104,-298,231,-91
-14640,-1816,4100,-301,229,-87
-14556,-1736,4080,-316,254,-108
-14536,-1804,4284,-297,247,-77
-14692,-1704,4092,-317,247,-120
-14748,-1748,4084,-299,250,-109
-14552,-1840,4060,-303,228,-78
-14604,-1792,4044,-310,235,-93
-14688,-1736,4208,-296,241,-92
-14632,-1772,3944,-312,258,-87
-14736,-1800,4160,-304,224,-77
-14668,-1800,4120,-304,256,-76
-14692,-1788,4096,-306,231,-78
-16,4032,-214596,-1898,236,-86
-14568,-1708,4016,-291,258,-108
-14620,-1824,4084,-300,223,-86
-14672,-1764,4044,-290,252,-120
-14776,-1760,4016,-310,217,-102
-14652,-1796,4112,-292,231,-94
-14656,-1788,4188,-285,253,-68
-14692,-1848,4052,-303,219,-86
-14676,-1796,3968,-320,263,-85
-14640,-1844,4116,-286,239,-107
-14620,-1820,4300,-285,248,-110
-14672,-1772,4036,-305,240,-103
-14608,-1744,4088,-309,221,-108
-14620,-1716,4012,-310,238,-86
-14676,-1736,4112,-300,243,-87
-14744,-1788,4008,-295,235,-87
-14720,-1808,3992,-284,239,-99
-14740,-1800,4004,-301,210,-99
-14628,-1744,3996,-311,246,-108
-14712,-1812,4096,-295,237,-91
-14664,-1776,4096,-316,236,-100
-14636,-1836,4132,-284,220,-95
-14700,-1828,4112,-293,242,-74
-14680,-1804,4100,-289,244,-84
-14612,-1828,3916,-285,226,-72
-14676,-1784,4116,-282,224,-92
-14712,-1808,4048,-283,228,-92
-14684,-1900,4180,-298,219,-96
-14716,-1748,4072,-301,259,-97
-14648,-1768,4180,-290,252,-81
-14668,-1752,4192,-301,263,-86
-14624,-1860,4028,-287,269,-89
-14660,-1760,4048,-290,252,-101
-14692,-1796,4020,-308,245,-83
-14568,-1732,4112,-297,231,-100
-14708,-1736,4088,-290,216,-99
-14672,-1684,4072,-304,240,-101
-14684,-1808,4044,-280,228,-97
-14668,-1760,4124,-293,246,-88
-14704,-1848,3972,-300,233,-92
-14620,-1816,3956,-295,232,-82
-14768,-1800,4044,-312,225,-73
-14660,-1788,4000,-300,243,-90
-14728,-1884,4120,-296,233,-78
-14692,-1840,4292,-293,252,-91
-14684,-1712,4092,-306,239,-94
-14568,-1836,4104,-295,230,-108
-14600,-1704,4080,-286,229,-76
-14664,-1764,4044,-302,238,-99
-14688,-1720,4028,-307,251,-91
-14640,-1848,3984,-286,244,-78
-14692,-1764,4008,-300,226,-89
-14672,-1780,3972,-301,242,-96
-14588,-1840,4148,-303,244,-94
-14636,-1788,3952,-310,259,-91
-14720,-1772,4044,-293,222,-74
-14608,-1764,3976,-323,221,-85
-14608,-1732,4036,-296,242,-72
-14648,-1804,4004,-280,219,-97
-14768,-1912,4064,-300,251,-91
-14692,-1736,4084,-285,239,-102
-14628,-1752,4048,-294,238,-100
-14660,-1740,4216,-303,249,-86
-14744,-1788,4048,-301,234,-99
-14740,-1768,4016,-304,228,-80
-14636,-1732,4072,-291,237,-102
-14604,-1876,4076,-284,235,-121
-14680,-1724,4144,-298,232,-92
-14660,-1784,4164,-289,250,-77
-14580,-1724,4048,-308,260,-106
-14636,-1760,4080,-289,225,-109
-14684,-1756,4056,-322,240,-100
-14692,-1820,4044,-308,236,-94
-14680,-1748,4148,-290,237,-108
-14584,-1808,4000,-307,240,-92
-14660,-1748,4112,-304,240,-104
-14708,-1816,4064,-304,259,-79
-14548,-1852,3996,-299,235,-75
-14592,-1812,3980,-296,219,-83
-14720,-1836,4144,-292,228,-97
-14712,-1836,4144,-296,252,-96
-14752,-1852,4012,-304,233,-97
-14700,-1804,4012,-291,219,-80
-14676,-1720,4104,-269,245,-84
-14656,-1816,4192,-316,260,-100
-14644,-1716,4136,-295,231,-100
-14684,-1816,4076,-308,251,-99
-14628,-1820,4120,-297,216,-85
-14632,-1772,4048,-305,240,-101
-14612,-1808,4144,-302,269,-94
-14648,-1744,4204,-294,212,-96
-14660,-1760,4008,-292,230,-94
-14616,-1764,4128,-304,228,-98
-14616,-1800,4104,-299,269,-68
-14604,-1752,4024,-295,228,-96
-14704,-1864,4168,-291,235,-91
-14660,-1780,4192,-290,236,-108
-14648,-1808,3976,-291,261,-115
-14636,-1820,3968,-313,243,-92
-14548,-1732,4152,-308,228,-95
-14664,-1780,4092,-283,251,-81
-14632,-1816,4100,-300,226,-86
-14636,-1812,4100,-285,239,-89
-14680,-1744,4100,-316,250,-75
-14576,-1828,4104,-283,243,-105
-14572,-1748,4072,-315,237,-88
-14552,-1784,4056,-281,250,-108
-14592,-1796,4188,-291,226,-104
-14668,-1740,4104,-314,256,-85
-14668,-1816,4096,-289,248,-76
-14604,-1676,4036,-307,252,-108
-14636,-1748,4124,-300,248,-71
-14720,-1888,4108,-300,234,-78
-14716,-1688,3936,-299,250,-61
-14664,-1760,4020,-305,232,-78
-14672,-1796,4196,-291,238,-89
-14656,-1744,3920,-296,258,-98
-14656,-1684,4016,-288,239,-105
-14760,-1872,4064,-313,250,-100
-14648,-1856,4116,-307,227,-89
-14728,-1680,4244,-306,222,-115
-14596,-1808,4128,-281,250,-76
-14572,-1768,4084,-289,234,-98
-14684,-1748,4212,-311,224,-95
-14604,-1760,4044,-299,226,-91
-14740,-1784,4044,-310,249,-66
-14748,-1820,4080,-287,242,-96
-14756,-1808,4108,-303,249,-110
-14612,-1748,4172,-281,266,-84
-14668,-1800,4160,-298,250,-84
-14676,-1760,4188,-304,234,-91
-14712,-1808,3948,-307,195,-105
-14652,-1820,4116,-305,221,-86
-14540,-1776,3984,-290,217,-98
-14592,-1780,3988,-309,267,-96
-14732,-1716,4072,-291,234,-79
-14616,-1840,4072,-298,228,-98
-14656,-1792,4108,-271,242,-71
-14692,-1892,4132,-301,246,-120
-14596,-1736,4072,-299,235,-68
-14704,-1752,4228,-281,226,-91
-14704,-1772,3996,-295,262,-110
-14592,-1804,4088,-294,216,-99
-14720,-1844,4140,-306,236,-94
-14584,-1692,4000,-303,219,-90
-14724,-1788,4008,-308,236,-105
-14688,-1760,3960,-298,206,-101
-14724,-1840,4084,-290,217,-91
-14668,-1696,4016,-282,261,-94
-14756,-1804,3996,-298,213,-101
-14572,-1840,4236,-285,228,-88
-14656,-1716,4012,-299,249,-102
-14672,-1756,4116,-290,228,-105
-14624,-1736,4012,-308,254,-87
-14584,-1904,4020,-285,206,-102
-14600,-1812,4192,-291,226,-98
-14712,-1808,4060,-289,260,-65
-14612,-1836,4140,-290,261,-90
-14612,-1772,4100,-301,241,-80
-14612,-1788,4108,-288,230,-80
-14668,-1832,4144,-277,266,-90
-14692,-1788,3964,-292,227,-103
-14752,-1652,4172,-285,241,-108
-14660,-1844,4076,-285,202,-103
-14748,-1800,4092,-277,229,-76
-14768,-1740,3940,-303,275,-109
-14684,-1756,4196,-303,244,-92
-14708,-1816,4100,-293,243,-87
-14540,-1736,4020,-294,227,-95
-14668,-1784,4120,-304,243,-123
-14664,-1780,4028,-300,247,-85
-14636,-1840,4140,-314,244,-105
-14732,-1728,4100,-307,237,-119
-14700,-1772,4116,-297,232,-105
-14656,-1752,4136,-297,239,-81
-14616,-1764,4068,-280,254,-91
-14676,-1736,4116,-297,226,-86
-14612,-1792,3976,-285,243,-79
-14696,-1760,4076,-308,222,-103
-14632,-1872,4112,-301,211,-95
-14540,-1748,4080,-288,224,-86
-14704,-1860,4012,-301,256,-80
-14644,-1732,3984,-298,243,-79
-14636,-1828,4084,-305,232,-109
-14712,-1784,4044,-281,241,-100
-14720,-1736,3972,-306,237,-89
-14600,-1732,4096,-300,224,-86
-14648,-1820,4012,-312,249,-95
-14580,-1700,4008,-303,252,-107
-14680,-1812,4064,-304,238,-103
-14652,-1672,4040,-300,231,-102
-14728,-1824,4172,-289,226,-98
-14704,-1724,4016,-288,229,-83
-14732,-1788,3960,-301,238,-105
-14712,-1808,4056,-309,258,-94
-14680,-1804,4060,-287,228,-93
-8,3992,-2914684,-1681,241,-92
-14792,-1752,4116,-289,217,-86
-14628,-1808,4204,-305,248,-96
-14660,-1656,4240,-302,303,-51
-14608,-1820,4052,-302,239,-114
-14680,-1696,3892,-300,217,-84
-14760,-1832,4080,-284,255,-89
-14680,-1776,4156,-289,246,-76
-14680,-1652,4156,-304,200,-66
-14648,-1760,4120,-287,238,-86
-14668,-1876,4020,-316,238,-102
-14688,-1832,4096,-282,236,-102
-14576,-1824,4132,-292,237,-113
-14520,-1744,4224,-307,269,-136
-14576,-1736,4068,-293,267,-91
-14728,-1820,4036,-283,245,-97
-14684,-1804,4104,-312,231,-80
-14680,-1780,4100,-304,248,-93
-14616,-1764,4072,-294,226,-89
-14608,-1760,4080,-297,233,-92
-14544,-1772,4080,-302,233,-115
-14716,-1688,4064,-277,246,-92
-14588,-1788,4132,-300,224,-92
-14712,-1840,4020,-296,233,-97
-14728,-1860,4068,-313,241,-89
-14712,-1764,4024,-301,249,-82
-14684,-1808,4164,-291,235,-103
-14700,-1828,3948,-325,230,-95
-14716,-1856,3912,-301,219,-116
-14648,-1728,4096,-311,236,-95
-14780,-1812,4064,-284,223,-84
-14656,-1792,4092,-305,236,-95
-14688,-1708,4172,-300,241,-92
-14588,-1816,4088,-286,224,-70
-14648,-1780,3980,-290,250,-81
-14688,-1792,4052,-296,218,-107
-14708,-1728,4084,-300,240,-94
-14672,-1808,4180,-286,215,-111
-14648,-1816,4020,-303,235,-73
-14708,-1804,3968,-306,228,-87
-14756,-1792,4084,-297,249,-110
-14604,-1772,4152,-292,252,-85
-14564,-1808,4128,-281,258,-92
-14656,-1812,4124,-282,234,-66
-14636,-14124,-288764,,235,-109
-14664,-1652,4132,-282,198,-80
-14632,-1728,4096,-289,226,-105
-14672,-1804,4084,-305,236,-89
-14604,-1832,4028,-312,229,-104
-14716,-1840,4060,-289,259,-106
-14708,-1800,4056,-301,247,-77
-14720,-1832,4096,-291,247,-104
-14680,-1824,4044,-296,233,-108
-14684,-1760,4132,-291,259,-113
-14700,-1784,4020,-306,243,-78
-14636,-1720,4024,-320,220,-95
-14608,-1720,4072,-311,243,-101
-14676,-1768,4072,-298,224,-100
-14636,-1804,3988,-302,226,-95
-14612,-1816,4204,-291,278,-91
-14748,-1760,4088,-291,240,-104
-14684,-1784,4092,-290,243,-74
-14640,-1752,3968,-278,215,-69
-14740,-1736,4040,-297,264,-86
-14592,-1764,4072,-302,233,-91
-14804,-1680,4108,-310,258,-99
-14616,-1820,4148,-297,229,-88
-14636,-1784,4196,-288,235,-105
-14716,-1832,4076,-279,252,-110
-14684,-1812,4172,-305,234,-88
-14628,-1800,3976,-295,216,-99
-14548,-1748,4160,-287,264,-75
-14588,-1856,4040,-285,271,-66
-14632,-1756,4144,-310,246,-104
-14664,-1816,4064,-313,243,-105
-14652,-1756,3992,-300,228,-87
-14644,-1768,4232,-277,236,-95
-14616,-1756,3940,-282,257,-73
-14636,-1856,4072,-310,231,-101
-14672,-1724,4160,-282,237,-84
-14716,-1768,4028,-290,231,-90
-14560,-1680,4112,-298,216,-91
-14492,-1820,4328,-309,258,-81
-14624,-1792,4024,-305,277,-123
-14616,-1796,4096,-305,218,-110
-14680,-1748,4104,-301,229,-110
-14552,-1816,4024,-299,250,-73
-14656,-1732,4188,-285,236,-126
-14664,-1656,4052,-292,224,-88
-14668,-1812,4092,-306,246,-102
-14696,-1764,3952,-306,238,-77
-14644,-1876,4008,-291,227,-82
-14712,-1756,4040,-301,246,-84
-14572,-1724,4060,-292,230,-98
-14724,-1756,4168,-277,253,-79
-14632,-1796,4080,-316,242,-107
-14652,-1804,4052,-293,221,-91
-14668,-1772,4104,-301,260,-107
-14748,-1636,4004,-287,233,-88
-14636,-1776,4252,-278,223,-78
-14620,-1776,4068,-296,236,-105
-14720,-1732,4040,-290,235,-110
-14640,-1796,4148,-290,233,-119
-14660,-1772,4124,-280,233,-89
-14656,-1856,3916,-289,228,-103
-14660,-1732,3976,-291,252,-88
-14632,-1804,3976,-294,239,-118
-14664,-1792,4008,-305,252,-89
-14684,-1780,4136,-286,224,-84
-14684,-1812,4048,-297,253,-84
-14668,-1772,4124,-290,239,-95
-14676,-1744,4080,-286,234,-92
-14756,-1712,4048,-309,249,-116
-14720,-1900,4168,-291,232,-113
-14668,-1716,4032,-290,232,-102
-14704,-1812,4252,-301,218,-91
-14612,-1784,4064,-299,256,-104
-14664,-1800,4180,-290,241,-79
-14824,-1700,4132,-279,237,-75
-14736,-1672,4028,-305,220,-92
-14704,-1864,4052,-292,236,-115
-14620,-1804,4188,-312,231,-75
-14628,-1748,3888,-274,219,-110
-14748,-1764,4108,-300,249,-100
-14716,-1828,4200,-293,233,-79
-14568,-1844,3932,-288,224,-86
-14712,-1796,4124,-298,239,-65
-14660,-1868,4116,-304,238,-76
-14692,-1772,4012,-299,247,-75
-14728,-1712,3980,-300,247,-107
-14612,-1728,4004,-293,229,-122
-14660,-1760,4144,-313,223,-82
-14688,-1740,4084,-297,245,-105
-14648,-1848,4084,-295,211,-83
-14616,-1836,4056,-298,229,-96
-14744,-1748,4008,-289,251,-108
-14656,-1828,4148,-287,258,-89
-14680,-1720,4104,-300,257,-82
-14624,-1788,4120,-317,269,-78
-14668,-1792,4040,-308,244,-90
-14744,-1808,3884,-311,230,-118
-14616,-1772,3952,-297,240,-109
-14720,-1840,3988,-285,217,-94
-14740,-1756,4124,-302,238,-79
-14704,-1768,4120,-311,242,-89
-14756,-1792,4100,-300,257,-79
-14728,-1780,4068,-299,229,-89
-14672,-1768,4036,-293,260,-89
-14664,-1816,4248,-298,239,-88
-14612,-1788,4152,-302,254,-79
-14624,-1768,3992,-285,233,-91
-14624,-1840,3940,-302,256,-67
-14736,-1816,4116,-291,258,-88
-14332,-1632,4496,-286,359,-76
-14644,-1868,4056,-290,255,-113
-14584,-1844,4324,-286,252,-68
-14636,-1784,3972,-282,202,-87
-14680,-1844,4196,-273,233,-81
-14640,-1816,4176,-297,241,-117
-14700,-1696,4124,-303,234,-105
-14624,-1736,4136,-286,251,-83
-14672,-1740,4112,-297,242,-92
-14744,-1744,4064,-291,248,-100
-14648,-1684,4092,-290,227,-92
-14700,-1836,4072,-306,238,-102
-14660,-1796,3980,-300,230,-76
-14756,-1772,4140,-308,238,-66
-14664,-1804,4008,-295,243,-79
-14636,-1888,4188,-300,237,-98
-14604,-1824,4168,-293,235,-105
-14568,-1808,4080,-306,210,-91
-14604,-1820,4080,-289,236,-96
-14736,-1788,3892,-289,234,-79
-14628,-1700,4068,-300,216,-103
-14700,-1892,4008,-309,228,-109
-14572,-1808,4076,-292,229,-84
-14588,-1768,4124,-319,242,-84
-14760,-1760,4164,-304,235,-106
-14540,-1868,4100,-286,206,-94
-14688,-1696,4256,-288,229,-72
-14584,-1748,4084,-300,236,-88
-14720,-1740,4152,-296,241,-52
-14624,-1764,4060,-289,251,-85
-14668,-1796,4028,-298,237,-123
-14656,-1780,4020,-298,237,-101
-14632,-1808,3964,-295,253,-102
-14596,-1768,4080,-312,243,-94
-14648,-1796,4240,-284,220,-84
-14616,-1764,3940,-290,248,-90
-14660,-1872,4156,-297,233,-76
-14684,-1688,4036,-291,237,-89
-14608,-1728,4048,-282,236,-69
-14740,-1796,4076,-303,221,-96
-14684,-1744,4104,-288,256,-95
-14684,-1832,4072,-305,214,-100
-14620,-1808,4032,-293,235,-104
-14744,-1740,4008,-287,227,-84
-14596,-1788,4076,-284,212,-94
-14672,-1708,4132,-285,245,-93
-14576,-1744,3976,-309,213,-89
-14584,-1784,4136,-300,241,-95
-14672,-1788,4088,-297,237,-110
-14640,-1760,3884,-284,264,-100
-14680,-1772,3988,-285,225,-98
-14668,-1876,4092,-294,238,-95
-14668,-1828,4032,-312,246,-86
-14684,-1848,3896,-283,249,-103
-14660,-1736,4068,-313,225,-98
-14796,-1792,4020,-281,235,-84
-14696,-1836,4184,-305,235,-108
-14612,-1844,4220,-292,236,-105
-14648,-1708,4128,-296,261,-99
-14744,-1788,4132,-288,234,-82
-14668,-1804,4004,-298,261,-73
-14664,-1792,4236,-295,213,-92
-14768,-1772,4136,-292,243,-90
-14688,-1780,3972,-275,233,-104
-14760,-1728,3876,-287,243,-106
-14648,-1776,4128,-280,232,-92
-14688,-1752,3956,-298,247,-92
-14660,-1816,4292,-284,232,-104
-14560,-1804,3964,-282,233,-95
-14644,-1752,4148,-304,240,-107
-14636,-1800,4108,-290,228,-99
-14608,-1796,4076,-303,233,-98
-14564,-1808,4072,-293,253,-77
-14656,-1780,4184,-291,277,-98
-14660,-1812,4156,-309,231,-97
-14704,-1804,3952,-304,233,-113
-14580,-1792,4008,-292,219,-89
-14668,-1892,4120,-299,221,-104
-14652,-1780,4024,-290,227,-101
-14668,-1852,3928,-301,244,-92
-14688,-1812,4120,-295,228,-109
-14712,-1824,4096,-297,229,-80
-14660,-1840,4004,-286,241,-77
-14644,-1788,4192,-309,264,-92
-14652,-1748,4204,-316,246,-110
-14712,-1736,4044,-290,226,-97
-14672,-1860,4112,-313,259,-96
-14712,-1724,4008,-307,235,-104
-14744,-1832,4172,-300,245,-100
-14660,-1828,4024,-282,259,-91
-14736,-1768,4112,-306,248,-101
-14624,-1764,3900,-312,227,-86
-14584,-1776,4172,-311,240,-81
-14668,-1804,4132,-290,239,-93
-14604,-1740,4088,-306,243,-106
-14616,-1764,4012,-295,227,-94
-14660,-1732,4188,-291,238,-104
-14600,-1772,4144,-299,230,-93
-14656,-1712,4112,-270,263,-100
-14664,-1676,3880,-306,249,-88
-14740,-1816,4148,-295,246,-82
-14804,-1748,4100,-308,244,-96
-14796,-1796,4056,-306,252,-78
-14616,-1856,4052,-297,241,-90
-14608,-1888,4004,-290,249,-89
-14628,-1724,4008,-302,217,-71
-14672,-1744,4080,-295,265,-88
-14676,-1724,4128,-307,254,-90
-14716,-1688,4156,-288,231,-75
-14628,-1872,3996,-294,267,-100
-14580,-1804,4236,-301,232,-86
-14660,-1792,3944,-299,252,14504
-14660,-1792,3944,-299,252,14504
-14624,-1800,4072,-298,241,-81
-14692,-1804,3828,-300,253,-95
-14692,-1724,4028,-298,220,-92
-14512,-1740,4076,-295,225,-72
-14636,-1800,4048,-287,244,-113
-14680,-1804,4024,-288,226,-100
-14660,-1800,4028,-300,237,-95
-14640,-1828,4072,-275,227,-96
-14656,-1812,4220,-300,215,-112
-14620,-1828,3996,-291,237,-102
-14664,-1768,3980,-286,228,-88
-14668,-1760,4096,-279,237,-101
-14628,-1868,4144,-314,223,-111
-14632,-1808,4108,-295,223,-105
-14612,-1792,4076,-305,231,-100
-14776,-1844,4148,-305,241,-71
-14716,-1852,4104,-294,224,-71
-14636,-1888,41,-1116,-301,2409
-14728,-1760,4148,-297,235,-80
-14636,-1780,4056,-277,230,-90
-14700,-1824,4104,-292,228,-89
-14652,-1716,3980,-311,237,-86
-14780,-1772,4080,-296,241,-84
-14700,-1796,4036,-308,245,-66
-14608,-1728,4056,-313,245,-93
-14692,-1780,4148,-300,238,-105
-14692,-1724,3944,-291,213,-85
-14668,-1784,4096,-287,244,-95
-14744,-1788,4100,-289,248,-98
-14704,-1824,4208,-297,239,-94
-14728,-1748,4064,-298,230,-85
-14648,-1828,4056,-299,237,-95
-14664,-1732,4104,-296,236,-93
-14648,-1792,4112,-294,223,-107
-14708,-1916,4108,-315,257,-79
-14696,-1772,4128,-300,236,-88
-14652,-1776,4124,-289,241,-101
-14680,-1804,4196,-294,223,-83
-14596,-1752,3928,-303,228,-113
-14628,-1772,4128,-276,237,-103
-14700,-1748,3988,-308,243,-100
-14608,-1764,4028,-284,220,-108
-14608,-1704,4152,-317,253,-88
-14788,-1792,4124,-309,226,-99
-14688,-1800,4068,-295,234,-125
-14664,-1744,4088,-307,225,-89
-14704,-1708,4164,-291,237,-91
-14640,-1708,4124,-291,251,-96
-14600,-1740,4056,-292,217,-96
-14660,-1844,3984,-292,249,-97
-14560,-1704,4060,-305,226,-80
-14628,-1900,4020,-304,256,-85
-14668,-1748,4080,-307,234,-88
-14732,-1772,4024,-298,247,-75
-14676,-1688,4000,-298,259,-53
-14644,-1720,4096,-292,226,-102
-14676,-1736,4084,-302,226,-76
-14696,-1836,3984,-320,222,-146
-14532,-1780,4152,-277,256,-73
-14704,-1768,4116,-318,244,-89
-14516,-1780,4044,-290,228,-91
-14676,-1816,4064,-298,216,-90
-14628,-1864,4184,-280,249,-76
-14616,-1844,4080,-288,252,-83
-14780,-1800,4104,-282,230,-93
-14768,-1800,4040,-294,242,-106
-14640,-1792,4144,-286,242,-86
-14708,-1872,4224,-307,230,-87
-14752,-1876,4184,-324,238,-86
-14636,-1708,4200,-289,229,-82
-14688,-1780,4108,-314,248,-112
-14604,-1696,4104,-294,266,-93
-14708,-1728,3920,-278,230,-93
-14680,-1772,4088,-299,226,-102
-14608,-1776,4048,-283,226,-89
-14660,-1708,4192,-297,241,-96
-14696,-1792,4104,-285,232,-89
-14668,-1728,3812,-303,227,-106
-14804,-1756,3924,-300,227,-120
-14680,-1732,4180,-295,244,-83
-14616,-1768,4080,-296,228,-74
-14608,-1804,4100,-301,216,-93
-14528,-1680,3920,-304,233,-120
-14648,-1744,4140,-289,240,-100
-14656,-1828,3992,-295,249,-108
-14656,-1788,4040,-294,231,-77
-14612,-1864,4080,-300,251,-76
-14636,-1780,4008,-304,221,-104
-14592,-1776,4316,-291,231,-81
-14620,-1824,4068,-297,234,-84
-14680,-1808,4092,-285,241,-97
-14532,-1688,4072,-292,234,-85
-14680,-1840,3992,-307,262,-99
-14696,-1868,4016,-278,215,-112
-14640,-1744,4036,-279,230,-83
-14548,-1840,4132,-300,216,-102
-14520,-1732,4080,-291,220,-77
-14644,-1764,4196,-323,236,-124
-14640,-1776,4148,-297,245,-85
-14556,-1740,4088,-288,240,-88
-14616,-1864,4192,-289,262,-70
-14596,-1764,4116,-285,244,-109
-14600,-1772,4032,-283,226,-89
-14672,-1828,4168,-319,226,-90
-14544,-1764,3976,-319,248,-99
-14692,-1828,4128,-297,232,-83
-14744,-1712,4064,-286,233,-113
-14668,-1768,4100,-289,181,-101
-14616,-1840,4004,-313,230,-83
-14668,-1856,4044,-298,263,-103
-14660,-1660,4164,-284,263,-122
-14676,-1796,4136,-305,230,-71
-14688,-1816,4012,-299,229,-66
-14592,-1892,4056,-291,230,-96
-14752,-1792,3928,-285,244,-121
-14736,-1840,4064,-276,246,-102
-14688,-1788,4096,-291,240,-81
-14648,-1904,4060,-298,231,-83
-14672,-1836,4380,-308,243,-96
-14668,-1848,4064,-302,231,-117
-14680,-1860,4172,-280,234,-98
-14632,-1712,4188,-309,262,-118
-14716,-1952,4044,-290,221,-95
-14688,-1856,4032,-300,243,-97
-14616,-1816,4060,-299,268,-103
-14612,-1648,4132,-300,221,-79
-14644,-1776,4184,-276,226,-89
-14712,-1828,3976,-293,214,-90
-14632,-1820,4060,-305,240,-84
-14684,-1760,4028,-298,257,-90
-14704,-1788,4004,-300,238,-94
-14676,-1844,4000,-315,250,-94
-14668,-1788,4024,-304,223,-87
-14684,-1832,4132,-299,238,-80
-14628,-1748,4068,-305,241,-95
-14620,-1732,4016,-288,231,-54
-14648,-1844,4024,-286,239,-104
-14656,-1764,4124,-294,236,-83
-14744,-1776,3988,-295,264,-90
-14680,-1828,4068,-298,246,-92
-14688,-1800,4096,-292,239,-96
-14636,-1780,4040,-305,240,-98
-14652,-1680,4116,-288,221,-92
-14688,-1708,4072,-307,240,-94
-14824,-1888,4292,-290,262,-95
-14704,-1740,4048,-292,259,-71
-14536,-1868,4100,-289,225,-96
-14604,-1768,4096,-300,236,-81
-14616,-1764,4000,-297,228,-91
-14632,-1748,4016,-302,218,-98
-14708,-1748,4116,-301,218,-72
-14596,-1868,4096,-290,261,-86
-14668,-1812,4112,-301,265,-91
-14712,-1752,4052,-290,222,-98
-14656,-1712,4144,-273,229,-107
-14632,-1868,4088,-296,248,-64
-14660,-1812,4076,-314,236,-83
-14640,-1756,4056,-290,230,-74
-14096,-1720,4428,-225,511,11
-14744,-1768,4028,-280,278,15
-14780,-1596,4136,-264,256,-41
-14704,-1892,4092,-288,255,-116
-14736,-1744,4272,-321,208,-117
-14780,-1728,4000,-294,266,-125
-14768,-1896,4064,-295,231,-94
-14516,-1816,4056,-300,253,-106
-14708,-1816,4056,-274,231,-59
-14700,-1700,4128,-278,251,-57
-14640,-1768,4068,-296,230,-47
-14592,-1832,4144,-286,252,-91
-14600,-1788,4132,-318,237,-79
-14636,-1784,4056,-294,233,-94
-14692,-1736,3892,-298,237,-106
-14588,-1716,4004,-323,260,-133
-14716,-1804,4144,-263,246,-63
-14636,-1808,4128,-282,238,-75
-14728,-1820,3972,-295,177,-81
-14648,-1764,4164,-288,235,-86
-14712,-1712,4156,-287,238,-73
-14592,-1836,4096,-276,220,-81
-14668,-1740,4184,-303,252,-110
-14632,-1772,4112,-308,235,-98
-14848,-1912,3696,-313,131,-134
-14680,-1692,3992,-295,261,-114
-14600,-1868,4148,-296,258,-103
-14700,-1716,4228,-285,207,-91
-14652,-1688,4196,-275,220,-63
-14708,-1808,4100,-297,263,-82
-14652,-1804,4156,-283,255,-98
-14648,-1780,4196,-301,250,-103
-14588,-1760,3896,-282,244,-69
-14552,-1764,4140,-300,225,-109
-14624,-1876,4144,-302,226,-92
-14676,-1748,4076,-300,205,-96
-14648,-1780,3992,-294,235,-92
-14712,-1744,4116,-298,253,-97
-14712,-1852,4064,-291,242,-91
-14656,-1744,4164,-308,244,-94
-14728,-1764,3940,-291,219,-88
-14604,-1832,4064,-310,230,-86
-14676,-1788,3960,-302,254,-101
-14628,-1808,4148,-300,238,-86
-14704,-1772,4104,-283,231,-98
-14604,-1772,4080,-296,237,-84
-14572,-1696,4204,-297,246,-85
-14628,-1836,4112,-286,256,-102
-14656,-1780,4124,-286,209,-76
-14636,-1776,4184,-293,240,-87
-14680,-1876,3912,-302,237,-88
-14580,-1720,3924,-295,235,-95
-14584,-1732,4132,-297,218,-101
-14736,-1816,4092,-282,239,-88
-14660,-1768,4052,-314,224,-118
-14640,-1856,4160,-303,242,-110
-14616,-1824,3980,-324,227,-89
-14720,-1764,4124,-318,228,-93
-14648,-1764,4240,-292,236,-81
-14680,-1700,4132,-303,215,-92
-14572,-1780,4152,-287,224,-77
-14572,-1780,3980,-302,235,-97
-14564,-1848,3884,-301,237,-116
-14776,-1708,4040,-312,227,-92
-14652,-1704,3924,-309,243,-106
-14740,-1868,4192,-282,236,-107
-14764,-1780,4084,-306,235,-90
-14628,-1808,4200,-300,222,-103
-14596,-1712,4048,-304,244,-75
-14600,-1868,4052,-291,245,-91
-14604,-1812,4128,-294,236,-72
-14556,-1820,4156,-286,242,-90
-14584,-1804,4088,-319,211,-103
-14608,-1796,4012,-307,229,-83
-14608,-1772,3984,-309,233,-91
-14528,-1780,3996,-307,249,-90
-14680,-1816,3996,-311,222,-78
-14676,-1760,4168,-297,244,-108
-14648,-1820,4000,-294,264,-58
-14592,-1732,4088,-291,259,-87
-14680,-1740,4064,-303,223,-76
-14688,-1820,4064,-299,240,-121
-14544,-1828,3992,-301,227,-95
-14748,-1728,4156,-285,255,-89
-14696,-1752,4076,-308,212,-108
-14612,-1724,4024,-300,240,-111
-14680,-1812,3968,-294,240,-97
-14672,-1828,4040,-278,250,-92
-14716,-1732,3904,-291,262,-90
-14680,-1772,4004,-315,230,-78
-14708,-1824,4056,-287,263,-91
-14640,-1716,4144,-302,238,-91
-14612,-1816,4116,-296,237,-112
-14704,-1784,4180,-299,208,-94
-14688,-1800,4044,-308,239,-94
-14680,-1840,4100,-288,239,-88
-14676,-1896,4152,-296,233,-83
-14684,-1704,3936,-298,255,-92
-14544,-1820,3912,-313,258,-193
-14544,-1696,4124,-321,288,-45
-14576,-1756,4056,-268,250,-35
-14780,-1812,3936,-289,237,-71
-14636,-1704,4080,-309,257,-101
-14628,-1792,4068,-274,273,-112
-14632,-1760,4052,-313,221,-97
-14624,-1816,3960,-287,225,-130
-14728,-1936,4132,-321,243,-106
-14664,-1764,4024,-307,233,-70
-14688,-1736,4008,-278,234,-73
-14620,-1808,4168,-291,256,-86
-14580,-1756,4104,-297,219,-74
-14764,-1752,4116,-285,194,-55
-14688,-1804,4084,-290,239,-78
-14588,-1780,4040,-297,216,-92
-14660,-1832,3920,-293,259,-88
-14816,-1876,3916,-284,269,-75
-14764,-1864,4004,-288,188,-103
-14736,-1872,4136,-297,275,-110
-14724,-1872,4028,-298,221,-105
-14616,-1732,4168,-288,242,-77
-14604,-1848,4076,-297,225,-72
-14628,-1844,4036,-287,206,-84
-14636,-1804,3908,-291,254,-95
-14684,-1840,4104,-305,250,-111
-14672,-1852,3908,-297,226,-84
-14628,-1784,4192,-303,231,-96
-14632,-1728,4112,-293,236,-92
-14720,-1728,3936,-318,340,-111
-14724,-1756,4160,-299,261,-120
-14712,-1800,4028,-290,226,-110
-14624,-1716,4320,-275,351,-80
-14664,-1768,4108,-302,231,-80
-14572,-1724,4252,-311,361,-104
-14560,-1668,4412,-293,360,-113
-14736,-1872,4004,-296,202,-100
-14636,-1812,4024,-302,217,-107
-14644,-1780,3936,-294,220,-119
-14624,-1736,4164,-298,264,-118
-14780,-1820,4232,-290,229,-107
-14736,-1788,4016,-299,234,-122
-14716,-1792,4108,-306,209,-88
-14628,-1800,4068,-274,224,-98
-14644,-1788,4160,-291,272,-75
-14664,-1756,4108,-296,234,-77
-14564,-1748,4180,-292,250,-77
-14636,-1704,4012,-309,257,-83
-14736,-1788,4088,-283,225,-90
-14584,-1780,3948,-312,241,-85
-14684,-1812,4008,-303,231,-97
-14656,-1780,4144,-296,265,-95
-14660,-1824,4120,-287,259,-101
-14636,-1744,3936,-297,239,-80
-14680,-1720,3972,-298,238,-69
-14612,-1764,4084,-285,237,-98
-14660,-1704,4064,-310,218,-96
-14700,-1844,4068,-307,262,-111
-14720,-1772,4008,-319,227,-103
-14680,-1824,4120,-303,229,-93
-14620,-1736,4044,-290,248,-99
-14704,-1696,3996,-286,220,-108
-14760,-1672,3900,-283,246,-99
-14612,-1808,4084,-288,229,-103
-14644,-1844,4056,-284,260,-84
-14720,-1868,3976,-282,231,-95
-14532,-1724,4072,-303,239,-94
-14484,-1768,4236,-298,240,-91
-14736,-1860,4344,-304,219,-93
-14756,-1760,4180,-296,239,-98
-14584,-1860,4120,-296,249,-95
-14664,-1844,3932,-294,244,-92
-14604,-1768,4068,-284,241,-95
-14684,-1772,4084,-295,232,-90
-14656,-1780,4136,-294,237,-88
-14632,-1756,4120,-307,239,-86
-14724,-1900,4008,-292,215,-115
-14704,-1816,3980,-304,225,-143
-14724,-1768,4096,-265,242,-86
-14688,-1768,4144,-294,235,-77
-14684,-1720,4188,-283,239,-92
-14632,-1748,3992,-299,227,-103
-14664,-1832,4180,-318,271,-97
-14620,-1788,3968,-310,232,-104
-14680,-1724,4104,-296,245,-102
-14704,-1708,4016,-300,247,-108
-14700,-1844,4020,-300,256,-98
-14764,-1768,4144,-284,239,-85
-14648,-1744,4208,-303,248,-102
-14656,-1808,4052,-295,220,-99
-14512,-1808,4108,-284,230,-78
