672,-472,-18144,-284,272,-83
812,-504,-18204,-270,273,-70
804,-468,-18176,-294,270,-102
684,-504,-18176,-293,264,-79
756,-508,-18376,-267,258,-91
708,-600,-18252,-314,289,-94
724,-468,-18448,-270,237,-71
756,-544,-18376,-283,266,-81
684,-480,-18272,-257,247,-79
804,-520,-18220,-281,273,-91
640,-564,-18220,-277,237,-92
776,-536,-18160,-271,256,-75
724,-560,-18300,-293,265,-94
672,-492,-18312,-271,260,-77
752,-540,-18152,-265,268,-62
736,-548,-18264,-270,277,-70
684,-560,-18188,-272,261,-66
716,-548,-18252,-297,259,-96
676,-620,-18280,-266,263,-89
676,-480,-18296,-263,251,-101
660,-564,-18216,-273,258,-88
716,-492,-18124,-270,283,-82
700,-536,-18244,-282,267,-80
736,-432,-18216,-264,270,-97
844,-544,-18216,-276,268,-65
632,-540,-18272,-262,240,-75
740,-576,-18248,-278,242,-86
800,-572,-18348,-285,275,-87
688,-584,-18344,-269,276,-97
648,-584,-18108,-273,271,-106
756,-616,-18268,-296,266,-79
716,-540,-18204,-271,278,-84
660,-600,-18260,-276,251,-97
608,-512,-18360,-280,265,-95
692,-524,-18288,-271,253,-63
680,-480,-18248,-279,266,-65
688,-528,-18264,-290,264,-97
648,-440,-18228,-270,291,-82
796,-576,-18300,-265,284,-58
704,-516,-18348,-271,265,-109
704,-560,-18164,-273,253,-90
656,-440,-18196,-258,244,-78
676,-584,-18196,-262,253,-79
692,-616,-18240,-277,284,-75
740,-636,-18272,-270,266,-87
700,-568,-18236,-288,261,-93
684,-584,-18144,-307,238,-78
616,-588,-18132,-271,268,-75
732,-604,-18132,-276,250,-85
716,-652,-18148,-262,248,-80
824,-516,-18264,-277,278,-85
660,-512,-18200,-249,253,-90
688,-588,-18256,-268,258,-85
796,-580,-18148,-284,255,-100
648,-536,-18348,-268,248,-80
712,-584,-18340,-258,276,-75
772,-560,-18060,-304,255,-85
600,-420,-18256,-285,252,-114
696,-668,-18112,-268,275,-67
696,-532,-18212,-261,229,-118
740,-588,-18236,-265,257,-81
632,-488,-18092,-260,239,-87
656,-592,-18244,-254,240,-91
660,-572,-18196,-257,270,-71
772,-560,-18192,-267,269,-98
800,-592,-18208,-291,274,-82
732,-580,-18316,-287,268,-128
704,-516,-18120,-297,275,-76
696,-480,-18212,-257,270,-99
624,-444,-18216,-255,245,-68
720,-556,-18288,-271,266,-90
700,-552,-18140,-272,283,-101
648,-448,-18360,-276,236,-88
708,-600,-18244,-314,272,-77
708,-576,-18248,-266,270,-72
704,-476,-18228,-279,283,-81
784,-560,-18272,-287,281,-93
568,-676,-18228,-274,270,-88
632,-516,-18216,-275,266,-85
728,-520,-18412,-270,246,-95
680,-640,-18108,-301,257,-88
676,-524,-18364,-265,262,-76
620,-500,-18176,-282,261,-58
692,-520,-18252,-280,276,-84
752,-608,-18320,-278,252,-84
580,-516,-18156,-281,266,-95
760,-648,-18244,-270,238,-78
712,-632,-18204,-270,257,-88
756,-576,-18344,-289,274,-100
636,-472,-18276,-256,252,-64
700,-544,-18272,-280,257,-86
692,-604,-18256,-272,307,-86
700,-524,-18216,-266,271,-83
660,-472,-18412,-259,273,-94
744,-644,-18100,-285,275,-101
760,-572,-18060,-292,277,-87
716,-508,-18212,-265,274,-88
688,-420,-18236,-274,272,-83
644,-516,-18344,-277,267,-93
808,-576,-18292,-301,259,-84
652,-532,-18116,-273,247,-86
788,-460,-18088,-290,278,-93
708,-596,-18180,-267,255,-64
704,-580,-18196,-299,247,-103
768,-496,-18256,-285,260,-90
816,-540,-18068,-292,264,-102
592,-564,-18404,-268,259,-85
652,-596,-18240,-282,250,-91
764,-536,-18260,-271,258,-79
704,-444,-18188,-277,253,-64
712,-604,-18264,-279,268,-93
720,-488,-18160,-280,261,-49
728,-552,-18164,-280,248,-97
648,-672,-18212,-275,254,-83
684,-596,-18244,-262,269,-75
836,-536,-18284,-289,307,-79
620,-488,-18240,-266,291,-89
748,-484,-18172,-261,254,-82
628,-596,-18216,-273,296,-87
728,-580,-18296,-264,254,-72
800,-512,-18296,-288,267,-82
752,-600,-18076,-256,261,-105
676,-592,-18176,-302,276,-71
660,-584,-18276,-285,269,-70
720,-500,-18240,-276,276,-73
764,-472,-18248,-269,246,-93
720,-524,-18264,-269,255,-76
752,-564,-18172,-290,291,-85
772,-568,-18248,-294,247,-88
616,-524,-18232,-281,266,-72
728,-496,-18200,-274,269,-91
672,-680,-18252,-259,262,-84
748,-548,-18260,-274,250,-82
676,-524,-18260,-285,269,-77
688,-544,-18100,-293,260,-65
716,-516,-18188,-283,269,-75
704,-532,-18284,-265,244,-96
736,-616,-18180,-268,250,-83
660,-516,-18244,-269,243,-69
756,-548,-18156,-280,243,-114
752,-524,-18204,-274,262,-82
628,-588,-18208,-284,244,-70
676,-628,-18196,-261,245,-93
640,-500,-18304,-258,258,-91
664,-544,-18340,-296,262,-82
672,-580,-18120,-286,267,-68
696,-560,-18320,-279,263,-60
672,-504,-18284,-285,284,-63
712,-592,-18244,-268,272,-85
656,-528,-18148,-293,268,-90
652,-548,-18108,-269,286,-70
700,-568,-18244,-268,266,-100
720,-468,-18288,-290,262,-92
768,-528,-18216,-273,257,-83
684,-576,-18256,-277,243,-89
820,-560,-18248,-273,278,-77
800,-548,-18276,-276,267,-71
756,-524,-18220,-279,250,-71
656,-584,-18228,-298,259,-100
704,-580,-18172,-275,264,-105
624,-532,-18240,-286,257,-79
712,-520,-18184,-277,280,-79
644,-496,-18264,-256,268,-55
616,-564,-18160,-256,275,-108
820,-684,-18132,-276,295,-67
724,-520,-18160,-263,238,-89
688,-544,-18268,-285,248,-87
732,-512,-18272,-269,255,-84
700,-624,-18260,-291,249,-80
764,-592,-18244,-296,256,-74
612,-532,-18192,-299,268,-105
752,-544,-18228,-293,270,-82
744,-520,-18112,-300,268,-72
676,-580,-18148,-260,269,-77
716,-544,-18156,-272,258,-71
712,-464,-18200,-276,284,-81
760,-580,-18168,-253,277,-82
692,-560,-18280,-261,272,-88
768,-528,-18180,-283,260,-87
648,-580,-18164,-277,262,-60
608,-512,-18196,-262,252,-85
748,-552,-18320,-295,245,-64
760,-548,-18184,-280,251,-81
660,-504,-18112,-282,242,-74
760,-492,-18068,-284,264,-75
640,-468,-18200,-284,237,-83
664,-612,-18204,-284,283,-96
704,-504,-18216,-250,284,-95
608,-500,-18308,-286,267,-73
748,-636,-18328,-256,223,-118
716,-588,-18120,-268,265,-99
668,-616,-18176,-276,250,-58
808,-560,-18084,-277,257,-86
788,-540,-18260,-265,249,-93
680,-572,-18248,-274,272,-93
736,-528,-18208,-286,268,-90
620,-560,-18304,-300,262,-106
816,-488,-18172,-271,266,-67
720,-620,-18112,-278,230,-88
692,-500,-18204,-273,251,-94
752,-524,-18224,-268,248,-78
660,-624,-18240,-306,248,-89
648,-520,-18260,-285,240,-92
688,-628,-18148,-292,265,-107
644,-588,-18092,-294,253,-91
648,-492,-18244,-311,279,-90
616,-468,-18172,-300,283,-89
788,-536,-18236,-266,270,-97
744,-512,-18344,-276,227,-87
768,-552,-18136,-282,264,-93
652,-596,-18172,-262,241,-79
752,-560,-18232,-267,288,-81
716,-564,-18184,-276,266,-85
756,-560,-18084,-294,256,-69
664,-580,-18260,-286,273,-81
812,-592,-18192,-290,265,-78
748,-600,-18292,-281,280,-88
580,-604,-18124,-275,277,-108
704,-640,-18232,-278,268,-73
688,-456,-18152,-312,269,-102
644,-524,-18208,-284,261,-80
696,-508,-18084,-262,272,-93
708,-568,-18264,-274,279,-76
644,-560,-18172,-254,272,-80
760,-524,-18076,-271,274,-94
720,-560,-18212,-281,263,-84
732,-552,-18216,-275,262,-93
756,-600,-18280,-294,259,-83
684,-612,-18308,-281,268,-74
684,-560,-18276,-271,277,-78
708,-568,-18088,-268,250,-62
664,-516,-18336,-274,250,-79
748,-520,-18068,-263,242,-83
824,-548,-18124,-266,246,-55
748,-600,-18264,-296,243,-80
680,-548,-18232,-284,252,-75
748,-492,-18284,-287,249,-67
648,-480,-18232,-278,263,-59
764,-620,-18136,-279,250,-77
796,-560,-18264,-281,263,-84
616,-524,-18040,-266,273,-105
776,-472,-18200,-281,272,-91
692,-604,-18224,-293,261,-69
652,-596,-18236,-295,244,-80
748,-556,-18168,-290,272,-81
712,-564,-18292,-274,267,-70
692,-584,-18316,-267,254,-79
688,-500,-18112,-306,267,-94
740,-520,-18184,-277,264,-84
728,-516,-18172,-289,253,-80
716,-528,-18172,-274,259,-93
728,-604,-18292,-276,267,-89
608,-548,-18172,-263,272,-91
760,-556,-18160,-283,257,-94
728,-600,-18196,-275,273,-96
812,-592,-18276,-262,259,-72
724,-500,-18192,-269,276,-71
712,-536,-18172,-264,237,-69
716,-580,-18248,-280,238,-93
824,-496,-18304,-274,264,-69
624,-556,-18160,-279,267,-66
716,-576,-18272,-263,245,-98
672,-584,-18200,-265,255,-80
724,-492,-18220,-279,276,-73
712,-544,-18188,-276,269,-96
696,-584,-18236,-276,252,-84
692,-532,-18076,-276,270,-72
704,-544,-18216,-270,274,-90
676,-600,-18132,-297,262,-95
556,-552,-18308,-291,254,-86
724,-564,-18128,-266,259,-96
720,-508,-18296,-278,258,-103
724,-516,-18336,-292,236,-91
676,-564,-18196,-247,244,-57
732,-532,-18320,-251,276,-72
724,-488,-18248,-280,282,-76
716,-524,-18236,-308,247,-55
652,-500,-18176,-274,287,-91
728,-604,-18220,-284,243,-81
724,-520,-18256,-272,277,-81
712,-572,-18184,-276,245,-84
668,-392,-18448,-294,261,-95
684,-548,-18236,-285,267,-67
732,-556,-18148,-260,259,-96
724,-548,-18208,-287,257,-83
704,-532,-18360,-254,273,-104
628,-524,-18112,-280,253,-65
720,-520,-18248,-284,279,-99
716,-532,-18296,-255,261,-76
720,-516,-18228,-277,285,-111
716,-476,-18180,-269,279,-99
748,-592,-18360,-271,264,-79
748,-492,-18132,-271,262,-79
784,-516,-18264,-284,239,-80
640,-556,-18256,-282,266,-89
696,-592,-18180,-270,274,-99
704,-536,-18176,-293,259,-76
636,-572,-18172,-252,250,-66
628,-556,-18220,-270,243,-89
748,-620,-18160,-288,264,-68
652,-564,-18352,-285,252,-75
708,-632,-18364,-288,244,-89
764,-480,-18280,-288,277,-57
716,-488,-18292,-295,260,-77
744,-544,-18320,-293,250,-83
668,-572,-18216,-291,279,-82
752,-612,-18308,-280,248,-72
756,-544,-18140,-292,270,-79
704,-536,-18172,-272,274,-90
668,-496,-18280,-273,271,-79
800,-528,-18248,-279,255,-70
624,-628,-18220,-301,269,-87
680,-572,-18216,-269,266,-79
668,-484,-18160,-273,251,-86
696,-620,-18132,-281,279,-78
712,-564,-18224,-284,255,-93
736,-568,-18156,-282,250,-88
660,-504,-18248,-289,233,-71
800,-716,-18276,-277,243,-112
692,-516,-18264,-259,274,-79
756,-600,-18228,-283,266,-81
736,-564,-18216,-285,256,-103
660,-536,-18140,-277,287,-62
736,-560,-18264,-270,271,-99
764,-524,-18272,-275,258,-94
684,-524,-18132,-279,256,-89
720,-560,-18276,-272,252,-107
664,-532,-18260,-310,244,-62
600,-572,-18256,-276,262,-92
744,-516,-18284,-283,269,-86
684,-524,-18304,-286,273,-69
736,-556,-18296,-275,269,-76
748,-632,-18112,-282,275,-102
696,-572,-18212,-295,288,-81
680,-580,-18216,-264,246,-92
720,-620,-18116,-267,251,-83
704,-572,-18220,-279,259,-97
736,-532,-18236,-279,268,-76
688,-528,-18180,-271,252,-92
804,-644,-18144,-272,277,-63
764,-584,-18160,-275,251,-73
756,-520,-18376,-283,256,-70
680,-532,-18180,-272,262,-90
748,-572,-18112,-284,246,-91
692,-568,-18184,-268,250,-79
676,-524,-18140,-276,258,-87
788,-580,-18188,-282,285,-48
752,-508,-18200,-288,289,-81
660,-592,-18232,-289,250,-94
636,-592,-18324,-273,253,-90
716,-524,-18132,-280,264,-90
660,-532,-18124,-282,243,-92
760,-564,-18212,-281,262,-85
600,-496,-18348,-270,265,-78
688,-576,-18248,-276,254,-95
704,-544,-18124,-266,253,-92
640,-544,-18216,-297,245,-87
628,-592,-18304,-277,269,-102
656,-456,-18192,-289,268,-73
720,-644,-18220,-267,262,-100
728,-600,-18288,-261,301,-89
680,-616,-18272,-281,282,-67
836,-536,-18248,-299,267,-84
628,-528,-18276,-277,270,-77
608,-468,-18112,-296,256,-71
780,-496,-18164,-261,273,-97
736,-516,-18152,-260,273,-73
716,-576,-18288,-291,242,-103
704,-580,-18292,-262,237,-85
696,-572,-18232,-265,267,-85
720,-544,-18252,-298,267,-91
684,-508,-18240,-266,257,-80
768,-600,-18268,-284,258,-108
720,-640,-18128,-293,270,-59
808,-560,-18172,-297,285,-81
772,-592,-18336,-299,273,-97
752,-516,-18176,-269,274,-99
760,-568,-18288,-270,262,-95
744,-620,-18204,-276,258,-72
744,-484,-18192,-283,258,-95
624,-592,-18160,-269,254,-86
624,-552,-18328,-270,249,-94
756,-568,-18092,-270,277,-99
624,-560,-18204,-279,259,-83
684,-548,-18264,-254,262,-79
776,-492,-18204,-274,268,-84
812,-536,-18148,-296,279,-73
668,-504,-18124,-302,251,-91
636,-440,-18224,-266,299,-105
764,-572,-18320,-271,267,-98
616,-580,-18328,-275,238,-66
760,-552,-18008,-287,257,-96
696,-520,-18220,-275,269,-78
708,-532,-18240,-291,246,-76
740,-616,-18148,-253,264,-79
768,-592,-18200,-267,248,-96
776,-504,-18300,-269,272,-83
736,-504,-18336,-287,258,-95
684,-448,-18344,-306,265,-62
656,-600,-18156,-287,242,-94
680,-472,-18344,-291,266,-78
700,-552,-18328,-274,262,-76
684,-608,-18208,-291,249,-68
600,-548,-18180,-278,256,-87
736,-564,-18160,-287,267,-78
752,-516,-18292,-287,260,-77
760,-560,-18244,-264,246,-84
764,-552,-18292,-249,246,-86
672,-528,-18236,-278,280,-63
788,-580,-18400,-289,275,-96
600,-528,-18120,-297,265,-87
740,-520,-18332,-258,240,-103
728,-636,-18184,-254,251,-92
768,-524,-18064,-286,273,-80
652,-536,-18076,-270,258,-61
764,-568,-18076,-269,253,-89
748,-552,-18176,-288,275,-105
684,-612,-18224,-260,283,-105
704,-564,-18188,-302,266,-94
684,-564,-18236,-302,270,-93
736,-516,-18164,-289,241,-88
700,-464,-18144,-284,265,-96
684,-516,-18180,-292,241,-105
700,-540,-18368,-241,281,-101
716,-512,-18340,-282,250,-96
688,-536,-18176,-294,273,-84
808,-508,-17976,-275,258,-87
596,-532,-18088,-288,247,-102
728,-608,-18160,-285,255,-90
664,-668,-18224,-287,251,-91
664,-568,-18180,-290,272,-78
712,-560,-18196,-275,264,-94
768,-592,-18232,-274,270,-89
668,-572,-18156,-271,256,-78
708,-524,-18312,-288,284,-87
772,-572,-18180,-270,262,-85
788,-568,-18260,-278,282,-72
728,-508,-18212,-265,271,-90
652,-504,-18092,-271,261,-82
816,-540,-18336,-291,259,-76
788,-568,-18208,-275,286,-91
704,-444,-18340,-263,266,-74
640,-532,-18080,-281,264,-71
712,-616,-18168,-279,233,-94
684,-632,-18280,-268,264,-88
672,-548,-18136,-284,277,-60
720,-564,-18324,-287,266,-83
680,-552,-18176,-297,268,-91
672,-520,-18316,-258,272,-90
720,-552,-18304,-273,270,-85
724,-488,-18304,-300,261,-77
704,-588,-18248,-284,246,-73
632,-428,-18264,-288,280,-92
712,-472,-18256,-260,243,-81
676,-588,-18164,-286,248,-95
780,-560,-18212,-285,238,-82
728,-584,-18304,-292,242,-85
888,-684,-18196,-280,286,-112
616,-512,-18168,-277,254,-91
780,-572,-18264,-270,264,-72
784,-584,-18400,-281,275,-75
772,-568,-18220,-303,246,-81
688,-600,-18220,-303,259,-100
736,-556,-18336,-282,245,-77
660,-556,-18192,-273,251,-82
684,-532,-18288,-265,272,-97
756,-592,-18304,-271,259,-102
828,-532,-18276,-265,255,-96
680,-552,-18316,-260,255,-86
680,-552,-18308,-277,243,-89
792,-512,-18240,-286,276,-80
672,-500,-18324,-269,241,-92
640,-552,-18216,-300,270,-85
680,-588,-18128,-276,240,-82
684,-512,-18140,-285,274,-97
716,-528,-18168,-278,294,-75
756,-556,-18204,-275,254,-85
808,-596,-18200,-275,268,-68
744,-508,-18276,-251,266,-90
748,-620,-18136,-287,229,-102
744,-464,-18304,-311,274,-64
724,-576,-18104,-286,256,-77
704,-516,-18156,-273,271,-67
628,-532,-18116,-284,278,-98
708,-520,-18384,-266,256,-81
736,-536,-18188,-272,272,-104
772,-604,-18272,-288,258,-81
768,-540,-18224,-285,278,-78
652,-532,-18144,-277,256,-83
776,-608,-18212,-286,256,-69
720,-520,-18256,-290,273,-99
728,-556,-18356,-286,270,-63
740,-624,-18384,-270,262,-88
740,-532,-18164,-274,271,-92
832,-552,-18172,-269,249,-82
660,-544,-18292,-277,243,-98
760,-500,-18212,-282,245,-84
764,-596,-18116,-272,260,-98
676,-504,-18316,-263,278,-82
680,-468,-18276,-264,252,-81
652,-588,-18228,-280,258,-54
652,-564,-18164,-273,250,-64
780,-548,-18108,-277,233,-76
724,-472,-18348,-275,249,-73
732,-552,-18236,-275,265,-82
756,-616,-18088,-294,264,-106
744,-580,-18236,-282,269,-51
724,-560,-18176,-285,256,-95
724,-436,-18172,-259,246,-93
780,-516,-18132,-286,250,-76
804,-560,-18376,-292,258,-84
736,-540,-18232,-289,249,-82
704,-524,-18300,-269,296,-85
740,-620,-18188,-262,229,-78
756,-580,-18128,-273,261,-90
708,-500,-18224,-263,268,-79
660,-512,-18284,-263,273,-91
820,-576,-18284,-281,251,-108
680,-552,-18276,-306,267,-103
688,-556,-18376,-292,263,-67
644,-496,-18460,-265,258,-116
784,-564,-18228,-269,260,-84
768,-512,-18368,-289,253,-88
584,-568,-18296,-288,287,-101
720,-592,-18352,-274,264,-91
704,-492,-18272,-262,265,-101
684,-528,-18256,-281,261,-94
628,-548,-18116,-271,278,-84
736,-524,-18208,-289,274,-75
792,-616,-18088,-271,256,-100
596,-524,-18276,-275,252,-68
776,-560,-18148,-283,272,-99
680,-560,-18208,-290,291,-85
744,-588,-18132,-254,276,-80
740,-528,-18184,-252,250,-76
700,-556,-18316,-283,272,-85
684,-604,-18188,-288,274,-100
700,-544,-18228,-263,255,-87
732,-492,-18092,-261,263,-91
720,-588,-18288,-283,249,-79
688,-584,-18288,-284,248,-80
744,-596,-18236,-298,257,-75
724,-532,-18116,-291,262,-86
712,-536,-18264,-286,275,-66
708,-520,-18160,-274,231,-84
728,-504,-18220,-280,249,-88
716,-452,-18352,-277,255,-97
672,-532,-18272,-274,265,-87
660,-528,-18236,-265,255,-65
708,-524,-18276,-284,255,-79
696,-480,-18128,-249,262,-87
720,-532,-18200,-262,269,-96
692,-468,-18232,-269,270,-88
588,-480,-18228,-300,273,-99
700,-520,-18196,-273,261,-93
720,-580,-18340,-278,246,-75
788,-672,-18228,-281,258,-72
772,-488,-18120,-288,249,-94
640,-540,-18172,-266,283,-89
748,-604,-18224,-266,271,-106
716,-464,-18216,-299,250,-109
712,-516,-18252,-287,256,-82
672,-492,-18408,-282,271,-89
668,-552,-18328,-300,253,-135
812,-624,-18172,-268,260,-103
712,-584,-18264,-287,272,-64
688,-556,-18244,-265,269,-99
840,-476,-18356,-270,268,-71
744,-572,-18292,-257,244,-67
740,-584,-18248,-267,253,-81
760,-536,-18196,-277,303,-94
836,-600,-18236,-308,257,-75
740,-468,-18084,-266,255,-66
628,-484,-18184,-272,258,-86
740,-632,-18200,-267,262,-54
768,-576,-18308,-276,261,-107
748,-536,-18228,-261,272,-72
648,-516,-18240,-291,263,-90
716,-516,-18260,-275,252,-95
680,-536,-18220,-274,247,-40
716,-576,-18032,-286,256,-101
680,-520,-18356,-279,239,-82
728,-528,-18220,-277,280,-82
664,-452,-18128,-273,275,-68
744,-516,-18204,-257,276,-93
744,-596,-18180,-258,239,-71
700,-568,-18180,-284,251,-98
672,-576,-18076,-284,262,-70
720,-628,-18236,-280,284,-79
716,-568,-18244,-253,248,-91
736,-496,-18176,-295,271,-69
708,-516,-18096,-265,269,-83
816,-500,-18224,-289,244,-96
724,-500,-18180,-277,270,-93
748,-612,-18204,-282,257,-74
748,-552,-18084,-259,236,-81
696,-560,-18180,-300,271,-95
792,-532,-18224,-288,256,-101
796,-532,-18288,-279,244,-89
728,-528,-18308,-251,257,-94
708,-544,-18336,-289,276,-91
744,-396,-18276,-270,262,-100
624,-588,-18220,-273,274,-96
700,-528,-18288,-287,278,-85
512,-528,-18248,-264,275,-78
700,-536,-18256,-264,265,-101
692,-592,-18212,-271,288,-86
680,-544,-18224,-268,256,-57
676,-556,-18404,-280,276,-96
724,-488,-18152,-292,244,-75
676,-480,-18324,-277,272,-85
744,-436,-18168,-255,293,-80
588,-476,-18176,-293,264,-68
684,-524,-18208,-256,247,-106
756,-580,-18140,-287,270,-86
676,-512,-18388,-275,270,-79
720,-544,-18260,-280,275,-91
716,-604,-18128,-280,256,-69
700,-500,-18196,-273,270,-76
580,-576,-18360,-277,273,-92
772,-588,-18196,-267,297,-101
712,-544,-18196,-258,233,-86
684,-536,-18208,-280,275,-86
596,-572,-18240,-278,269,-94
748,-560,-18188,-291,275,-78
724,-536,-18256,-297,260,-88
788,-536,-18212,-293,286,-84
684,-552,-18168,-269,229,-82
676,-556,-18316,-254,252,-87
720,-592,-18240,-276,254,-90
764,-628,-18344,-262,264,-93
784,-504,-18228,-280,291,-77
696,-548,-18344,-287,277,-111
748,-576,-18372,-282,276,-81
664,-508,-18224,-289,251,-69
736,-524,-18292,-314,281,-85
656,-484,-18196,-270,248,-91
660,-532,-18256,-275,248,-77
628,-580,-18320,-297,288,-95
704,-488,-18272,-264,268,-79
748,-556,-18048,-274,293,-89
792,-568,-18124,-264,269,-71
668,-592,-18156,-299,242,-109
696,-452,-18160,-274,262,-81
724,-532,-18232,-277,286,-96
800,-532,-18216,-305,267,-87
692,-496,-18296,-284,261,-95
732,-524,-18328,-271,261,-86
688,-524,-18300,-266,272,-82
704,-560,-18252,-262,259,-114
732,-536,-18376,-277,278,-65
632,-520,-18296,-277,256,-100
736,-512,-18256,-277,262,-90
612,-548,-18176,-273,264,-94
660,-552,-18104,-264,267,-105
572,-500,-18256,-289,264,-78
724,-660,-18244,-273,242,-75
712,-528,-18124,-293,291,-79
700,-464,-18256,-283,252,-80
660,-576,-18252,-288,275,-51
712,-652,-18096,-300,274,-99
724,-604,-18228,-291,276,-86
716,-576,-18316,-283,267,-72
724,-580,-18164,-260,268,-80
708,-480,-18336,-284,264,-96
700,-624,-18156,-277,258,-68
652,-564,-18196,-295,262,-82
748,-568,-18188,-282,247,-83
708,-604,-18312,-269,260,-68
760,-480,-18072,-281,275,-98
716,-508,-18352,-280,236,-87
692,-496,-18320,-295,254,-94
640,-508,-18268,-275,273,-84
824,-552,-18248,-280,242,-97
696,-604,-18156,-266,257,-94
788,-564,-18400,-273,273,-81
760,-548,-18152,-294,245,-105
672,-552,-18116,-286,243,-78
656,-544,-18388,-262,254,-89
768,-496,-18248,-256,257,-85
712,-532,-18232,-282,261,-90
768,-552,-18124,-264,243,-89
660,-524,-18140,-282,250,-100
800,-540,-18024,-276,264,-55
724,-480,-18240,-273,297,-87
636,-556,-18164,-291,259,-83
776,-572,-18244,-280,266,-83
716,-564,-18288,-284,261,-103
712,-592,-18240,-284,273,-95
628,-508,-18200,-274,287,-106
704,-540,-18204,-267,239,-98
676,-600,-18344,-285,283,-84
812,-500,-18144,-292,265,-73
716,-560,-18368,-293,273,-96
752,-492,-18136,-298,256,-104
632,-488,-18076,-292,246,-78
776,-532,-18196,-289,251,-92
664,-536,-18272,-264,271,-100
660,-480,-18236,-285,245,-73
684,-556,-18320,-281,247,-82
556,-504,-18132,-277,290,-77
680,-512,-18276,-273,263,-86
792,-552,-18216,-280,243,-71
708,-500,-18216,-286,262,-90
720,-532,-18312,-260,266,-91
656,-576,-18204,-276,260,-84
732,-504,-18244,-256,246,-82
756,-528,-18148,-262,260,-81
692,-528,-18212,-289,272,-81
716,-512,-18152,-255,249,-75
696,-612,-18280,-284,281,-96
756,-544,-18040,-264,262,-81
720,-536,-18324,-270,269,-68
716,-508,-18148,-289,268,-102
788,-656,-18208,-289,275,-87
672,-516,-18128,-282,241,-100
676,-540,-18080,-267,245,-88
732,-536,-18136,-277,277,-80
656,-612,-18204,-304,258,-66
680,-460,-18136,-276,262,-80
748,-592,-18296,-284,268,-78
644,-560,-18188,-284,252,-95
776,-456,-18256,-261,272,-82
684,-460,-18248,-283,260,-79
668,-452,-18316,-292,273,-105
828,-432,-18228,-279,262,-88
748,-528,-18076,-281,289,-85
760,-548,-18260,-275,268,-82
704,-500,-18128,-276,279,-66
760,-548,-18272,-280,258,-96
712,-572,-18168,-280,272,-73
764,-540,-18156,-257,239,-85
540,-544,-18356,-275,267,-95
696,-612,-18232,-273,252,-85
744,-564,-18300,-295,246,-73
672,-544,-18104,-274,275,-97
616,-520,-18084,-273,286,-107
656,-600,-18240,-290,258,-88
684,-532,-18296,-288,260,-87
716,-436,-18192,-275,263,-83
796,-512,-18392,-291,276,-95
620,-652,-18228,-272,281,-75
736,-544,-18348,-280,246,-86
688,-532,-18200,-259,295,-73
684,-584,-18276,-260,260,-69
792,-572,-18016,-272,262,-105
684,-584,-18216,-297,258,-86
692,-500,-18328,-284,254,-82
692,-560,-18296,-262,243,-74
732,-596,-18252,-280,261,-91
684,-540,-18140,-271,274,-95
680,-520,-18172,-292,290,-91
716,-572,-18004,-271,278,-77
692,-468,-18276,-255,269,-85
820,-492,-18148,-280,268,-81
552,-492,-18324,-284,281,-95
788,-520,-18144,-267,259,-100
680,-572,-18232,-281,277,-84
732,-480,-18116,-263,268,-94
792,-548,-18144,-270,245,-93
764,-472,-18276,-294,260,-73
672,-520,-18232,-286,260,-75
652,-580,-18188,-271,278,-90
680,-576,-18280,-282,243,-77
712,-516,-18116,-298,280,-103
708,-604,-18256,-297,252,-72
724,-512,-18168,-272,253,-86
644,-516,-18192,-285,243,-89
632,-424,-18220,-303,275,-71
672,-524,-18180,-282,280,-83
716,-480,-18332,-285,292,-106
736,-516,-18100,-280,254,-87
688,-536,-18184,-290,269,-86
704,-480,-18212,-260,254,-84
776,-480,-18252,-283,265,-77
828,-496,-18232,-277,254,-94
716,-552,-18092,-274,265,-64
624,-472,-18188,-265,247,-72
748,-584,-18256,-282,275,-104
704,-576,-18236,-262,253,-88
712,-516,-18104,-289,286,-81
748,-612,-18320,-284,269,-103
652,-452,-18212,-305,259,-83
712,-600,-18172,-282,277,-118
664,-524,-18384,-272,258,-92
640,-576,-18264,-273,262,-76
720,-536,-18144,-266,279,-75
708,-496,-18228,-287,252,-77
656,-544,-18260,-272,241,-75
832,-624,-18184,-286,267,-93
744,-468,-18104,-271,255,-75
756,-572,-18264,-273,275,-74
704,-496,-18144,-279,245,-96
652,-540,-18292,-273,275,-93
752,-588,-18192,-278,244,-80
760,-592,-18320,-269,260,-109
740,-532,-18264,-271,244,-84
640,-612,-18196,-293,303,-75
696,-540,-18328,-280,265,-93
728,-540,-18320,-296,274,-84
692,-604,-18316,-278,260,-88
684,-640,-18160,-271,268,-83
736,-560,-18204,-284,245,-79
660,-564,-18284,-260,265,-94
772,-596,-18188,-282,278,-80
804,-508,-18168,-303,269,-71
696,-604,-18216,-273,274,-86
788,-540,-18172,-291,258,-95
644,-600,-18184,-296,255,-74
792,-672,-18156,-263,257,-85
640,-556,-18148,-266,264,-87
648,-512,-18220,-279,255,-88
564,-580,-18300,-290,281,-92
668,-536,-18192,-291,262,-92
808,-584,-18316,-283,262,-84
668,-472,-18312,-276,266,-89
688,-540,-18360,-274,257,-76
712,-552,-18152,-271,267,-111
768,-476,-18204,-279,253,-90
660,-592,-18372,-266,262,-83
648,-588,-18212,-294,252,-119
612,-584,-18240,-270,267,-83
808,-612,-18188,-282,260,-95
672,-572,-18160,-279,272,-64
672,-564,-18156,-251,256,-74
700,-628,-18112,-280,273,-87
704,-592,-18148,-282,249,-104
708,-624,-18192,-268,258,-98
656,-588,-18256,-262,283,-90
744,-588,-18300,-289,255,-80
648,-548,-18188,-250,262,-85
672,-576,-18192,-274,242,-83
776,-512,-18264,-276,271,-95
732,-624,-18280,-268,269,-84
708,-576,-18096,-281,246,-114
688,-572,-18320,-275,282,-91
660,-628,-18248,-283,253,-91
692,-540,-18288,-265,272,-73
684,-548,-18332,-275,266,-82
664,-612,-18112,-289,269,-80
684,-620,-18220,-270,234,-107
672,-472,-18144,-284,272,-83
812,-504,-18204,-270,273,-70
804,-468,-18176,-294,270,-102
684,-504,-18176,-293,264,-79
756,-508,-18376,-267,258,-91
708,-600,-18252,-314,289,-94
724,-468,-18448,-270,237,-71
756,-544,-18376,-283,266,-81
684,-480,-18272,-257,247,-79
804,-520,-18220,-281,273,-91
640,-564,-18220,-277,237,-92
776,-536,-18160,-271,256,-75
724,-560,-18300,-293,265,-94
672,-492,-18312,-271,260,-77
752,-540,-18152,-265,268,-62
736,-548,-18264,-270,277,-70
684,-560,-18188,-272,261,-66
716,-548,-18252,-297,259,-96
676,-620,-18280,-266,263,-89
676,-480,-18296,-263,251,-101
660,-564,-18216,-273,258,-88
716,-492,-18124,-270,283,-82
700,-536,-18244,-282,267,-80
736,-432,-18216,-264,270,-97
844,-544,-18216,-276,268,-65
632,-540,-18272,-262,240,-75
740,-576,-18248,-278,242,-86
800,-572,-18348,-285,275,-87
688,-584,-18344,-269,276,-97
648,-584,-18108,-273,271,-106
756,-616,-18268,-296,266,-79
716,-540,-18204,-271,278,-84
660,-600,-18260,-276,251,-97
608,-512,-18360,-280,265,-95
692,-524,-18288,-271,253,-63
680,-480,-18248,-279,266,-65
688,-528,-18264,-290,264,-97
648,-440,-18228,-270,291,-82
796,-576,-18300,-265,284,-58
704,-516,-18348,-271,265,-109
704,-560,-18164,-273,253,-90
656,-440,-18196,-258,244,-78
676,-584,-18196,-262,253,-79
692,-616,-18240,-277,284,-75
740,-636,-18272,-270,266,-87
700,-568,-18236,-288,261,-93
684,-584,-18144,-307,238,-78
616,-588,-18132,-271,268,-75
732,-604,-18132,-276,250,-85
716,-652,-18148,-262,248,-80
824,-516,-18264,-277,278,-85
660,-512,-18200,-249,253,-90
688,-588,-18256,-268,258,-85
796,-580,-18148,-284,255,-100
648,-536,-18348,-268,248,-80
712,-584,-18340,-258,276,-75
772,-560,-18060,-304,255,-85
600,-420,-18256,-285,252,-114
696,-668,-18112,-268,275,-67
696,-532,-18212,-261,229,-118
740,-588,-18236,-265,257,-81
632,-488,-18092,-260,239,-87
656,-592,-18244,-254,240,-91
660,-572,-18196,-257,270,-71
772,-560,-18192,-267,269,-98
800,-592,-18208,-291,274,-82
732,-580,-18316,-287,268,-128
704,-516,-18120,-297,275,-76
696,-480,-18212,-257,270,-99
624,-444,-18216,-255,245,-68
720,-556,-18288,-271,266,-90
700,-552,-18140,-272,283,-101
648,-448,-18360,-276,236,-88
708,-600,-18244,-314,272,-77
708,-576,-18248,-266,270,-72
704,-476,-18228,-279,283,-81
784,-560,-18272,-287,281,-93
568,-676,-18228,-274,270,-88
632,-516,-18216,-275,266,-85
728,-520,-18412,-270,246,-95
680,-640,-18108,-301,257,-88
676,-524,-18364,-265,262,-76
620,-500,-18176,-282,261,-58
692,-520,-18252,-280,276,-84
752,-608,-18320,-278,252,-84
580,-516,-18156,-281,266,-95
760,-648,-18244,-270,238,-78
712,-632,-18204,-270,257,-88
756,-576,-18344,-289,274,-100
636,-472,-18276,-256,252,-64
700,-544,-18272,-280,257,-86
692,-604,-18256,-272,307,-86
700,-524,-18216,-266,271,-83
660,-472,-18412,-259,273,-94
744,-644,-18100,-285,275,-101
760,-572,-18060,-292,277,-87
716,-508,-18212,-265,274,-88
688,-420,-18236,-274,272,-83
644,-516,-18344,-277,267,-93
808,-576,-18292,-301,259,-84
652,-532,-18116,-273,247,-86
788,-460,-18088,-290,278,-93
708,-596,-18180,-267,255,-64
704,-580,-18196,-299,247,-103
768,-496,-18256,-285,260,-90
816,-540,-18068,-292,264,-102
592,-564,-18404,-268,259,-85
652,-596,-18240,-282,250,-91
764,-536,-18260,-271,258,-79
704,-444,-18188,-277,253,-64
712,-604,-18264,-279,268,-93
720,-488,-18160,-280,261,-49
728,-552,-18164,-280,248,-97
648,-672,-18212,-275,254,-83
684,-596,-18244,-262,269,-75
836,-536,-18284,-289,307,-79
620,-488,-18240,-266,291,-89
748,-484,-18172,-261,254,-82
628,-596,-18216,-273,296,-87
728,-580,-18296,-264,254,-72
800,-512,-18296,-288,267,-82
752,-600,-18076,-256,261,-105
676,-592,-18176,-302,276,-71
660,-584,-18276,-285,269,-70
720,-500,-18240,-276,276,-73
764,-472,-18248,-269,246,-93
720,-524,-18264,-269,255,-76
752,-564,-18172,-290,291,-85
772,-568,-18248,-294,247,-88
616,-524,-18232,-281,266,-72
728,-496,-18200,-274,269,-91
672,-680,-18252,-259,262,-84
748,-548,-18260,-274,250,-82
676,-524,-18260,-285,269,-77
688,-544,-18100,-293,260,-65
716,-516,-18188,-283,269,-75
704,-532,-18284,-265,244,-96
736,-616,-18180,-268,250,-83
660,-516,-18244,-269,243,-69
756,-548,-18156,-280,243,-114
752,-524,-18204,-274,262,-82
628,-588,-18208,-284,244,-70
676,-628,-18196,-261,245,-93
640,-500,-18304,-258,258,-91
664,-544,-18340,-296,262,-82
672,-580,-18120,-286,267,-68
696,-560,-18320,-279,263,-60
672,-504,-18284,-285,284,-63
712,-592,-18244,-268,272,-85
656,-528,-18148,-293,268,-90
652,-548,-18108,-269,286,-70
700,-568,-18244,-268,266,-100
720,-468,-18288,-290,262,-92
768,-528,-18216,-273,257,-83
684,-576,-18256,-277,243,-89
820,-560,-18248,-273,278,-77
800,-548,-18276,-276,267,-71
756,-524,-18220,-279,250,-71
656,-584,-18228,-298,259,-100
704,-580,-18172,-275,264,-105
624,-532,-18240,-286,257,-79
712,-520,-18184,-277,280,-79
644,-496,-18264,-256,268,-55
616,-564,-18160,-256,275,-108
820,-684,-18132,-276,295,-67
724,-520,-18160,-263,238,-89
688,-544,-18268,-285,248,-87
732,-512,-18272,-269,255,-84
700,-624,-18260,-291,249,-80
764,-592,-18244,-296,256,-74
612,-532,-18192,-299,268,-105
752,-544,-18228,-293,270,-82
744,-520,-18112,-300,268,-72
676,-580,-18148,-260,269,-77
716,-544,-18156,-272,258,-71
712,-464,-18200,-276,284,-81
760,-580,-18168,-253,277,-82
692,-560,-18280,-261,272,-88
768,-528,-18180,-283,260,-87
648,-580,-18164,-277,262,-60
608,-512,-18196,-262,252,-85
748,-552,-18320,-295,245,-64
760,-548,-18184,-280,251,-81
660,-504,-18112,-282,242,-74
760,-492,-18068,-284,264,-75
640,-468,-18200,-284,237,-83
664,-612,-18204,-284,283,-96
704,-504,-18216,-250,284,-95
608,-500,-18308,-286,267,-73
748,-636,-18328,-256,223,-118
716,-588,-18120,-268,265,-99
668,-616,-18176,-276,250,-58
808,-560,-18084,-277,257,-86
788,-540,-18260,-265,249,-93
680,-572,-18248,-274,272,-93
736,-528,-18208,-286,268,-90
620,-560,-18304,-300,262,-106
816,-488,-18172,-271,266,-67
720,-620,-18112,-278,230,-88
692,-500,-18204,-273,251,-94
752,-524,-18224,-268,248,-78
660,-624,-18240,-306,248,-89
648,-520,-18260,-285,240,-92
688,-628,-18148,-292,265,-107
644,-588,-18092,-294,253,-91
648,-492,-18244,-311,279,-90
616,-468,-18172,-300,283,-89
788,-536,-18236,-266,270,-97
744,-512,-18344,-276,227,-87
768,-552,-18136,-282,264,-93
652,-596,-18172,-262,241,-79
752,-560,-18232,-267,288,-81
716,-564,-18184,-276,266,-85
756,-560,-18084,-294,256,-69
664,-580,-18260,-286,273,-81
812,-592,-18192,-290,265,-78
748,-600,-18292,-281,280,-88
580,-604,-18124,-275,277,-108
704,-640,-18232,-278,268,-73
688,-456,-18152,-312,269,-102
644,-524,-18208,-284,261,-80
696,-508,-18084,-262,272,-93
708,-568,-18264,-274,279,-76
644,-560,-18172,-254,272,-80
760,-524,-18076,-271,274,-94
720,-560,-18212,-281,263,-84
732,-552,-18216,-275,262,-93
756,-600,-18280,-294,259,-83
684,-612,-18308,-281,268,-74
708,-568,-18088,-268,250,-62
684,-560,-18276,-271,277,-78
664,-516,-18336,-274,250,-79
748,-520,-18068,-263,242,-83
824,-548,-18124,-266,246,-55
748,-600,-18264,-296,243,-80
680,-548,-18232,-284,252,-75
748,-492,-18284,-287,249,-67
648,-480,-18232,-278,263,-59
764,-620,-18136,-279,250,-77
796,-560,-18264,-281,263,-84
616,-524,-18040,-266,273,-105
776,-472,-18200,-281,272,-91
692,-604,-18224,-293,261,-69
652,-596,-18236,-295,244,-80
748,-556,-18168,-290,272,-81
712,-564,-18292,-274,267,-70
692,-584,-18316,-267,254,-79
688,-500,-18112,-306,267,-94
740,-520,-18184,-277,264,-84
728,-516,-18172,-289,253,-80
716,-528,-18172,-274,259,-93
728,-604,-18292,-276,267,-89
608,-548,-18172,-263,272,-91
760,-556,-18160,-283,257,-94
728,-600,-18196,-275,273,-96
812,-592,-18276,-262,259,-72
724,-500,-18192,-269,276,-71
712,-536,-18172,-264,237,-69
716,-580,-18248,-280,238,-93
824,-496,-18304,-274,264,-69
624,-556,-18160,-279,267,-66
716,-576,-18272,-263,245,-98
672,-584,-18200,-265,255,-80
724,-492,-18220,-279,276,-73
712,-544,-18188,-276,269,-96
696,-584,-18236,-276,252,-84
692,-532,-18076,-276,270,-72
704,-544,-18216,-270,274,-90
676,-600,-18132,-297,262,-95
556,-552,-18308,-291,254,-86
724,-564,-18128,-266,259,-96
720,-508,-18296,-278,258,-103
724,-516,-18336,-292,236,-91
676,-564,-18196,-247,244,-57
732,-532,-18320,-251,276,-72
724,-488,-18248,-280,282,-76
716,-524,-18236,-308,247,-55
652,-500,-18176,-274,287,-91
728,-604,-18220,-284,243,-81
724,-520,-18256,-272,277,-81
712,-572,-18184,-276,245,-84
668,-392,-18448,-294,261,-95
684,-548,-18236,-285,267,-67
732,-556,-18148,-260,259,-96
724,-548,-18208,-287,257,-83
704,-532,-18360,-254,273,-104
628,-524,-18112,-280,253,-65
720,-520,-18248,-284,279,-99
716,-532,-18296,-255,261,-76
720,-516,-18228,-277,285,-111
716,-476,-18180,-269,279,-99
748,-592,-18360,-271,264,-79
748,-492,-18132,-271,262,-79
784,-516,-18264,-284,239,-80
640,-556,-18256,-282,266,-89
696,-592,-18180,-270,274,-99
704,-536,-18176,-293,259,-76
636,-572,-18172,-252,250,-66
628,-556,-18220,-270,243,-89
748,-620,-18160,-288,264,-68
652,-564,-18352,-285,252,-75
708,-632,-18364,-288,244,-89
764,-480,-18280,-288,277,-57
716,-488,-18292,-295,260,-77
744,-544,-18320,-293,250,-83
668,-572,-18216,-291,279,-82
752,-612,-18308,-280,248,-72
756,-544,-18140,-292,270,-79
704,-536,-18172,-272,274,-90
668,-496,-18280,-273,271,-79
800,-528,-18248,-279,255,-70
624,-628,-18220,-301,269,-87
680,-572,-18216,-269,266,-79
668,-484,-18160,-273,251,-86
696,-620,-18132,-281,279,-78
712,-564,-18224,-284,255,-93
736,-568,-18156,-282,250,-88
660,-504,-18248,-289,233,-71
800,-716,-18276,-277,243,-112
692,-516,-18264,-259,274,-79
756,-600,-18228,-283,266,-81
736,-564,-18216,-285,256,-103
660,-536,-18140,-277,287,-62
736,-560,-18264,-270,271,-99
764,-524,-18272,-275,258,-94
684,-524,-18132,-279,256,-89
720,-560,-18276,-272,252,-107
664,-532,-18260,-310,244,-62
600,-572,-18256,-276,262,-92
744,-516,-18284,-283,269,-86
684,-524,-18304,-286,273,-69
736,-556,-18296,-275,269,-76
748,-632,-18112,-282,275,-102
696,-572,-18212,-295,288,-81
680,-580,-18216,-264,246,-92
720,-620,-18116,-267,251,-83
704,-572,-18220,-279,259,-97
736,-532,-18236,-279,268,-76
688,-528,-18180,-271,252,-92
804,-644,-18144,-272,277,-63
764,-584,-18160,-275,251,-73
756,-520,-18376,-283,256,-70
680,-532,-18180,-272,262,-90
748,-572,-18112,-284,246,-91
692,-568,-18184,-268,250,-79
676,-524,-18140,-276,258,-87
788,-580,-18188,-282,285,-48
752,-508,-18200,-288,289,-81
660,-592,-18232,-289,250,-94
636,-592,-18324,-273,253,-90
716,-524,-18132,-280,264,-90
660,-532,-18124,-282,243,-92
760,-564,-18212,-281,262,-85
600,-496,-18348,-270,265,-78
688,-576,-18248,-276,254,-95
704,-544,-18124,-266,253,-92
640,-544,-18216,-297,245,-87
628,-592,-18304,-277,269,-102
656,-456,-18192,-289,268,-73
720,-644,-18220,-267,262,-100
680,-616,-18272,-281,282,-67
728,-600,-18288,-261,301,-89
836,-536,-18248,-299,267,-84
628,-528,-18276,-277,270,-77
608,-468,-18112,-296,256,-71
780,-496,-18164,-261,273,-97
736,-516,-18152,-260,273,-73
716,-576,-18288,-291,242,-103
704,-580,-18292,-262,237,-85
696,-572,-18232,-265,267,-85
720,-544,-18252,-298,267,-91
684,-508,-18240,-266,257,-80
768,-600,-18268,-284,258,-108
720,-640,-18128,-293,270,-59
808,-560,-18172,-297,285,-81
772,-592,-18336,-299,273,-97
752,-516,-18176,-269,274,-99
760,-568,-18288,-270,262,-95
744,-620,-18204,-276,258,-72
744,-484,-18192,-283,258,-95
624,-592,-18160,-269,254,-86
624,-552,-18328,-270,249,-94
756,-568,-18092,-270,277,-99
624,-560,-18204,-279,259,-83
684,-548,-18264,-254,262,-79
776,-492,-18204,-274,268,-84
812,-536,-18148,-296,279,-73
668,-504,-18124,-302,251,-91
636,-440,-18224,-266,299,-105
764,-572,-18320,-271,267,-98
616,-580,-18328,-275,238,-66
760,-552,-18008,-287,257,-96
696,-520,-18220,-275,269,-78
708,-532,-18240,-291,246,-76
740,-616,-18148,-253,264,-79
768,-592,-18200,-267,248,-96
776,-504,-18300,-269,272,-83
736,-504,-18336,-287,258,-95
684,-448,-18344,-306,265,-62
656,-600,-18156,-287,242,-94
680,-472,-18344,-291,266,-78
700,-552,-18328,-274,262,-76
684,-608,-18208,-291,249,-68
600,-548,-18180,-278,256,-87
736,-564,-18160,-287,267,-78
752,-516,-18292,-287,260,-77
760,-560,-18244,-264,246,-84
764,-552,-18292,-249,246,-86
672,-528,-18236,-278,280,-63
788,-580,-18400,-289,275,-96
600,-528,-18120,-297,265,-87
740,-520,-18332,-258,240,-103
728,-636,-18184,-254,251,-92
768,-524,-18064,-286,273,-80
652,-536,-18076,-270,258,-61
764,-568,-18076,-269,253,-89
748,-552,-18176,-288,275,-105
684,-612,-18224,-260,283,-105
704,-564,-18188,-302,266,-94
684,-564,-18236,-302,270,-93
736,-516,-18164,-289,241,-88
700,-464,-18144,-284,265,-96
684,-516,-18180,-292,241,-105
700,-540,-18368,-241,281,-101
716,-512,-18340,-282,250,-96
688,-536,-18176,-294,273,-84
808,-508,-17976,-275,258,-87
596,-532,-18088,-288,247,-102
728,-608,-18160,-285,255,-90
664,-668,-18224,-287,251,-91
664,-568,-18180,-290,272,-78
712,-560,-18196,-275,264,-94
768,-592,-18232,-274,270,-89
668,-572,-18156,-271,256,-78
708,-524,-18312,-288,284,-87
772,-572,-18180,-270,262,-85
788,-568,-18260,-278,282,-72
728,-508,-18212,-265,271,-90
652,-504,-18092,-271,261,-82
816,-540,-18336,-291,259,-76
788,-568,-18208,-275,286,-91
704,-444,-18340,-263,266,-74
640,-532,-18080,-281,264,-71
712,-616,-18168,-279,233,-94
684,-632,-18280,-268,264,-88
672,-548,-18136,-284,277,-60
720,-564,-18324,-287,266,-83
680,-552,-18176,-297,268,-91
672,-520,-18316,-258,272,-90
720,-552,-18304,-273,270,-85
724,-488,-18304,-300,261,-77
704,-588,-18248,-284,246,-73
632,-428,-18264,-288,280,-92
712,-472,-18256,-260,243,-81
676,-588,-18164,-286,248,-95
780,-560,-18212,-285,238,-82
728,-584,-18304,-292,242,-85
888,-684,-18196,-280,286,-112
616,-512,-18168,-277,254,-91
780,-572,-18264,-270,264,-72
784,-584,-18400,-281,275,-75
772,-568,-18220,-303,246,-81
688,-600,-18220,-303,259,-100
736,-556,-18336,-282,245,-77
660,-556,-18192,-273,251,-82
684,-532,-18288,-265,272,-97
756,-592,-18304,-271,259,-102
828,-532,-18276,-265,255,-96
680,-552,-18316,-260,255,-86
680,-552,-18308,-277,243,-89
792,-512,-18240,-286,276,-80
672,-500,-18324,-269,241,-92
640,-552,-18216,-300,270,-85
680,-588,-18128,-276,240,-82
684,-512,-18140,-285,274,-97
716,-528,-18168,-278,294,-75
756,-556,-18204,-275,254,-85
808,-596,-18200,-275,268,-68
744,-508,-18276,-251,266,-90
748,-620,-18136,-287,229,-102
744,-464,-18304,-311,274,-64
724,-576,-18104,-286,256,-77
704,-516,-18156,-273,271,-67
628,-532,-18116,-284,278,-98
708,-520,-18384,-266,256,-81
736,-536,-18188,-272,272,-104
772,-604,-18272,-288,258,-81
768,-540,-18224,-285,278,-78
652,-532,-18144,-277,256,-83
776,-608,-18212,-286,256,-69
720,-520,-18256,-290,273,-99
728,-556,-18356,-286,270,-63
740,-624,-18384,-270,262,-88
740,-532,-18164,-274,271,-92
832,-552,-18172,-269,249,-82
660,-544,-18292,-277,243,-98
760,-500,-18212,-282,245,-84
764,-596,-18116,-272,260,-98
676,-504,-18316,-263,278,-82
680,-468,-18276,-264,252,-81
652,-588,-18228,-280,258,-54
652,-564,-18164,-273,250,-64
780,-548,-18108,-277,233,-76
724,-472,-18348,-275,249,-73
732,-552,-18236,-275,265,-82
756,-616,-18088,-294,264,-106
744,-580,-18236,-282,269,-51
724,-560,-18176,-285,256,-95
724,-436,-18172,-259,246,-93
780,-516,-18132,-286,250,-76
804,-560,-18376,-292,258,-84
736,-540,-18232,-289,249,-82
704,-524,-18300,-269,296,-85
740,-620,-18188,-262,229,-78
756,-580,-18128,-273,261,-90
708,-500,-18224,-263,268,-79
660,-512,-18284,-263,273,-91
820,-576,-18284,-281,251,-108
680,-552,-18276,-306,267,-103
688,-556,-18376,-292,263,-67
644,-496,-18460,-265,258,-116
784,-564,-18228,-269,260,-84
768,-512,-18368,-289,253,-88
584,-568,-18296,-288,287,-101
720,-592,-18352,-274,264,-91
704,-492,-18272,-262,265,-101
684,-528,-18256,-281,261,-94
628,-548,-18116,-271,278,-84
736,-524,-18208,-289,274,-75
792,-616,-18088,-271,256,-100
596,-524,-18276,-275,252,-68
776,-560,-18148,-283,272,-99
680,-560,-18208,-290,291,-85
744,-588,-18132,-254,276,-80
740,-528,-18184,-252,250,-76
700,-556,-18316,-283,272,-85
684,-604,-18188,-288,274,-100
700,-544,-18228,-263,255,-87
732,-492,-18092,-261,263,-91
720,-588,-18288,-283,249,-79
688,-584,-18288,-284,248,-80
744,-596,-18236,-298,257,-75
724,-532,-18116,-291,262,-86
712,-536,-18264,-286,275,-66
708,-520,-18160,-274,231,-84
728,-504,-18220,-280,249,-88
716,-452,-18352,-277,255,-97
672,-532,-18272,-274,265,-87
660,-528,-18236,-265,255,-65
708,-524,-18276,-284,255,-79
696,-480,-18128,-249,262,-87
720,-532,-18200,-262,269,-96
692,-468,-18232,-269,270,-88
588,-480,-18228,-300,273,-99
700,-520,-18196,-273,261,-93
720,-580,-18340,-278,246,-75
788,-672,-18228,-281,258,-72
772,-488,-18120,-288,249,-94
640,-540,-18172,-266,283,-89
748,-604,-18224,-266,271,-106
716,-464,-18216,-299,250,-109
712,-516,-18252,-287,256,-82
672,-492,-18408,-282,271,-89
668,-552,-18328,-300,253,-135
812,-624,-18172,-268,260,-103
712,-584,-18264,-287,272,-64
688,-556,-18244,-265,269,-99
840,-476,-18356,-270,268,-71
744,-572,-18292,-257,244,-67
740,-584,-18248,-267,253,-81
760,-536,-18196,-277,303,-94
836,-600,-18236,-308,257,-75
740,-468,-18084,-266,255,-66
628,-484,-18184,-272,258,-86
740,-632,-18200,-267,262,-54
768,-576,-18308,-276,261,-107
748,-536,-18228,-261,272,-72
648,-516,-18240,-291,263,-90
716,-516,-18260,-275,252,-95
680,-536,-18220,-274,247,-40
716,-576,-18032,-286,256,-101
680,-520,-18356,-279,239,-82
728,-528,-18220,-277,280,-82
664,-452,-18128,-273,275,-68
744,-516,-18204,-257,276,-93
744,-596,-18180,-258,239,-71
700,-568,-18180,-284,251,-98
672,-576,-18076,-284,262,-70
720,-628,-18236,-280,284,-79
716,-568,-18244,-253,248,-91
736,-496,-18176,-295,271,-69
708,-516,-18096,-265,269,-83
816,-500,-18224,-289,244,-96
724,-500,-18180,-277,270,-93
748,-612,-18204,-282,257,-74
748,-552,-18084,-259,236,-81
696,-560,-18180,-300,271,-95
792,-532,-18224,-288,256,-101
796,-532,-18288,-279,244,-89
728,-528,-18308,-251,257,-94
708,-544,-18336,-289,276,-91
744,-396,-18276,-270,262,-100
624,-588,-18220,-273,274,-96
700,-528,-18288,-287,278,-85
512,-528,-18248,-264,275,-78
700,-536,-18256,-264,265,-101
692,-592,-18212,-271,288,-86
680,-544,-18224,-268,256,-57
676,-556,-18404,-280,276,-96
724,-488,-18152,-292,244,-75
676,-480,-18324,-277,272,-85
744,-436,-18168,-255,293,-80
588,-476,-18176,-293,264,-68
684,-524,-18208,-256,247,-106
756,-580,-18140,-287,270,-86
676,-512,-18388,-275,270,-79
720,-544,-18260,-280,275,-91
716,-604,-18128,-280,256,-69
700,-500,-18196,-273,270,-76
772,-588,-18196,-267,297,-101
580,-576,-18360,-277,273,-92
712,-544,-18196,-258,233,-86
684,-536,-18208,-280,275,-86
596,-572,-18240,-278,269,-94
748,-560,-18188,-291,275,-78
724,-536,-18256,-297,260,-88
788,-536,-18212,-293,286,-84
684,-552,-18168,-269,229,-82
676,-556,-18316,-254,252,-87
720,-592,-18240,-276,254,-90
764,-628,-18344,-262,264,-93
784,-504,-18228,-280,291,-77
696,-548,-18344,-287,277,-111
748,-576,-18372,-282,276,-81
664,-508,-18224,-289,251,-69
736,-524,-18292,-314,281,-85
656,-484,-18196,-270,248,-91
660,-532,-18256,-275,248,-77
628,-580,-18320,-297,288,-95
704,-488,-18272,-264,268,-79
748,-556,-18048,-274,293,-89
792,-568,-18124,-264,269,-71
668,-592,-18156,-299,242,-109
696,-452,-18160,-274,262,-81
724,-532,-18232,-277,286,-96
800,-532,-18216,-305,267,-87
692,-496,-18296,-284,261,-95
732,-524,-18328,-271,261,-86
688,-524,-18300,-266,272,-82
704,-560,-18252,-262,259,-114
732,-536,-18376,-277,278,-65
632,-520,-18296,-277,256,-100
736,-512,-18256,-277,262,-90
612,-548,-18176,-273,264,-94
660,-552,-18104,-264,267,-105
572,-500,-18256,-289,264,-78
724,-660,-18244,-273,242,-75
712,-528,-18124,-293,291,-79
700,-464,-18256,-283,252,-80
660,-576,-18252,-288,275,-51
712,-652,-18096,-300,274,-99
724,-604,-18228,-291,276,-86
716,-576,-18316,-283,267,-72
724,-580,-18164,-260,268,-80
708,-480,-18336,-284,264,-96
700,-624,-18156,-277,258,-68
652,-564,-18196,-295,262,-82
748,-568,-18188,-282,247,-83
708,-604,-18312,-269,260,-68
760,-480,-18072,-281,275,-98
716,-508,-18352,-280,236,-87
692,-496,-18320,-295,254,-94
640,-508,-18268,-275,273,-84
824,-552,-18248,-280,242,-97
696,-604,-18156,-266,257,-94
788,-564,-18400,-273,273,-81
760,-548,-18152,-294,245,-105
672,-552,-18116,-286,243,-78
656,-544,-18388,-262,254,-89
768,-496,-18248,-256,257,-85
712,-532,-18232,-282,261,-90
768,-552,-18124,-264,243,-89
660,-524,-18140,-282,250,-100
800,-540,-18024,-276,264,-55
724,-480,-18240,-273,297,-87
636,-556,-18164,-291,259,-83
776,-572,-18244,-280,266,-83
716,-564,-18288,-284,261,-103
712,-592,-18240,-284,273,-95
628,-508,-18200,-274,287,-106
704,-540,-18204,-267,239,-98
676,-600,-18344,-285,283,-84
812,-500,-18144,-292,265,-73
716,-560,-18368,-293,273,-96
752,-492,-18136,-298,256,-104
632,-488,-18076,-292,246,-78
776,-532,-18196,-289,251,-92
664,-536,-18272,-264,271,-100
660,-480,-18236,-285,245,-73
684,-556,-18320,-281,247,-82
556,-504,-18132,-277,290,-77
680,-512,-18276,-273,263,-86
792,-552,-18216,-280,243,-71
708,-500,-18216,-286,262,-90
720,-532,-18312,-260,266,-91
656,-576,-18204,-276,260,-84
732,-504,-18244,-256,246,-82
756,-528,-18148,-262,260,-81
692,-528,-18212,-289,272,-81
716,-512,-18152,-255,249,-75
696,-612,-18280,-284,281,-96
756,-544,-18040,-264,262,-81
720,-536,-18324,-270,269,-68
716,-508,-18148,-289,268,-102
788,-656,-18208,-289,275,-87
672,-516,-18128,-282,241,-100
676,-540,-18080,-267,245,-88
732,-536,-18136,-277,277,-80
656,-612,-18204,-304,258,-66
680,-460,-18136,-276,262,-80
748,-592,-18296,-284,268,-78
644,-560,-18188,-284,252,-95
776,-456,-18256,-261,272,-82
684,-460,-18248,-283,260,-79
668,-452,-18316,-292,273,-105
828,-432,-18228,-279,262,-88
748,-528,-18076,-281,289,-85
760,-548,-18260,-275,268,-82
704,-500,-18128,-276,279,-66
760,-548,-18272,-280,258,-96
712,-572,-18168,-280,272,-73
764,-540,-18156,-257,239,-85
540,-544,-18356,-275,267,-95
696,-612,-18232,-273,252,-85
744,-564,-18300,-295,246,-73
672,-544,-18104,-274,275,-97
616,-520,-18084,-273,286,-107
656,-600,-18240,-290,258,-88
684,-532,-18296,-288,260,-87
716,-436,-18192,-275,263,-83
796,-512,-18392,-291,276,-95
620,-652,-18228,-272,281,-75
736,-544,-18348,-280,246,-86
688,-532,-18200,-259,295,-73
684,-584,-18276,-260,260,-69
792,-572,-18016,-272,262,-105
684,-584,-18216,-297,258,-86
692,-500,-18328,-284,254,-82
692,-560,-18296,-262,243,-74
732,-596,-18252,-280,261,-91
684,-540,-18140,-271,274,-95
680,-520,-18172,-292,290,-91
716,-572,-18004,-271,278,-77
692,-468,-18276,-255,269,-85
820,-492,-18148,-280,268,-81
552,-492,-18324,-284,281,-95
788,-520,-18144,-267,259,-100
680,-572,-18232,-281,277,-84
732,-480,-18116,-263,268,-94
792,-548,-18144,-270,245,-93
764,-472,-18276,-294,260,-73
672,-520,-18232,-286,260,-75
652,-580,-18188,-271,278,-90
680,-576,-18280,-282,243,-77
712,-516,-18116,-298,280,-103
708,-604,-18256,-297,252,-72
724,-512,-18168,-272,253,-86
644,-516,-18192,-285,243,-89
632,-424,-18220,-303,275,-71
672,-524,-18180,-282,280,-83
716,-480,-18332,-285,292,-106
736,-516,-18100,-280,254,-87
688,-536,-18184,-290,269,-86
704,-480,-18212,-260,254,-84
776,-480,-18252,-283,265,-77
828,-496,-18232,-277,254,-94
716,-552,-18092,-274,265,-64
624,-472,-18188,-265,247,-72
748,-584,-18256,-282,275,-104
704,-576,-18236,-262,253,-88
712,-516,-18104,-289,286,-81
748,-612,-18320,-284,269,-103
652,-452,-18212,-305,259,-83
712,-600,-18172,-282,277,-118
664,-524,-18384,-272,258,-92
640,-576,-18264,-273,262,-76
720,-536,-18144,-266,279,-75
708,-496,-18228,-287,252,-77
656,-544,-18260,-272,241,-75
832,-624,-18184,-286,267,-93
744,-468,-18104,-271,255,-75
756,-572,-18264,-273,275,-74
704,-496,-18144,-279,245,-96
652,-540,-18292,-273,275,-93
752,-588,-18192,-278,244,-80
760,-592,-18320,-269,260,-109
740,-532,-18264,-271,244,-84
640,-612,-18196,-293,303,-75
696,-540,-18328,-280,265,-93
728,-540,-18320,-296,274,-84
692,-604,-18316,-278,260,-88
684,-640,-18160,-271,268,-83
736,-560,-18204,-284,245,-79
660,-564,-18284,-260,265,-94
772,-596,-18188,-282,278,-80
804,-508,-18168,-303,269,-71
696,-604,-18216,-273,274,-86
788,-540,-18172,-291,258,-95
644,-600,-18184,-296,255,-74
792,-672,-18156,-263,257,-85
640,-556,-18148,-266,264,-87
648,-512,-18220,-279,255,-88
564,-580,-18300,-290,281,-92
668,-536,-18192,-291,262,-92
808,-584,-18316,-283,262,-84
668,-472,-18312,-276,266,-89
688,-540,-18360,-274,257,-76
712,-552,-18152,-271,267,-111
768,-476,-18204,-279,253,-90
660,-592,-18372,-266,262,-83
648,-588,-18212,-294,252,-119
612,-584,-18240,-270,267,-83
808,-612,-18188,-282,260,-95
672,-572,-18160,-279,272,-64
672,-564,-18156,-251,256,-74
700,-628,-18112,-280,273,-87
704,-592,-18148,-282,249,-104
708,-624,-18192,-268,258,-98
656,-588,-18256,-262,283,-90
744,-588,-18300,-289,255,-80
648,-548,-18188,-250,262,-85
672,-576,-18192,-274,242,-83
776,-512,-18264,-276,271,-95
732,-624,-18280,-268,269,-84
708,-576,-18096,-281,246,-114
688,-572,-18320,-275,282,-91
660,-628,-18248,-283,253,-91
692,-540,-18288,-265,272,-73
684,-548,-18332,-275,266,-82
664,-612,-18112,-289,269,-80
684,-620,-18220,-270,234,-107
1596,-2528,-16688,-235,549,-78
1612,-2468,-16756,-373,386,-72
1708,-2368,-17100,-350,531,-59
1568,-2396,-16904,-248,521,-89
1576,-2480,-16968,-437,471,-94
1704,-2532,-16976,-274,557,-67
1456,-2524,-16652,-277,460,-81
1628,-2440,-17012,-454,498,-100
1664,-2480,-16880,-277,510,-69
1364,-2552,-16872,-292,536,-108
1800,-2408,-16864,-363,483,-66
1572,-2528,-16628,-295,518,-47
1596,-2484,-16872,-329,527,-95
1732,-2396,-16748,-323,548,-60
1444,-2420,-16804,-280,495,-67
1724,-2500,-16940,-384,516,-92
1684,-2424,-16940,-290,503,-68
1428,-2472,-16828,-316,474,-84
1628,-2512,-16980,-375,545,-86
1584,-2584,-16780,-312,497,-56
1612,-2536,-16984,-325,566,-102
1772,-2432,-16812,-323,526,-113
1540,-2484,-16972,-275,492,-53
1580,-2456,-16808,-369,507,-96
1628,-2432,-16828,-319,499,-74
1556,-2416,-16828,-319,511,-82
1668,-2436,-16792,-322,493,-109
1532,-2524,-17024,-312,492,-88
1684,-2452,-16748,-355,483,-70
1572,-2452,-16768,-312,512,-716856
1572,-2452,-16768,-312,512,-716856
1588,-2556,-16704,-339,521,-93
1608,-2488,-16808,-284,524,-83
1492,-2460,-16840,-324,501,-47
1680,-2468,-16792,-321,493,-102
1668,-2452,-16764,-306,536,-89
1632,-2508,-16696,-310,505,-77
1712,-2480,-16860,-312,523,-77
1608,-2364,-16844,-300,489,-73
1640,-2568,-17044,-340,502,-99
1696,-2580,-17000,-298,534,-80
1584,-2496,-16772,-293,448,-60
1628,-2528,-16996,-358,512,-73
1680,-2416,-16852,-307,473,-63
1660,-2464,-16944,-335,479,-65
1672,-2536,-16984,-282,416,-77
1580,-2480,-16892,-364,611,-91
1584,-2460,-16788,-308,439,-78
1712,-2552,-16856,-371,410,-90
1688,-2464,-16976,-287,615,-81
1664,-2480,-16760,-317,438,-66
1628,-2484,-16900,-403,459,-58
1620,-2596,-16860,-274,577,-83
1536,-2468,-16752,-288,481,-92
1608,-2552,-17076,-379,487,-51
1676,-2584,-17268,-296,778,-119
1680,-2432,-16724,-152,724,-88
1520,-2532,-16904,-442,247,-59
1792,-2504,-17020,-398,742,-118
1488,-2436,-16528,-197,380,-29
1644,-2424,-16976,-394,497,-137
1820,-2448,-16884,-351,538,-53
1500,-2520,-16792,-245,478,-76
1716,-2504,-16892,-387,560,-102
1592,-2480,-16800,-258,497,-85
1492,-2540,-16736,-295,501,-77
1752,-2368,-16824,-401,523,-100
1624,-2504,-16968,-262,501,-70
1704,-2440,-16880,-311,518,-82
1632,-2500,-17032,-332,501,-61
1516,-2616,-17040,-307,542,-72
1692,-2524,-16956,-363,495,-76
1448,-2532,-16780,-353,494,-78
1740,-2580,-16820,-310,495,-78
1724,-2492,-16896,-350,518,-96
1764,-2452,-16960,-292,540,-70
1404,-2548,-16864,-340,501,-88
1684,-2568,-17084,-320,518,-91
1564,-2420,-16772,-324,494,-63
1704,-2520,-16668,-341,499,-74
1664,-2452,-16928,-302,506,-95
1620,-2432,-16648,-321,501,-84
1672,-2468,-16932,-340,493,-65
1524,-2548,-16888,-297,499,-83
1508,-2508,-16868,-350,518,-92
1668,-2380,-16904,-316,482,-85
1604,-2392,-16712,-321,503,-87
1628,-2576,-16756,-343,497,-70
1628,-2388,-16828,-320,507,-79
1576,-2380,-16872,-318,488,-58
1608,-2412,-16776,-339,515,-84
1668,-2556,-16932,-303,522,-77
1612,-2520,-16772,-331,498,-78
1720,-2452,-16780,-345,489,-80
1676,-2504,-16800,-312,495,-92
1640,-2512,-16828,-346,509,-66
1712,-2500,-16756,-311,505,-67
1556,-2488,-16864,-315,505,-76
1576,-2528,-16964,-338,526,-71
1572,-2416,-16868,-319,481,-84
1556,-2556,-16780,-301,501,-75
1724,-2536,-16896,-308,508,-84
1728,-2484,-16816,-319,497,-67
1636,-2432,-16888,-331,514,-96
1656,-2516,-16948,-325,484,-90
1612,-2556,-16856,-317,500,-104
1668,-2492,-16936,-331,510,-79
1588,-2480,-16828,-316,503,-67
1664,-2520,-16880,-333,527,-82
1772,-2444,-16864,-352,521,-93
1572,-2588,-16924,-320,503,-74
1640,-2436,-16788,-316,516,-92
1668,-2520,-16660,-347,502,-86
1584,-2492,-16848,-309,507,-77
1620,-2480,-16816,-314,493,-60
1648,-2368,-16900,-332,497,-74
1664,-2500,-17040,-307,525,-69
1704,-2500,-16964,-324,506,-87
1560,-2556,-17036,-334,484,-59
1568,-2384,-16900,-305,498,-77
1548,-2432,-16668,-356,540,-102
1652,-2548,-16976,-335,519,-55
1652,-2552,-16756,-315,477,-68
1692,-2496,-16868,-345,531,-73
1644,-2520,-16840,-327,508,-74
1688,-2488,-16892,-311,525,-85
1620,-2432,-16936,-308,484,-63
1680,-2488,-16880,-313,493,-81
1592,-2512,-16904,-338,515,-77
1632,-2464,-17048,-345,502,-75
1656,-2460,-16824,-312,492,-53
1652,-2432,-16852,-318,521,-89
1676,-2412,-16728,-311,509,-86
1632,-2384,-17000,-319,479,-62
1584,-2424,-16860,-320,531,-63
1640,-2476,-16840,-317,477,-61
1576,-2444,-16840,-325,495,-92
1652,-2352,-16852,-321,488,-64
1580,-2504,-16852,-323,498,-82
1640,-2488,-16792,-335,537,-75
1576,-2560,-16704,-338,472,-85
1596,-2556,-16872,-325,492,-58
1580,-2544,-16840,-306,504,-80
1596,-2492,-16828,-346,486,-72
1648,-2548,-17012,-311,499,-74
1600,-2412,-16876,-326,493,-84
1716,-2576,-16852,-315,500,-61
1624,-2412,-16968,-287,491,-67
1652,-2332,-16820,-337,529,-96
1680,-2468,-16828,-325,480,-57
1532,-3264,-15060,-2937,450,-698
2148,-2852,-16568,1494,-1214,1380
392,-8380,-13324,2938,-2096,-3939
2324,-3152,-17504,7962,-44,11343
2752,-3968,-15384,8053,-3350,2065
796,-4864,-17704,6646,242,5216
1976,-4968,-15128,8547,-468,1451
2156,-7068,-16224,9233,1792,-2663
1084,-7352,-15428,14962,417,-3551
780,-7296,-13860,8423,6744,-2878
2536,-9064,-15336,5703,673,-89
1700,-8952,-14428,7243,-2606,-516
2088,-7568,-12760,11205,6531,-2198
1992,-10268,-13104,3588,656,-128
1912,-10532,-12752,6765,246,-1209
2752,-11160,-12332,3816,1635,786
2048,-11268,-12532,1590,824,180
1816,-11124,-12176,-439,1415,807
1996,-11104,-12612,268,623,32
1972,-11276,-12080,-566,614,65
2036,-11184,-12844,-1375,505,-15
2008,-11188,-12856,285,649,51
1412,-11072,-12624,1227,894,274
1988,-11308,-12204,42,546,-51
1984,-11344,-12632,237,550,-34
2116,-11476,-12352,940,716,50
2000,-11520,-12216,-524,517,-91
1996,-11360,-12252,-739,464,-83
2024,-11328,-12256,-1003,475,-84
1960,-11280,-12284,-1660,418,-77
1996,-11228,-12556,-1855,389,-84
1868,-11084,-12704,-1771,428,-90
2104,-11004,-12736,-1303,437,-68
1976,-11044,-12680,-246,472,-72
2112,-11076,-12600,-1285,624,96
1696,-10860,-12980,728,710,75
2036,-11124,-12484,-145,495,-96
1900,-11112,-12728,-473,494,-59
2132,-11160,-12512,-129,408,-173
1676,-10972,-12740,-1885,317,-126
2052,-10900,-12972,-1124,429,-105
1992,-11016,-12996,486,453,-146
1812,-11008,-12552,290,516,-107
1984,-10980,-12748,-402,472,-68
1896,-10944,-12752,-117,544,-84
1956,-10992,-12620,-1247,448,-86
2000,-10832,-12928,-1252,426,-98
1924,-10908,-12872,-1108,420,-105
1800,-10772,-12952,877,373,-237
2028,-10888,-12696,87,516,-93
1932,-10988,-12748,-415,514,-107
2148,-10984,-12832,654,572,-81
1940,-10976,-12524,-276,524,-87
1988,-11056,-12848,219,504,-89
1908,-11168,-12456,-516,497,-87
2000,-11112,-12372,-139,492,-73
1848,-11076,-13004,-191,490,-77
1848,-11092,-12768,-1224,467,-74
2072,-10880,-12836,-63,512,-65
2040,-10992,-12780,-850,479,-87
1960,-11044,-12768,-583,480,-67
2064,-11044,-12516,-992,475,-81
1984,-10784,-12840,-1970,438,-67
1992,-10724,-12824,-2521,375,-58
1808,-10556,-12676,-4202,98,-237
1800,-10196,-12992,-8616,-11,-188
1940,-9440,-13752,-11684,-76,35
2292,-8888,-14200,-13767,-556,-718
896,-8100,-16920,-32768,-5607,-9557
-48,-5512,-13876,-22851,-1935,-3951
-668,-216,-10012,-2732,-3479,-12400
2580,-2672,-16892,-2958,2206,-5361
1876,-2256,-17324,753,-399,68
1452,-2604,-16668,-424,641,-102
1660,-2308,-17140,-401,516,-81
1660,-2524,-16580,-365,566,-105
1760,-2376,-16948,-500,587,-78
1660,-2372,-16860,-581,688,-102
1644,-2444,-16912,-502,616,-95
1688,-2416,-16812,-385,548,-81
1720,-2288,-16856,-416,585,-98
1648,-2428,-17000,-263,459,-66
1812,-2424,-16824,-311,524,-100
1656,-2420,-16920,-305,472,-73
1692,-2380,-16824,-363,526,-76
1756,-2312,-16936,-364,516,-90
1732,-2324,-16748,-384,521,-84
1708,-2428,-16880,-512,656,-106
1692,-2336,-16956,-412,573,-95
1748,-2400,-16824,-347,512,-91
1800,-2320,-16804,-318,505,-81
1720,-2372,-16848,-345,498,-88
1660,-2304,-16880,-315,492,-85
1652,-2356,-16816,-338,516,-94
1656,-2372,-16976,-355,515,-81
1708,-2336,-16996,-362,491,-98
1648,-2356,-16976,-435,573,-95
1732,-2372,-16940,-334,498,-78
1736,-2316,-16848,-344,507,-80
1688,-2268,-16848,-349,496,-75
1592,-2292,-16908,-335,526,-85
1680,-2232,-16856,-361,536,-102
1732,-2344,-16908,-356,548,-96
1724,-2328,-16996,-340,482,-91
1684,-2252,-16960,-353,531,-95
1732,-2156,-16756,-335,521,-78
1764,-2312,-16936,-332,494,-79
1732,-2364,-17036,-297,498,-99
1732,-2276,-16908,-337,526,-88
1804,-2320,-16744,-327,513,-77
1756,-2228,-16880,-333,514,-94
1728,-2340,-16916,-378,555,-94
1744,-2296,-16996,-361,507,-85
1796,-2228,-16876,-348,530,-85
1692,-2400,-16840,-350,548,-87
1808,-2280,-16900,-312,509,-93
1748,-2284,-16780,-329,498,-76
1692,-2320,-16836,-327,477,-94
1724,-2332,-16800,-310,494,-73
1716,-2256,-16760,-319,501,-98
1744,-2268,-16908,-335,500,-76
1672,-2312,-16908,-345,472,-94
1668,-2276,-16968,-364,515,-78
1660,-2260,-16920,-323,485,-68
1816,-2344,-17060,-352,502,-83
1760,-2320,-16956,-316,500,-98
1688,-2344,-16720,-318,510,-69
1732,-2272,-16752,-347,480,-71
1716,-2332,-16892,-294,492,-96
1704,-2336,-16908,-310,518,-65
1672,-2280,-16964,-325,503,-87
1680,-2292,-16856,-326,497,-84
1832,-2276,-16840,-333,524,-87
1692,-2268,-16936,-342,527,-73
1788,-2328,-16900,-345,508,-96
1740,-2212,-16884,-341,535,-75
1816,-2252,-16996,-335,507,-89
1760,-2224,-16940,-320,509,-94
1780,-2268,-16948,-333,501,-82
1824,-2304,-16908,-318,506,-77
1812,-2332,-16796,-322,485,-97
1700,-2244,-16832,-335,505,-77
1716,-2236,-16924,-315,500,-58
1672,-2352,-16876,-332,508,-112
1888,-2356,-16760,-355,523,-69
1612,-2304,-16944,-335,515,-64
1696,-2276,-16864,-338,540,-79
1724,-2360,-16840,-303,498,-61
1788,-2376,-16920,-335,503,-86
1840,-2352,-16820,-327,532,-65
1768,-2276,-16916,-315,467,-79
1732,-2300,-16876,-330,544,-82
1740,-2220,-16888,-300,499,-84
1704,-2232,-16716,-346,509,-81
1896,-2336,-16756,-332,501,-79
1788,-2248,-16928,-334,481,-69
1824,-2372,-16944,-353,541,-83
1744,-2296,-16836,-285,468,-66
1708,-2360,-16988,-340,500,-87
1840,-2296,-16884,-319,522,-66
1724,-2276,-17032,-354,508,-66
1832,-2380,-17004,-315,525,-103
1692,-2372,-16952,-318,482,-53
1668,-2332,-17000,-338,518,-69
1868,-2284,-16892,-329,511,-75
1700,-2276,-16812,-340,525,-83
1812,-2284,-16820,-331,525,-86
1788,-2364,-16832,-293,510,-79
1740,-2336,-16904,-348,499,-78
1864,-2256,-16912,-316,480,-69
1648,-2288,-16908,-337,506,-71
1840,-2348,-16932,-315,506,-107
1700,-2252,-16820,-301,479,-72
1680,-2260,-16924,-347,511,-81
1788,-2208,-16948,-295,491,-64
1664,-2320,-16936,-333,487,-69
1864,-2200,-16960,-313,509,-80
1716,-2236,-16780,-307,464,-72
1804,-2292,-16896,-343,541,-84
1812,-2248,-17032,-312,522,-81
1672,-2304,-16864,-309,503,-81
1844,-2188,-16784,-307,460,-79
1876,-2240,-16936,-323,518,-98
1692,-2404,-16812,-339,518,-80
1712,-2296,-16832,-328,514,-96
1908,-2352,-16688,-332,458,-75
1808,-2332,-17032,-332,484,-88
1812,-2340,-16948,-331,515,-84
1712,-2300,-16984,-284,521,-84
1800,-2276,-16892,-317,507,-71
1744,-2288,-16872,-332,515,-56
1896,-2296,-16904,-342,514,-88
1796,-2268,-16900,-309,518,-89
1768,-2220,-16860,-343,514,-90
1736,-2248,-16784,-310,513,-73
1772,-2280,-16872,-319,512,-71
1704,-2248,-16728,-333,495,-71
1700,-2248,-16704,-314,462,-90
1756,-2320,-16808,-330,516,-88
1772,-2348,-16784,-325,502,-76
1744,-2280,-16976,-322,514,-79
1748,-2276,-16920,-327,478,-92
1732,-2316,-17148,-301,502,-99
1688,-2268,-16744,-323,514,-96
1680,-2248,-16988,-331,470,-87
1820,-2256,-16928,-310,516,-60
1832,-2336,-16928,-325,477,-53
1736,-2332,-16916,-316,516,-102
1716,-2256,-16936,-330,483,-81
1796,-2284,-16972,-306,505,-74
1808,-2340,-16820,-325,511,-63
1688,-2328,-17096,-321,497,-73
1720,-2320,-17012,-314,482,-79
1716,-2204,-16896,-310,552,-80
1820,-2308,-16840,-344,503,-67
1844,-2236,-16984,-304,524,-84
1788,-2172,-16816,-331,475,-67
1812,-2220,-16896,-326,488,-72
1800,-2248,-16800,-318,509,-96
1768,-2224,-16992,-323,495,-79
1776,-2276,-16996,-292,520,-92
1808,-2168,-17004,-343,505,-81
1812,-2324,-16800,-336,501,-81
1824,-2324,-16828,-314,501,-70
1744,-2332,-16976,-326,502,-67
1776,-2300,-17128,-332,526,-83
1892,-2192,-16832,-318,496,-72
1704,-2320,-16864,-333,481,-71
1900,-2288,-16948,-308,503,-79
1748,-2260,-16848,-307,508,-75
1844,-2248,-16800,-336,519,-77
1692,-2344,-16892,-321,497,-83
1764,-2336,-16764,-328,498,-70
1724,-2296,-16868,-308,487,-83
1736,-2248,-16948,-329,510,-76
1696,-2260,-16828,-331,510,-73
1648,-2284,-16792,-326,513,-65
1724,-2316,-16896,-326,502,-87
1784,-2276,-17012,-314,498,-79
1692,-2212,-16892,-321,505,-97
1744,-2380,-16824,-337,505,-75
1708,-2220,-17052,-318,484,-70
1628,-2284,-16872,-326,511,-73
1736,-2352,-17084,-318,488,-73
1828,-2232,-16832,-330,463,-71
1696,-2376,-16808,-321,534,-94
1748,-2264,-16956,-329,523,-90
1760,-2284,-16832,-309,498,-68
1760,-2316,-17060,-322,495,-88
1740,-2256,-16888,-307,502,-90
1736,-2400,-16808,-320,477,-75
1728,-2316,-16884,-335,515,-79
1796,-2244,-16920,-310,504,-78
1816,-2196,-16832,-334,519,-89
1728,-2324,-16960,-320,494,-76
1792,-2352,-16948,-339,506,-99
1676,-2272,-16728,-326,516,-93
1804,-2372,-16816,-325,501,-77
1568,-2284,-16864,-322,504,-77
1784,-2260,-16976,-323,515,-85
1788,-2252,-16800,-307,492,-82
1728,-2268,-16860,-343,513,-92
1744,-2276,-16876,-316,499,-62
1768,-2228,-16940,-294,507,-60
1844,-2272,-16932,-327,488,-96
1836,-2272,-16748,-301,517,-78
1748,-2240,-16868,-340,485,-91
1728,-2260,-16908,-315,496,-76
1724,-2276,-16908,-333,490,-90
1812,-2324,-16880,-327,502,-69
1756,-2156,-16860,-307,498,-88
1684,-2236,-16952,-302,514,-85
1720,-2308,-16848,-319,508,-75
1724,-2292,-16944,-329,480,-76
1812,-2228,-16968,-310,486,-89
1800,-2328,-16908,-338,522,-90
1756,-2252,-16744,-332,498,-77
1680,-2296,-16992,-323,501,-66
1804,-2240,-16892,-304,506,-112
1788,-2248,-16880,-310,479,-72
1804,-2272,-16872,-341,522,-93
1780,-2324,-16904,-326,506,-73
1692,-2264,-16880,-322,466,-77
1704,-2276,-16800,-325,495,-87
1808,-2272,-16908,-327,494,-66
1760,-2284,-16940,-323,513,-80
1856,-2284,-16820,-327,489,-75
1764,-2192,-17052,-336,510,-90
1676,-2272,-16856,-316,515,-82
1720,-2308,-16912,-330,477,-67
1900,-2220,-16828,-310,510,-87
1752,-2256,-16752,-321,512,-95
1772,-2300,-17008,-327,495,-86
1792,-2124,-16792,-330,512,-60
1696,-2208,-16884,-340,495,-95
1760,-2284,-16976,-352,516,-81
1704,-2336,-16988,-339,499,-88
1692,-2208,-17016,-324,501,-76
1836,-2220,-16944,-315,492,-89
1792,-2236,-16840,-334,507,-82
1628,-2152,-16872,-326,503,-73
1792,-2248,-16852,-325,503,-85
1724,-2360,-16900,-301,470,-74
1756,-2284,-16968,-308,509,-69
1820,-2292,-16892,-326,500,-92
1728,-2256,-16948,-327,492,-80
1784,-2216,-16864,-325,483,-77
1748,-2212,-16776,-299,459,-74
1752,-2364,-16892,-319,520,-95
1876,-2244,-16728,-336,483,-84
1724,-2352,-16956,-327,492,-90
1800,-2300,-16888,-323,504,-96
1684,-2312,-16892,-342,484,-78
1828,-2240,-16896,-336,497,-55
1748,-2304,-17020,-338,500,-73
1724,-2272,-16928,-314,507,-97
1840,-2252,-16968,-337,514,-90
1756,-2292,-16760,-321,480,-56
1788,-2300,-16840,-318,504,-93
1640,-2216,-16984,-302,514,-83
1676,-2308,-17008,-327,499,-91
1804,-2236,-16988,-334,524,-92
1852,-2212,-17004,-318,502,-98
1704,-2268,-16968,-340,506,-73
1708,-2240,-16892,-308,496,-74
1664,-2384,-16848,-352,522,-61
1680,-2176,-16860,-302,504,-57
1664,-2216,-16868,-308,500,-70
1824,-2296,-16940,-311,498,-74
1724,-2380,-16900,-305,492,-85
1704,-2280,-16988,-339,499,-106
1892,-2252,-16920,-314,502,-65
1840,-2188,-16940,-318,489,-111
1784,-2268,-16920,-339,506,-61
1788,-2132,-16688,-301,513,-85
1712,-2264,-16956,-322,495,-77
1824,-2168,-16956,-332,515,-86
1764,-2208,-16860,-320,498,-86
1784,-2372,-16968,-348,509,-91
1772,-2264,-16864,-282,504,-81
1736,-2332,-17004,-330,507,-76
1892,-2268,-16844,-309,490,-98
1612,-2244,-16800,-323,488,-94
1740,-2312,-16908,-317,478,-64
1788,-2264,-16892,-316,507,-74
1824,-2336,-16864,-315,476,-100
1768,-2288,-16952,-315,516,-64
1688,-2252,-16820,-321,503,-84
1804,-2256,-16996,-342,515,-76
1712,-2276,-16936,-324,529,-57
1716,-2268,-16880,-341,511,-93
1832,-2252,-16812,-319,497,-89
1864,-2236,-16788,-319,493,-97
1800,-2164,-16820,-333,501,-84
1668,-2288,-16892,-328,493,-69
1752,-2312,-16916,-318,479,-84
1792,-2312,-16968,-319,495,-72
1724,-2264,-16752,-311,498,-94
1708,-2364,-16848,-340,512,-98
1772,-2312,-16940,-324,472,-77
1788,-2200,-16992,-317,495,-85
1768,-2296,-16916,-328,499,-87
1712,-2232,-16968,-335,524,-66
1884,-2280,-16852,-325,499,-76
1700,-2308,-17012,-342,473,-72
1744,-2296,-16920,-328,486,-70
1728,-2228,-16956,-315,529,-82
1816,-2204,-16924,-325,507,-70
1836,-2352,-16756,-312,501,-90
1628,-2276,-16996,-322,506,-102
1820,-2320,-16928,-334,489,-80
1744,-2260,-16860,-333,486,-77
1856,-2256,-16712,-318,531,-92
1756,-2204,-16920,-324,489,-64
1828,-2252,-16916,-326,475,-89
1844,-2228,-16832,-298,518,-90
1796,-2260,-16932,-322,505,-75
1812,-2304,-17052,-308,514,-75
1828,-2232,-16852,-318,504,-69
1808,-2300,-16892,-324,483,-67
1768,-2268,-16908,-331,512,-76
1848,-2336,-17000,-337,486,-73
1772,-2268,-16880,-306,513,-95
1728,-2284,-16852,-310,506,-73
1860,-2260,-16860,-312,466,-85
1800,-2360,-16940,-332,520,-77
1712,-2268,-16788,-315,503,-53
1688,-2404,-16972,-334,480,-67
1788,-2312,-16880,-329,482,-92
1684,-2344,-16844,-336,518,-82
1844,-2272,-16976,-323,528,-97
1836,-2308,-16904,-328,471,-54
1756,-2252,-16844,-333,514,-64
1748,-2244,-16900,-317,471,-90
1692,-2264,-16884,-328,483,-88
1868,-2248,-16876,-330,502,-104
1696,-2296,-16884,-308,490,-65
1764,-2384,-17120,-335,510,-72
1732,-2260,-16792,-314,509,-64
1768,-2224,-16740,-311,479,-73
1712,-2304,-17004,-315,511,-89
1800,-2284,-16868,-332,498,-88
1864,-2292,-16916,-325,496,-90
1748,-2256,-16876,-308,523,-84
1816,-2236,-16976,-335,506,-84
1748,-2320,-16952,-290,482,-59
1824,-2300,-16972,-341,520,-85
1844,-2296,-16952,-316,491,-67
1756,-2296,-16784,-317,508,-73
1880,-2228,-16748,-331,517,-100
1756,-2252,-16956,-316,468,-80
1680,-2260,-16936,-326,493,-86
1788,-2260,-16916,-334,505,-84
1732,-2200,-16996,-287,488,-72
1816,-2248,-16908,-347,512,-76
1784,-2172,-17076,-326,477,-81
1708,-2256,-16880,-318,485,-94
1792,-2284,-17052,-328,492,-104
1812,-2300,-16848,-309,499,-84
1840,-2196,-17016,-327,497,-63
1804,-2212,-16928,-338,521,-84
1796,-2232,-16912,-320,488,-67
1796,-2200,-16936,-342,501,-103
1732,-2284,-16868,-305,495,-79
1800,-2260,-16952,-325,501,-77
1936,-2236,-17048,-340,507,-94
1816,-2356,-16800,-313,517,-68
1648,-2316,-16996,-320,520,-84
1808,-2252,-16984,-311,528,-101
1736,-2204,-16832,-310,503,-60
1804,-2152,-16840,-342,523,-86
1808,-2176,-17024,-313,508,-48
1712,-2260,-16968,-317,484,-74
1872,-2228,-16864,-331,509,-88
1756,-2320,-16912,-284,486,-71
1768,-2336,-17100,-333,490,-92
1748,-2312,-16928,-309,505,-80
1772,-2288,-16888,-344,490,-104
1880,-2228,-17024,-328,524,-83
1740,-2260,-16900,-325,465,-74
1740,-2292,-16992,-352,527,-70
1804,-2208,-16828,-315,497,-75
1768,-2236,-17000,-334,507,-85
1796,-2176,-16932,-326,509,-88
1764,-2260,-16848,-329,500,-100
1712,-2228,-17028,-325,533,-79
1668,-2196,-16772,-314,507,-68
1840,-2316,-16960,-331,483,-81
1736,-2396,-16840,-313,489,-75
1660,-2288,-16960,-319,511,-85
1772,-2256,-16936,-302,485,-78
1824,-2304,-16836,-341,512,-76
1772,-2244,-16976,-342,502,-61
1752,-2212,-17008,-323,498,-81
1704,-2224,-16952,-329,498,-67
1828,-2264,-16816,-320,473,-88
1748,-2364,-16940,-330,501,-88
1808,-2240,-16836,-331,476,-79
1664,-2352,-16912,-323,497,-87
1740,-2324,-16760,-310,495,-80
1776,-2364,-16988,-336,492,-67
1864,-2352,-16880,-314,523,-75
1728,-2376,-16896,-320,472,-78
1756,-2236,-17032,-317,512,-85
1796,-2320,-16932,-325,499,-77
1732,-2260,-16892,-284,506,-76
1788,-2272,-17012,-333,522,-88
1824,-2308,-17048,-311,489,-75
1732,-2160,-16980,-334,487,-100
1812,-2236,-16824,-325,517,-87
1780,-2280,-16896,-331,490,-79
1696,-2296,-16860,-342,518,-84
1848,-2276,-16944,-326,481,-83
1656,-2352,-16776,-344,515,-82
1824,-2212,-16772,-317,490,-62
1740,-2356,-16796,-328,500,-71
1812,-2264,-16980,-326,485,-70
1816,-2284,-17036,-296,503,-69
1616,-2180,-16976,-327,493,-96
1772,-2216,-16792,-302,492,-76
1756,-2304,-16924,-307,491,-92
1816,-2228,-17024,-347,519,-96
1796,-2332,-16732,-294,487,-88
1732,-2224,-16900,-344,475,-94
1684,-2208,-16860,-303,487,-68
1792,-2384,-16924,-338,524,-82
1864,-2284,-16812,-343,485,-92
1852,-2292,-16968,-302,505,-76
1880,-2272,-16788,-356,509,-79
1728,-2300,-16892,-294,503,-66
1720,-2280,-16924,-332,501,-68
1752,-2304,-16900,-330,500,-79
1764,-2280,-16888,-300,490,-72
1652,-2244,-16832,-360,539,-93
1792,-2284,-17012,-323,502,-89
1756,-2304,-16980,-304,501,-76
1716,-2344,-16740,-326,529,-79
1736,-2232,-17000,-321,494,-82
1904,-2172,-16884,-319,467,-94
1800,-2356,-17156,-339,481,-95
1788,-2284,-16924,-316,493,-80
1748,-2288,-16740,-313,498,-90
1768,-2268,-16956,-310,515,-79
1780,-2168,-16856,-295,489,-94
1744,-2280,-16884,-314,483,-72
1792,-2228,-16856,-310,506,-94
1716,-2264,-16840,-320,474,-78
1772,-2372,-17064,-306,491,-70
1844,-2220,-16824,-333,524,-64
1732,-2176,-17004,-309,495,-71
1812,-2260,-16844,-335,510,-97
1912,-2276,-16984,-327,493,-93
1788,-2220,-16888,-317,515,-82
1716,-2276,-16956,-313,482,-96
1852,-2220,-16760,-314,478,-65
1724,-2264,-16928,-333,489,-86
1856,-2256,-16888,-329,522,-69
1760,-2316,-16924,-323,515,-69
1692,-2352,-16932,-332,525,-97
1780,-2284,-16816,-345,496,-76
1760,-2276,-16924,-325,522,-89
1680,-2224,-16920,-325,492,-67
1820,-2292,-16964,-316,486,-77
1756,-2288,-16940,-344,493,-74
1736,-2316,-16924,-346,505,-97
1800,-2200,-16992,-326,500,-68
1736,-2260,-16852,-324,517,-108
1780,-2236,-16912,-313,516,-84
1784,-2232,-16844,-334,521,-84
1668,-2248,-16824,-312,475,-80
1724,-2188,-16812,-334,519,-95
1780,-2196,-16840,-341,509,-67
1696,-2200,-17056,-331,504,-79
1844,-2256,-16892,-324,489,-68
1784,-2264,-17048,-328,481,-72
1808,-2364,-16888,-344,499,-66
1800,-2284,-16836,-329,485,-89
1852,-2168,-16936,-326,484,-68
1792,-2220,-16892,-335,490,-62
1812,-2212,-16880,-346,499,-90
1720,-2288,-16952,-300,526,-56
1728,-2292,-16852,-314,502,-97
1952,-2148,-16804,-323,483,-77
1704,-2304,-16796,-296,487,-59
1828,-2304,-16928,-344,518,-88
1832,-2244,-16896,-304,505,-73
1780,-2260,-16912,-308,510,-104
1752,-2328,-16828,-343,492,-82
1768,-2316,-17036,-295,477,-68
1788,-2132,-16840,-320,498,-106
1752,-2304,-16908,-326,498,-79
1676,-2220,-17024,-305,529,-78
1848,-2260,-16804,-332,511,-74
1756,-2252,-16864,-300,482,-91
1832,-2220,-16932,-343,525,-85
1688,-2264,-16936,-341,524,-54
1624,-2216,-17052,-327,494,-73
1848,-2288,-16876,-343,484,-85
1764,-2308,-16888,-322,498,-62
1796,-2288,-16876,-330,521,-93
1808,-2228,-16832,-332,497,-66
1844,-2260,-17028,-311,508,-71
1732,-2152,-16888,-330,493,-96
1724,-2304,-16940,-343,510,-73
1724,-2324,-16836,-309,489,-82
1804,-2296,-17036,-319,485,-80
1748,-2252,-16876,-322,509,-73
1832,-2236,-16968,-335,501,-67
1784,-2260,-16892,-326,500,-73
1724,-2140,-16844,-334,506,-106
1808,-2240,-16840,-317,479,-86
1736,-2352,-16944,-342,504,-64
1956,-2260,-16908,-340,500,-97
1808,-2212,-16948,-321,474,-58
1768,-2268,-16860,-352,518,-76
1844,-2248,-16844,-355,527,-79
1668,-2280,-16888,-331,528,-88
1804,-2256,-16964,-336,521,-81
1852,-2288,-16832,-309,466,-69
1844,-2132,-16948,-302,523,-64
1736,-2160,-16820,-338,467,-69
1692,-2324,-16872,-306,524,-75
1816,-2228,-16848,-332,483,-91
1780,-2328,-16904,-318,475,-87
1704,-2272,-16920,-303,500,-86
1832,-2152,-16936,-322,488,-92
1700,-2276,-16904,-304,493,-92
1712,-2216,-16880,-311,500,-75
1732,-2248,-16760,-314,486,-69
1792,-2256,-16964,-324,503,-76
1736,-2148,-17072,-316,493,-70
1840,-2304,-16848,-314,495,-88
1848,-2380,-16864,-337,498,-101
1856,-2280,-16864,-317,466,-72
1748,-2208,-16900,-332,498,-82
1800,-2200,-16732,-303,505,-81
1736,-2240,-17008,-303,466,-98
1756,-2168,-16952,-333,482,-97
1844,-2236,-17008,-315,495,-64
1688,-2196,-16908,-323,489,-71
1728,-2140,-16976,-305,519,-76
1780,-2256,-16880,-323,484,-76
1792,-2172,-16956,-331,514,-83
1836,-2224,-16848,-309,495,-59
1808,-2280,-16816,-315,487,-76
1796,-2244,-16920,-334,524,-88
1748,-2236,-16968,-320,487,-89
1652,-2256,-16948,-338,533,-89
1864,-2208,-16892,-338,488,-86
1772,-2280,-16824,-298,481,-79
1812,-2280,-16976,-328,524,-89
1812,-2208,-16824,-352,480,-62
1732,-2228,-17024,-307,498,-65
1804,-2188,-16840,-319,515,-96
1712,-2288,-16936,-335,478,-87
1656,-2192,-16948,-319,519,-91
1756,-2312,-16968,-312,480,-61
1728,-2244,-16884,-312,502,-68
1844,-2236,-16748,-329,515,-68
1736,-2244,-16760,-331,502,-89
1912,-2172,-16764,-350,494,-63
1728,-2200,-16804,-316,486,-65
1756,-2192,-16880,-349,488,-85
1780,-2308,-16940,-306,511,-68
1712,-2320,-16812,-324,499,-110
1904,-2196,-16868,-338,498,-90
1704,-2236,-16892,-319,512,-78
1756,-2280,-17076,-321,521,-88
1824,-2308,-16924,-310,508,-56
1740,-2324,-16820,-347,509,-79
1920,-2200,-16888,-318,463,-75
1704,-2316,-16916,-309,481,-67
1784,-2224,-16816,-345,510,-89
1900,-2184,-16888,-321,504,-99
1692,-2204,-16852,-327,500,-90
1792,-2288,-17004,-326,521,-89
1728,-2248,-16920,-300,525,-70
1796,-2304,-16832,-344,490,-76
1712,-2236,-16796,-328,492,-81
1724,-2188,-16908,-320,497,-79
1788,-2304,-16944,-325,507,-72
1640,-2232,-16844,-323,502,-63
1760,-2284,-16808,-334,486,-94
