4292,1500,-17804,-153,78,12
4176,1476,-17764,-164,110,20
4236,1516,-17804,-154,90,11
4268,1524,-17740,-162,125,-6
4156,1484,-17924,-148,105,14
4244,1568,-17784,-156,91,4
4288,1504,-17756,-174,106,15
4212,1500,-17880,-179,114,13
4272,1368,-17800,-199,118,15
4344,1528,-17844,-153,80,6
4180,1460,-17896,-142,108,22
4284,1572,-17648,-147,80,-4
4324,1548,-17744,-168,107,27
4240,1508,-17812,-162,100,3
4228,1508,-17928,-138,77,12
4164,1444,-17744,-154,79,2
4188,1492,-17912,-153,76,2
4264,1452,-17856,-154,96,25
4244,1368,-17780,-154,95,20
4256,1524,-17776,-160,106,-20
4168,1472,-17816,-205,87,19
4216,1584,-17708,-153,86,23
4312,1544,-17832,-160,111,25
4304,1576,-17956,-158,91,11
4260,1496,-17828,-152,90,-2
4296,1420,-17912,-154,84,13
4264,1464,-17956,-135,86,16
4216,1548,-17792,-173,98,20
4340,1488,-17832,-144,83,10
4244,1500,-17672,-152,82,-5
4196,1568,-17860,-163,120,20
4188,1516,-18036,-120,102,0
4244,1532,-17820,-154,105,-6
4200,1512,-17988,-188,60,9
4228,1556,-18024,-143,123,7
4180,1512,-17972,-159,121,7
4228,1496,-17868,-139,106,-6
4228,1464,-17744,-163,89,14
4128,1588,-17808,-145,70,3
4252,1512,-17884,-158,105,2
4280,1408,-17712,-161,106,14
4232,1560,-17820,-163,81,8
4144,1472,-17700,-150,94,19
4236,1476,-17936,-169,134,19
4212,1424,-17916,-176,105,15
4224,1516,-17716,-169,90,16
4304,1472,-17872,-165,96,22
4212,1436,-17996,-151,101,2
4260,1432,-17768,-157,83,3
4400,1540,-17884,-165,82,3
4188,1476,-17752,-146,100,6
4188,1496,-17876,-171,95,0
4232,1452,-17884,-164,104,7
4272,1448,-17812,-160,104,13
4184,1512,-17812,-165,108,27
4240,1508,-17704,-166,93,1
4232,1512,-17900,-183,94,-4
4308,1468,-17876,-148,95,12
4164,1456,-17888,-166,86,6
4204,1612,-17880,-148,100,0
4284,1544,-17832,-171,101,16
4156,1536,-17924,-165,76,39
4312,1516,-17864,-135,96,-9
4316,1396,-18020,-147,100,14
4196,1524,-17864,-146,99,19
4168,1436,-17812,-142,86,16
4332,1496,-17744,-178,97,-1
4280,1560,-17704,-165,106,-19
4312,1492,-17836,-169,105,17
4272,1452,-17932,-166,79,2
4248,1504,-18016,-187,110,28
4228,1560,-17828,-171,110,11
4244,1600,-17764,-166,87,20
4256,1564,-17868,-149,103,9
4236,1520,-17836,-157,98,2
4312,1464,-17896,-154,125,9
4224,1436,-17908,-163,72,12
4196,1496,-17884,-187,106,20
4300,1476,-17836,-154,67,26
4292,1560,-17656,-132,85,18
4260,1464,-17860,-168,99,11
4204,1532,-17864,-175,114,9
4216,1424,-17816,-156,92,27
4244,1468,-17732,-160,92,3
4204,1408,-17848,-148,100,-3
4216,1412,-17884,-164,70,29
4200,1448,-17776,-171,87,34
4120,1472,-17728,-150,107,14
4236,1524,-17860,-152,114,7
4268,1488,-17620,-176,86,17
4292,1516,-17736,-161,129,22
4124,1532,-17776,-150,86,-4
4276,1412,-17756,-164,103,24
4312,1548,-17736,-155,118,10
4212,1452,-18000,-160,95,3
4140,1528,-17852,-170,99,-4
4160,1488,-17920,-169,76,7
4220,1512,-17888,-169,86,14
4288,1484,-17836,-160,106,0
4244,1440,-17816,-141,97,32
4216,1444,-17800,-159,93,18
4260,1444,-17736,-160,91,18
4204,1464,-17744,-181,86,12
4300,1448,-17840,-131,99,24
4232,1608,-17928,-172,99,-3
4156,1504,-17860,-154,88,4
4212,1428,-17784,-146,63,1
4208,1496,-17740,-166,74,-23
4308,1448,-17740,-162,80,36
4220,1504,-17540,-150,71,11
4280,1488,-17848,-159,98,25
4280,1412,-17792,-164,115,3
4204,1412,-17776,-156,89,24
4180,1592,-17800,-155,107,18
4096,1452,-17720,-163,90,22
4172,1508,-17888,-173,99,19
4236,1492,-17808,-170,104,6
4296,1560,-17736,-174,69,18
4212,1552,-17820,-156,113,28
4228,1436,-17800,-160,114,33
4204,1520,-17948,-160,105,-15
4324,1484,-17944,-174,85,29
4264,1516,-17764,-142,67,14
4288,1516,-17848,-144,90,13
4244,1488,-17780,-166,107,-5
4192,1464,-17896,-159,109,14
4236,1564,-17836,-152,83,4
4240,1508,-17744,-167,101,5
4212,1464,-17808,-145,103,16
4256,1448,-17756,-161,83,7
4160,1436,-17832,-136,80,1
4188,1540,-17760,-163,99,13
4208,1552,-17700,-151,70,26
4232,1424,-17868,-156,122,5
4192,1368,-17800,-141,105,7
4236,1436,-17724,-169,107,10
4156,1480,-17952,-146,113,44
4244,1632,-17924,-156,79,12
4256,1468,-17856,-163,67,7
4200,1512,-17772,-176,108,16
4160,1528,-17748,-168,72,40
4224,1440,-17724,-157,85,23
4296,1512,-17900,-177,75,11
4292,1480,-17828,-182,105,14
4192,1452,-17728,-168,92,12
4216,1584,-17844,-167,70,21
4260,1416,-17744,-147,94,42
4200,1476,-17876,-174,79,2
4320,1568,-17912,-162,79,19
4236,1468,-17864,-191,91,16
4260,1476,-17780,-147,84,-3
4156,1560,-17880,-158,128,11
4232,1484,-17708,-152,74,25
4256,1480,-17752,-152,113,15
4268,1544,-17848,-151,93,37
4088,1496,-17792,-157,87,10
4228,1596,-17908,-167,101,21
4256,1420,-17840,-146,92,35
4200,1464,-17816,-151,108,5
4292,1536,-17892,-158,73,14
4308,1480,-17912,-149,103,23
4236,1464,-17808,-160,68,23
4304,1492,-17820,-161,118,21
4148,1496,-17988,-167,85,8
4140,1472,-17980,-134,107,25
4232,1448,-17896,-164,66,21
4252,1568,-17796,-140,125,8
4168,1548,-17800,-154,103,11
4324,1560,-17924,-157,116,0
4196,1420,-17868,-150,85,12
4200,1508,-17788,-159,121,-9
4160,1524,-17848,-164,56,10
4308,1424,-17824,-167,66,11
4212,1468,-17896,-155,93,18
4248,1532,-17736,-175,104,-4
4236,1624,-17860,-161,83,15
4204,1444,-17812,-141,114,-7
4292,1472,-17812,-146,93,3
4232,1468,-17800,-177,86,15
4240,1568,-17720,-175,111,-19
4232,1500,-17760,-176,41,-2
4244,1516,-17724,-149,120,13
4148,1516,-17892,-127,51,20
4168,1436,-17740,-147,116,16
4208,1552,-17924,-139,88,8
4172,1472,-17820,-158,107,-2
4236,1480,-17964,-157,54,4
4252,1424,-17772,-139,84,9
4256,1612,-17736,-153,74,11
4240,1384,-17880,-147,96,12
4176,1436,-17768,-164,106,-16
4220,1548,-17684,-160,84,0
4264,1540,-17708,-154,92,3
4236,1552,-17976,-156,90,28
4264,1472,-17760,-192,127,10
4300,1552,-17700,-170,85,13
4264,1496,-17888,-154,38,12
4332,1500,-17744,-148,87,16
4252,1516,-17680,-151,80,9
4148,1440,-17656,-155,82,13
4240,1512,-17812,-171,72,23
4236,1500,-17884,-162,103,12
4152,1432,-17824,-143,89,25
4108,1576,-17800,-153,112,6
4248,1412,-17948,-146,80,19
4216,1536,-17828,-156,100,8
4248,1500,-17984,-163,90,3
4180,1460,-17960,-141,96,2
4228,1496,-17832,-160,84,41
4260,1524,-17776,-182,90,11
4228,1520,-17824,-152,97,11
4196,1528,-17824,-170,112,25
4236,1528,-17864,-139,89,10
4236,1464,-17824,-132,106,21
4272,1488,-17860,-165,74,6
4232,1544,-17812,-169,105,-10
4156,1556,-17772,-132,115,23
4248,1488,-17852,-135,76,4
4172,1556,-17960,-161,111,-20
4156,1412,-17964,-146,78,7
4284,1436,-17676,-175,81,19
4236,1436,-17840,-166,80,-11
4284,1440,-17768,-152,117,42
4244,1544,-17784,-150,93,35
4356,1528,-17928,-147,111,30
4204,1596,-17760,-142,64,-10
4284,1496,-17900,-175,92,0
4172,1480,-18032,-162,109,20
4224,1516,-17792,-169,88,13
4192,1448,-17616,-155,90,27
4176,1396,-17848,-193,92,10
4140,1452,-17688,-140,111,34
4248,1568,-17756,-146,81,-5
4252,1516,-17804,-167,93,35
4184,1568,-17772,-168,91,14
4208,1428,-17928,-152,115,3
4260,1464,-17856,-154,78,-5
4208,1408,-17684,-161,116,7
4244,1616,-17844,-153,99,6
4172,1508,-17732,-140,94,3
4192,1524,-17804,-154,91,4
4312,1508,-17648,-137,87,15
4220,1480,-17776,-146,64,6
4188,1552,-17764,-152,86,13
4144,1568,-17768,-137,89,23
4180,1412,-17840,-140,90,22
4268,1420,-17880,-145,96,32
4228,1464,-17620,-143,94,19
4244,1504,-17776,-175,81,27
4180,1540,-17736,-185,74,40
4292,1468,-17812,-158,123,-21
4236,1408,-17720,-165,86,9
4228,1552,-17840,-150,96,3
4272,1512,-17792,-151,93,23
4132,1452,-17884,-160,73,-10
4180,1480,-17852,-161,106,6
4256,1540,-17844,-169,98,7
4320,1544,-17984,-140,72,17
4196,1408,-17864,-151,84,18
4232,1524,-17968,-164,105,1
4168,1548,-17720,-150,100,3
4192,1460,-17800,-190,71,5
4216,1508,-17892,-155,88,9
4196,1488,-17920,-147,107,7
4228,1412,-17668,-169,97,40
4204,1520,-17788,-156,109,22
4160,1420,-17728,-159,100,29
4164,1472,-17876,-157,83,-1
4224,1452,-17760,-191,80,24
4284,1448,-17728,-143,64,16
4120,1472,-17740,-163,99,13
4196,1464,-17752,-150,71,-1
4176,1476,-17668,-144,91,-3
4200,1476,-17980,-141,106,6
4240,1484,-17708,-176,45,15
4228,1492,-17796,-181,95,17
4156,1552,-17728,-166,94,12
4188,1440,-17740,-166,106,5
4152,1520,-17836,-156,74,14
4264,1544,-17612,-182,94,22
4196,1472,-17848,-180,108,13
4192,1424,-17856,-146,104,16
4128,1500,-17968,-151,77,5
4220,1588,-17752,-168,78,5
4160,1572,-17808,-162,107,27
4212,1544,-17740,-149,98,6
4244,1600,-17872,-164,101,-4
4208,1496,-17792,-169,108,2
4148,1512,-17944,-160,72,26
4252,1620,-17800,-165,73,-3
4200,1468,-17832,-177,104,14
4148,1572,-17768,-147,74,-4
4128,1492,-17844,-190,73,3
4196,1536,-17824,-147,83,-10
4176,1472,-17640,-180,120,9
4192,1456,-17840,-168,77,27
4216,1476,-17788,-136,95,37
4180,1476,-17772,-154,87,19
4252,1504,-17796,-178,76,-6
4192,1472,-17756,-158,54,-10
4188,1520,-17772,-158,125,4
4224,1460,-17888,-159,29,1
4220,1560,-17892,-167,181,37
-14396,-6540,-9128,6429,-20802,4316
2184,1112,-18632,-1739,-2374,-1243
1840,1056,-17388,217,-4088,132
1500,2156,-20384,2642,4585,14925
3348,572,-19452,-2337,-4270,5833
3348,744,-19148,8361,-20817,2190
-716,604,-18104,11282,-4330,15290
-4340,-2036,-18356,4396,-18106,16920
-5988,-1132,-15520,11399,-32768,10071
-4996,152,-18736,7861,-32768,-3473
-7308,-3532,-16020,8376,-25385,-3881
-9444,-2828,-13760,14830,-20923,-1516
-12420,-4372,-16408,10049,-14234,13010
-14140,-5828,-9960,12412,-25810,163
-10156,-3484,-6584,10081,-19334,-5326
-13384,-5128,-4996,9072,-8806,-3601
-14072,-6932,-6560,3864,-6710,1882
-12736,-3840,-2852,11888,-9551,-4383
-12632,-6092,-3260,2200,-239,4903
-14012,-5428,-3132,1404,1365,12879
-15400,-4252,-2276,447,53,2924
-16068,-3156,-3788,-2204,-2757,-2694
-15116,-4772,-3276,-2306,-1979,-2830
-15064,-4356,-2664,-7609,403,-9723
-14536,-7452,-4936,-1795,695,-2967
-14972,-6968,-2464,685,1327,-3310
-13404,-6412,-3592,1771,-1579,2442
-16188,-6620,-2988,3067,-974,7570
-14156,-5348,-3672,3712,2374,7402
-15840,-4696,-3484,4492,168,8466
-15808,-3264,-3212,2196,-506,4449
-14976,-3904,-2096,2817,1906,7207
-15936,-2956,-3284,1064,-3614,-4375
-15176,-2716,-3384,2541,-2556,543
-15004,-5120,-3084,1077,128,1816
-15752,-3336,-2288,1856,-3009,-2172
-15580,-3800,-2508,-881,-1422,-2429
-15404,-3448,-1624,406,1098,2748
-15516,-3708,-2012,385,-389,-1384
-15464,-3256,-1968,-120,-1431,-636
-15616,-3776,-2624,-734,-139,509
-15708,-3984,-1456,-140,-2078,-2691
-14404,-3840,-1928,1217,373,851
-15920,-4280,-1836,-394,170,1305
-15316,-4368,-1724,391,-785,-193
-15520,-3956,-1704,223,-594,-434
-15684,-3848,-1876,-112,-1202,659
-16008,-4056,-2028,-849,-1710,694
-14100,-4076,-560,-660,-1039,316
-15656,-2948,-1744,-868,3307,5023
-15296,-2124,-2332,-4928,6476,13031
-14196,-1336,-3248,-10174,353,8409
-16512,-1524,-3116,-4780,1955,5830
-16272,960,-1164,-6272,2117,13004
-17076,-792,-2656,-9299,4154,11942
-16020,1636,-2896,-579,-10925,2229
-15768,1848,-1900,-2359,-3831,2164
-15096,1332,-1696,-2863,-7057,3381
-15168,2296,-1340,-1231,-4256,956
-15812,2568,-692,-1372,-612,1148
-15620,2344,-884,-1880,-1554,1605
-15232,4088,-500,-2875,162,3256
-15356,2916,-1192,-2682,4694,4542
-14328,2600,-928,-3174,520,2100
-15280,3708,-900,-657,-374,1699
-17424,3284,-136,-1517,3508,4765
-15656,3856,-688,-397,-804,95
-15908,3624,-8,-237,-3015,-456
-15612,3776,-116,226,-1186,-987
-14992,3536,-852,-176,-7625,-2564
-15168,3340,952,-9,-1187,-207
-15524,3256,252,117,-744,-850
-15732,3488,236,150,1040,61
-15492,3916,324,-221,2086,187
-14360,3692,360,427,5546,-1655
-10300,2904,-6132,-1171,32767,-4444
-10780,4764,1356,1368,20955,-5032
-13064,216,-10792,17629,32767,4561
-9456,660,-16948,28039,32767,-1809
-9708,1432,-18552,14844,32767,-11479
-452,-604,-18716,-15567,8589,-14332
1428,-224,-25616,-19581,1291,-1529
-1136,1700,-17804,-8987,32357,12185
-1988,144,-18236,1262,2535,3364
4192,1580,-17920,10024,25209,1095
4468,1476,-16256,-2676,-5322,-945
2348,1772,-18512,-2931,-8361,-1363
2284,2184,-17764,1369,3723,712
3232,1900,-18132,-688,-1453,-320
2852,1852,-17888,-66,222,-37
3244,1904,-18128,1145,4121,520
3096,1840,-18120,222,873,107
2984,1936,-18268,-250,-302,-108
2996,1968,-18024,23,404,10
3144,1832,-18008,-105,98,-6
3068,1912,-18068,-88,127,-28
3108,1940,-18012,-91,193,-27
2996,1820,-18076,-56,244,5
3152,1864,-18036,-74,406,-174
3012,1884,-17720,1717,1961,-2112
3416,1816,-18072,15,181,-387
3328,1640,-18040,-109,483,-59
3156,1516,-17680,8,17,-55
3096,1680,-18040,-130,434,-42
3080,1644,-18032,-261,252,-72
3140,1692,-18072,-199,-151,-50
3544,1960,-18148,1146,854,84
3444,1944,-17236,7889,6404,-2133
4832,-196,-15844,-1372,1479,-13106
2364,2780,-18692,-726,-4646,-465
5756,656,-16788,5934,-154,-8687
3084,1260,-17928,-777,3064,1771
3552,1416,-17728,-320,259,-1094
3624,976,-18232,-187,1282,313
3760,1356,-17876,-133,-190,122
3480,1444,-18284,-17,-18,156
3668,1416,-17908,-121,24,34
3592,1276,-18096,-129,122,54
3656,1332,-18056,-120,-117,236
3624,1344,-17980,-171,153,38
3644,1360,-17964,-166,122,17
3604,1308,-17964,-171,-1,15
3616,1276,-17980,-202,115,-33
3608,1352,-18008,-309,364,-21
3636,1252,-17988,-124,43,10
3600,1380,-17808,-189,146,10
3580,1364,-17936,-155,-56,-2
3648,1352,-17868,-114,61,13
3640,1340,-18076,-96,115,-1
3560,1248,-18016,-98,39,33
3704,1260,-18104,-144,121,20
3524,1428,-17832,-199,26,-12
3696,1276,-18108,-175,103,-14
3628,1300,-17940,-121,70,33
3668,1296,-18116,-145,104,37
3552,1448,-17956,-183,101,-1
3636,1436,-17932,-168,69,6
3592,1364,-17880,-162,155,13
3580,1276,-17976,-191,106,-4
3596,1264,-17916,-159,148,-13
3616,1376,-18164,-201,161,19
3736,1364,-17980,-264,524,-67
3728,1368,-17968,-108,113,0
3688,1328,-17944,-237,558,-7
3664,1364,-18212,-277,-133,-39
3776,1376,-18052,-47,72,23
3704,1312,-17712,-11,121,-22
3668,1336,-17836,-98,-340,40
3632,1400,-17972,-231,101,79
3460,1436,-17928,-341,-330,-110
3632,1368,-17968,-252,130,-19
3504,1400,-18144,-94,-345,-1
3584,1356,-18020,-225,124,15
3600,1468,-17956,-158,201,5
3584,1392,-17736,-168,52,7
3608,1424,-18016,-167,-4,2
3500,1348,-18128,-137,88,24
3584,1444,-18040,-167,97,-2
3588,1380,-18096,-164,41,-3
3520,1436,-18240,-165,83,20
3664,1436,-17980,-159,102,15
3600,1392,-18040,-163,81,23
3628,1408,-18044,-154,63,27
3624,1416,-18048,-154,79,9
3604,1320,-18036,-154,68,21
3492,1340,-18276,-164,74,10
3648,1492,-17848,-160,71,13
3536,1360,-17824,-153,101,5
3600,1436,-18048,-152,96,1
3548,1284,-17920,-153,87,5
3464,1292,-18068,-170,68,1
3576,1352,-18092,-157,90,-6
3620,1372,-17972,-165,93,3
3572,1376,-17952,-155,95,7
3528,1316,-18036,-169,78,11
3596,1348,-17856,-167,63,16
3456,1324,-17864,-170,77,36
3564,1352,-17984,-131,97,7
3512,1408,-17920,-155,91,-7
3520,1328,-18036,-151,86,26
3604,1420,-17940,-153,106,32
3524,1388,-18120,-147,87,-5
3552,1424,-17916,-179,106,20
3644,1392,-17980,-199,79,-1
3604,1476,-17972,-172,108,-2
3588,1336,-17820,-160,98,-13
3592,1400,-17988,-160,72,-16
3540,1456,-17992,-154,95,20
3492,1400,-18008,-161,87,-8
3536,1376,-17860,-163,98,10
3564,1320,-17956,-148,102,-2
3528,1428,-18036,-154,92,8
3536,1320,-17848,-158,73,19
3596,1420,-18112,-162,73,29
3560,1284,-18168,-148,73,23
3552,1400,-17964,-148,80,9
3456,1328,-17824,-163,87,37
3428,1364,-18036,-152,96,0
3548,1296,-18032,-158,89,-2
3560,1340,-17912,-172,97,-3
3492,1356,-17872,-178,77,2
3520,1380,-17972,-153,112,-8
3532,1428,-17924,-154,92,14
3548,1400,-18168,-166,86,11
3560,1348,-17896,-160,102,9
3536,1352,-17960,-163,55,19
3588,1416,-17972,-145,92,-5
3516,1388,-18060,-161,76,6
3548,1404,-18144,-159,81,11
3580,1400,-17980,-157,109,27
3628,1328,-18100,-144,73,2
3528,1416,-18044,-146,67,25
3492,1396,-18144,-147,94,22
3616,1340,-18076,-145,102,-1
3560,1380,-18116,-168,93,6
3480,1384,-17920,-174,77,10
3544,1344,-17896,-157,93,4
3668,1424,-18020,-181,92,3
3548,1404,-17948,-181,66,19
3580,1344,-17964,-185,91,9
3488,1432,-18056,-172,100,-7
3608,1368,-18048,-151,114,10
3632,1392,-18004,-134,100,7
3508,1340,-17908,-146,91,28
3524,1344,-17880,-130,107,-9
3632,1324,-17888,-154,73,5
3572,1428,-17864,-162,67,30
3524,1452,-18152,-132,61,42
3592,1284,-18092,-154,95,11
3568,1392,-17804,-138,89,21
3528,1360,-18004,-170,83,2
3468,1424,-18000,-156,97,17
3472,1384,-18036,-162,87,8
3524,1332,-18060,-171,78,5
3580,1272,-18092,-162,96,11
3456,1320,-18096,-153,104,-2
3528,1456,-18088,-156,102,15
3548,1392,-17996,-158,80,19
3588,1280,-17884,-147,96,-7
3540,1332,-17972,-166,60,29
3528,1328,-17884,-161,103,45
3564,1332,-17976,-170,90,21
3516,1504,-17988,-151,100,17
3484,1344,-18056,-142,117,6
3508,1444,-18196,-164,114,-8
3592,1392,-18116,-156,112,1
3544,1356,-17836,-168,93,19
3584,1320,-17988,-158,103,14
3456,1332,-18080,-167,88,12
3488,1352,-18032,-148,98,2
3616,1444,-17992,-169,102,12
3548,1412,-17876,-174,94,5
3572,1448,-18068,-148,88,-14
3408,1412,-17988,-130,85,-5
3644,1328,-18096,-149,102,11
3596,1324,-18028,-142,114,15
3544,1460,-17908,-165,77,19
3548,1404,-17932,-151,74,9
3532,1432,-17884,-155,109,6
3612,1412,-17856,-173,88,14
3544,1332,-18044,-165,66,17
3544,1412,-17816,-150,108,0
3580,1392,-17884,-140,73,10
3568,1300,-17908,-163,100,39
3516,1352,-17864,-145,88,8
3592,1328,-18144,-161,92,20
3544,1436,-18136,-162,84,22
3548,1400,-17852,-157,90,-4
3544,1312,-17860,-155,97,10
3608,1352,-17956,-164,79,0
3556,1344,-18076,-165,94,14
3592,1272,-17992,-151,99,4
3528,1340,-18176,-160,92,43
3520,1412,-17884,-165,73,15
3540,1408,-17996,-155,91,16
3552,1324,-17900,-144,88,20
3496,1336,-18076,-151,121,-17
3544,1432,-18140,-142,87,18
3616,1352,-17960,-153,90,32
3568,1464,-17928,-172,122,4
3528,1260,-17964,-151,95,10
3496,1316,-17836,-158,72,31
3588,1444,-17952,-154,90,-4
3552,1440,-17896,-176,78,19
3512,1388,-17840,-178,71,-5
3532,1416,-17872,-156,118,11
3468,1444,-17996,-175,85,22
3536,1456,-18128,-156,90,15
3540,1432,-18080,-148,76,12
3488,1316,-17952,-144,106,-1
3564,1412,-18036,-159,9444,13
3564,1412,-18036,-159,9444,13
3504,1376,-17976,-143,99,-10
3536,1356,-18060,-162,114,22
3476,1428,-17972,-155,105,25
3528,1400,-17828,-152,69,39
3508,1336,-18040,-177,89,27
3484,1476,-17940,-164,90,-8
3512,1392,-17928,-136,114,1
3492,1368,-17888,-149,65,0
3536,1372,-17932,-150,42,18
3476,1372,-18032,-157,80,14
3596,1320,-17892,-147,122,32
3560,1444,-17784,-164,98,-1
3468,1396,-18056,-157,93,39
3588,1324,-18104,-140,73,11
3460,1348,-17892,-167,113,-4
3544,1372,-18052,-148,78,11
3596,1424,-18028,-182,82,24
3504,1440,-18028,-152,60,9
3452,1392,-17756,-144,94,20
3512,1368,-18012,-150,101,19
3568,1384,-17900,-152,107,11
3504,1452,-17888,-167,92,-6
3456,1468,-17884,-159,111,-2
3456,1360,-17904,-157,70,15
3596,1472,-17984,-152,117,2
3540,1432,-17932,-175,96,31
3592,1288,-17956,-149,77,-3
3476,1352,-17904,-159,104,8
3496,1332,-17856,-153,106,27
3532,1368,-18056,-182,76,32
3484,1404,-17976,-178,83,20
3544,1336,-17820,-161,79,14
3524,1372,-18068,-178,94,9
3552,1284,-17928,-174,69,13
3536,1424,-17928,-168,121,-5
3644,1384,-17848,-167,84,15
3608,1420,-18080,-144,110,22
3528,1444,-17948,-163,98,24
3532,1436,-17820,-145,114,11
3504,1320,-18104,-168,101,12
3540,1420,-17988,-172,95,1
3520,1376,-17988,-143,100,6
3596,1400,-17788,-143,116,-20
3564,1424,-17940,-163,70,11
3572,1356,-18076,-154,124,31
3548,1356,-18136,-142,86,6
3548,1316,-17912,-168,52,0
3464,1400,-17944,-158,84,-6
3444,1428,-17940,-175,70,3
3548,1356,-18020,-160,113,35
3560,1320,-18044,-155,111,-12
3576,1328,-17972,-144,101,7
3588,1388,-18152,-186,86,10
3452,1452,-17928,-153,113,-11
3456,1376,-17956,-149,81,18
3508,1292,-18072,-169,89,9
3532,1392,-17968,-183,94,14
3448,1404,-17944,-151,88,15
3508,1348,-18024,-164,96,28
3540,1360,-18088,-146,49,5
3608,1332,-18036,-139,112,6
3548,1356,-18104,-173,107,18
3536,1368,-17948,-158,82,0
3468,1288,-17840,-167,70,21
3476,1404,-17960,-151,110,15
3492,1412,-18048,-170,78,13
3528,1472,-17928,-136,113,10
3568,1432,-18048,-168,91,18
3532,1352,-17996,-158,69,17
3512,1272,-17964,-178,111,0
3452,1348,-18112,-158,84,17
3484,1324,-18048,-154,95,5
3460,1312,-18088,-175,101,2
3544,1332,-17952,-169,94,3
3456,1348,-18004,-161,100,-7
3492,1364,-18092,-141,100,17
3496,1360,-17948,-175,106,28
3500,1288,-18040,-186,115,12
3524,1476,-17880,-149,83,2
3448,1344,-17964,-160,107,14
3556,1412,-18068,-177,117,21
3580,1368,-17960,-130,81,14
3572,1336,-18060,-156,71,1
3424,1336,-17964,-169,106,14
3476,1380,-17900,-168,59,-1
3492,1388,-17968,-142,92,-6
3496,1364,-18112,-156,97,9
3488,1384,-17992,-170,123,35
3552,1336,-17976,-154,97,-8
3572,1264,-17920,-137,79,24
3432,1300,-17972,-173,86,-1
3456,1432,-17980,-164,102,23
3576,1332,-17944,-157,98,11
3468,1348,-17856,-157,110,27
3532,1368,-18004,-147,97,37
3584,1344,-18088,-157,75,-8
3540,1416,-17876,-176,95,10
3520,1388,-17944,-150,126,2
3520,1304,-17932,-162,103,-12
3440,1348,-17868,-176,117,10
3572,1336,-18048,-155,53,28
3480,1372,-17980,-156,120,1
3528,1444,-18100,-152,87,-2
3548,1364,-17740,-153,109,9
3644,1380,-17988,-180,102,9
3500,1308,-17836,-153,81,13
3536,1420,-17928,-183,119,31
3480,1344,-18084,-171,85,7
3436,1376,-18044,-158,97,38
3508,1312,-18004,-161,99,-11
3492,1396,-17980,-148,109,24
3412,1348,-17872,-152,77,13
3464,1360,-17768,-153,86,25
3544,1376,-17836,-145,97,31
3428,1492,-17904,-139,89,13
3624,1400,-18140,-160,100,0
3552,1300,-18080,-182,101,4
3508,1340,-17972,-162,92,41
3472,1360,-18128,-161,121,2
3548,1364,-18020,-157,98,23
3636,1404,-18032,-176,91,28
3420,1384,-18004,-149,114,5
3520,1400,-17996,-150,90,19
3468,1308,-18060,-170,70,40
3484,1400,-17856,-146,110,16
3496,1328,-17800,-151,77,3
3536,1404,-18056,-178,110,-2
-1793436,1364,56,-152,86,-6
3524,1352,-18056,-150,97,-2
3408,1516,-18116,-169,118,4
3500,1296,-18012,-158,89,4
3524,1312,-17952,-170,103,5
3484,1392,-17984,-151,127,10
3500,1384,-17964,-158,97,36
3524,1384,-18060,-149,98,3
3496,1304,-18056,-176,89,23
3620,1372,-18112,-157,79,11
3572,1352,-17908,-148,93,-2
3576,1360,-17944,-138,87,19
3448,1420,-17928,-168,92,-7
3520,1404,-17948,-130,107,31
3440,1348,-17988,-171,102,4
3400,1352,-17972,-160,95,13
3548,1380,-17776,-166,84,20
3536,1356,-17980,-171,104,4
3436,1372,-17936,-163,82,31
3496,1412,-17976,-159,64,23
3544,1360,-18216,-170,62,3
3500,1380,-17996,-169,82,39
3520,1464,-17992,-151,114,8
3484,1444,-18004,-162,93,25
3508,1368,-17900,-154,92,3
3508,1392,-17872,-178,95,1
3428,1336,-17916,-147,89,13
3500,1412,-18104,-158,80,17
3416,1444,-17948,-159,125,12
3492,1332,-17920,-156,131,30
3528,1268,-18108,-165,116,2
3472,1364,-17948,-146,87,3
3476,1320,-17816,-151,68,11
3408,1368,-17932,-142,86,-2
3484,1444,-18088,-157,74,19
3512,1412,-17868,-157,118,8
3488,1444,-18036,-170,111,26
3556,1272,-17940,-162,120,31
3432,1352,-18120,-151,76,24
3564,1292,-17980,-164,93,3
3480,1256,-18012,-164,96,1
3540,1336,-18060,-153,119,6
3428,1308,-18100,-144,103,0
3424,1392,-17996,-148,104,7
3620,1332,-17960,-161,97,2
3368,1284,-18024,-160,91,-2
3552,1372,-18080,-163,100,19
3432,1368,-18144,-150,116,12
3524,1356,-18012,-158,118,-6
3536,1280,-17992,-161,86,5
3440,1372,-18084,-163,96,11
3516,1368,-17816,-144,101,32
3384,1292,-17936,-155,91,6
3472,1340,-17880,-171,109,37
3384,1408,-18108,-163,68,7
3472,1348,-18004,-167,86,10
3488,1360,-17996,-159,98,9
3576,1396,-18004,-159,111,15
3388,1448,-17876,-148,91,15
3500,1412,-18184,-160,88,-1
3496,1340,-17796,-178,114,24
3556,1396,-18008,-167,112,5
3508,1396,-18012,-162,80,53
3540,1304,-17976,-180,89,19
3480,1404,-17996,-154,104,21
3444,1352,-18108,-151,81,1
3504,1328,-18096,-161,87,7
3532,1388,-17800,-155,100,27
3524,1320,-18124,-138,101,24
3508,1344,-17972,-146,104,13
3552,1444,-17976,-136,87,10
3464,1388,-17948,-158,80,14
3432,1384,-18032,-149,99,8
3384,1348,-17832,-176,81,39
3520,1272,-18040,-156,108,-17
3592,1452,-18080,-178,75,1
3476,1360,-18028,-176,105,15
3552,1432,-18044,-172,77,3
3508,1352,-18104,-150,84,30
3472,1412,-17968,-147,79,3
3568,1328,-18168,-158,100,30
3456,1328,-17980,-187,70,34
3428,1372,-17836,-155,100,15
3452,1324,-17968,-164,88,25
3520,1376,-17996,-167,100,14
3440,1480,-18000,-155,76,8
3528,1436,-17948,-140,90,9
3460,1364,-18164,-148,102,17
3508,1352,-17956,-151,120,-11
3456,1392,-17948,-153,85,16
3516,1404,-17960,-158,94,25
3528,1364,-17988,-138,98,6
3472,1352,-17996,-187,99,-7
3396,1312,-18012,-165,80,-2
3512,1376,-18000,-143,103,20
3480,1444,-17896,-145,83,10
3508,1408,-17864,-155,116,-10
3432,1368,-17988,-164,97,-5
3484,1300,-18032,-159,108,15
3444,1336,-18108,-173,95,21
3528,1384,-18092,-168,90,22
3420,1248,-17964,-162,83,17
3484,1336,-17996,-137,87,19
3484,1352,-18016,-167,123,1
3524,1320,-17932,-156,98,8
3616,1300,-17964,-144,76,19
3544,1380,-17964,-142,104,31
3472,1304,-17948,-150,50,2
3464,1396,-18012,-158,101,0
3496,1320,-18080,-165,61,5
3520,1324,-18100,-147,96,23
3532,1372,-18096,-155,85,7
3528,1384,-17932,-153,86,5
3428,1428,-17864,-159,109,-2
3464,1364,-17828,-128,89,34
3520,1340,-17996,-140,88,1
3504,1332,-18004,-157,98,13
3496,1424,-17960,-178,109,28
3432,1384,-17896,-158,91,5
3492,1412,-17880,-155,85,21
3460,1344,-17896,-174,81,13
3516,1316,-18164,-175,81,17
3480,1372,-17980,-143,107,21
3484,1364,-17996,-134,89,-2
3476,1352,-17920,-153,134,14
3472,1368,-18156,-155,91,19
3524,1344,-17968,-158,95,15
3512,1396,-17980,-136,96,1
3496,1356,-17840,-155,100,0
3464,1416,-17920,-142,89,13
3464,1288,-17964,-135,76,-2
3524,1452,-17936,-132,62,9
3476,1372,-18088,-152,75,4
3540,1344,-17952,-145,96,14
3480,1424,-18040,-160,86,9
3548,1400,-17868,-167,96,4
3416,1356,-17964,-158,98,10
3464,1308,-17972,-164,62,21
3492,1336,-18008,-158,113,16
3412,1352,-18092,-165,95,5
3508,1236,-18000,-166,105,16
3500,1352,-18000,-158,83,-7
3480,1436,-17944,-165,97,24
3504,1324,-17940,-181,100,2
3468,1288,-17972,-160,107,8
3408,1412,-17968,-161,82,4
3420,1332,-17964,-151,107,13
3580,1360,-17972,-167,84,25
3504,1348,-17964,-183,80,5
3412,1324,-17952,-168,69,25
3464,1392,-18056,-167,93,13
3576,1392,-17976,-153,87,31
3444,1360,-17932,-162,85,-6
3488,1404,-18152,-165,79,30
3540,1272,-17996,-155,85,28
3536,1340,-18016,-149,90,2
3396,1380,-17960,-167,101,-3
3516,1292,-18016,-147,62,7
3460,1376,-18092,-156,89,39
3528,1396,-17980,-163,110,14
3428,1344,-17868,-161,104,33
3512,1344,-18084,-158,97,8
3488,1320,-18036,-163,85,16
3464,1316,-17924,-171,95,20
3512,1384,-17916,-158,87,16
3464,1400,-18020,-149,111,12
3516,1356,-17884,-191,119,3
3476,1380,-18088,-183,82,21
3484,1352,-18052,-153,79,20
3412,1324,-17976,-158,76,-10
3464,1400,-18120,-124,81,29
3480,1308,-17980,-174,98,8
3400,1372,-18080,-173,93,22
3476,1428,-18032,-167,113,11
3584,1368,-17984,-154,79,-9
3372,1352,-18036,-158,72,11
3504,1368,-18048,-162,98,17
3520,1352,-17876,-161,111,39
3544,1336,-17980,-165,103,15
3520,1404,-18044,-167,69,42
3384,1404,-18024,-168,81,15
3396,1332,-17904,-152,95,4
3568,1280,-17960,-162,104,10
3480,1316,-17980,-155,96,9
3504,1320,-18100,-150,94,10
3504,1388,-18064,-144,59,23
3512,1424,-17900,-183,86,13
3412,1376,-18084,-143,86,5
3480,1476,-18076,-151,107,-2
3404,1380,-17964,-169,118,3
3476,1292,-17960,-162,102,1
3512,1420,-17960,-134,76,19
3432,1328,-18008,-165,109,38
3420,1452,-17916,-171,96,9
3468,1400,-17936,-127,90,16
3448,1364,-18016,-174,116,3
3492,1404,-18000,-144,93,25
3536,1400,-18060,-154,91,7
3512,1332,-18084,-147,109,15
3484,1348,-17920,-161,73,31
3484,1388,-18028,-165,88,38
3484,1340,-17816,-156,91,15
3416,1336,-17908,-151,80,37
3464,1284,-18076,-148,112,7
3404,1340,-18068,-141,79,27
3452,1256,-17988,-166,105,-6
3432,1328,-17900,-160,100,26
3448,1372,-17992,-171,86,9
3484,1332,-17980,-159,101,17
3440,1384,-18056,-162,101,10
3428,1340,-17936,-165,103,-1
3520,1404,-18020,-174,81,13
3592,1336,-17852,-180,73,30
3460,1264,-18112,-153,71,1
3380,1336,-17912,-160,102,-2
3484,1352,-17924,-161,114,21
3472,1372,-17976,-151,96,13
3556,1344,-17964,-171,100,19
3528,1408,-17936,-166,80,9
3528,1384,-17968,-156,86,-1
3516,1432,-18120,-155,33,13
3376,1432,-17988,-150,63,15
3444,1436,-17940,-159,102,30
3528,1356,-18020,-154,125,24
3572,1284,-17808,-144,111,6
3492,1348,-18172,-186,85,12
3360,1456,-17952,-151,71,20
3524,1272,-18020,-177,80,21
3456,1360,-17888,-164,112,29
3448,1368,-18000,-168,76,15
3508,1392,-17752,-164,100,5
3464,1348,-18096,-169,92,22
3512,1296,-17844,-170,102,24
3496,1312,-18056,-168,89,34
3516,1340,-18004,-164,84,51
3444,1348,-17896,-137,117,16
3424,1348,-18044,-174,97,92
3424,1348,-18044,-174,97,92
3424,1348,-18044,-174,97,92
3536,1392,-18024,-187,66,18
3348,1332,-17884,-139,111,23
3396,1324,-17988,-142,83,15
3432,1372,-18020,-159,108,7
3544,1380,-17960,-179,92,21
3400,1300,-17848,-160,88,5
3476,1380,-17864,-176,88,8
3440,1320,-18100,-157,113,2
3524,1340,-18044,-182,65,14
3456,1368,-17988,-151,95,4
3564,1332,-17940,-180,95,16
3512,1324,-17988,-154,82,29
3508,1412,-18152,-158,73,-3
3484,1320,-17960,-158,119,10
3456,1372,-18188,-184,105,14
3456,1320,-18004,-181,93,19
3468,1380,-17956,-154,105,15
3412,1412,-17988,-170,93,36
3568,1320,-18020,-174,122,-6
3540,1364,-18052,-157,108,5
3424,1328,-18016,-180,116,4
3528,1296,-17912,-159,67,10
3484,1360,-17956,-136,95,-3
3408,1340,-17968,-176,88,0
3428,1360,-17796,-164,81,21
3460,1344,-18096,-157,93,-15
3424,1364,-17892,-153,92,21
3520,1284,-18076,-155,69,19
3364,1396,-18076,-164,83,12
3432,1448,-18004,-154,88,7
3500,1512,-18160,-157,96,-1
3412,1380,-18048,-152,82,21
3520,1356,-17980,-164,110,17
3456,1356,-17940,-161,84,33
3452,1360,-18008,-163,65,21
3444,1284,-17928,-164,72,-4
3472,1340,-18024,-163,93,7
3460,1388,-17880,-171,91,8
3528,1444,-17868,-167,84,-1
3484,1368,-17824,-158,84,15
3428,1408,-17984,-154,77,-7
3464,1360,-17940,-167,109,23
3480,1348,-18004,-161,71,18
3536,1360,-17860,-153,76,6
3444,1412,-18204,-167,90,17
3452,1452,-18084,-171,96,2
3552,1368,-17964,-147,100,11
3436,1320,-18076,-144,84,34
3424,1356,-18044,-167,98,28
3496,1388,-18168,-140,103,31
3520,1400,-17960,-181,110,9
3548,1340,-17964,-146,83,6
3464,1436,-18084,-184,84,19
3368,1420,-17980,-151,100,11
3416,1372,-17880,-153,101,-5
3336,1340,-17976,-163,108,21
3460,1280,-17896,-165,125,10
3436,1368,-18068,-161,125,16
3464,1412,-18084,-157,126,-5
3436,1352,-17984,-160,78,14
3452,1364,-18220,-172,87,28
3480,1388,-17976,-153,98,23
3376,1284,-18172,-157,70,14
3440,1404,-17916,-157,124,9
3416,1420,-17936,-177,88,30
3420,1352,-17980,-158,92,-2
3508,1352,-18108,-139,95,20
3480,1332,-18104,-163,98,5
3492,1384,-18024,-162,73,40
3464,1440,-17884,-172,91,19
3496,1308,-18124,-160,95,1
3496,1296,-17928,-161,96,26
3512,1364,-17912,-171,111,-8
3464,1320,-18028,-154,98,20
3412,1404,-17980,-135,109,9
3424,1316,-18024,-147,94,-4
3524,1272,-17972,-161,99,11
3404,1308,-18096,-147,117,29
3448,1360,-17936,-152,77,-18
3528,1372,-18144,-154,72,29
3404,1276,-18012,-181,81,33
3452,1352,-18092,-150,96,-2
3388,1328,-17996,-157,91,14
3440,1308,-18040,-130,94,25
3528,1352,-18112,-156,96,14
3524,1320,-17904,-150,97,-12
3424,1368,-18096,-170,100,15
3556,1424,-17964,-152,84,17
3456,1432,-17900,-170,95,3
3440,1364,-18008,-164,86,21
3464,1328,-18068,-159,83,1
3476,1288,-18072,-173,101,6
3516,1316,-17968,-184,95,11
3536,1284,-18016,-182,97,9
3400,1348,-17984,-137,75,10
3484,1396,-17996,-154,102,32
3524,1292,-17896,-177,104,42
3504,1340,-17904,-170,122,9
3412,1368,-18016,-163,96,3
3480,1320,-18052,-146,94,18
3448,1360,-17948,-130,118,9
3508,1364,-18076,-145,94,16
3444,1384,-17976,-175,98,45
3456,1356,-18016,-169,97,4
3444,1312,-17868,-157,79,4
3548,1376,-18128,-168,111,8
3552,1288,-17992,-172,107,50
3512,1396,-18012,-152,100,16
3520,1480,-17964,-165,81,5
3492,1336,-17836,-159,85,4
3584,1360,-17940,-164,108,15
3400,1360,-17964,-151,101,41
3544,1404,-17948,-195,98,19
3444,1332,-18012,-142,102,16
3488,1404,-18040,-173,93,13
3580,1320,-17984,1,83,16
3444,1428,-17936,-149,83,-1
3428,1440,-18024,-180,70,9
3480,1408,-17972,-180,84,4
3460,1312,-18172,-153,92,25
3436,1252,-18204,-150,112,16
3488,1316,-18024,-164,91,18
3436,1404,-18180,-152,95,-4
3444,1232,-17900,-164,86,10
3504,1356,-17876,-165,94,7
3452,1248,-17996,-169,92,16
3572,1292,-17908,-164,91,15
3480,1348,-17896,-160,104,5
3448,1412,-18076,-158,49,31
3464,1408,-17744,-134,124,4
3476,1412,-18176,-170,86,12
3448,1304,-18084,-159,98,10
3400,1308,-18048,-164,75,4
3452,1360,-18132,-171,114,-8
3424,1320,-18132,-168,111,10
3396,1404,-18060,-163,99,5
3448,1360,-18004,-153,123,17
3416,1352,-17892,-156,99,13
3384,1360,-17920,-159,102,22
3508,1376,-18064,-172,121,-19
3496,1380,-18088,-160,94,12
3504,1340,-18012,-149,93,-13
3428,1272,-18024,-150,96,2
3464,1324,-18076,-164,80,5
3520,1416,-17816,-165,86,4
3428,1280,-18048,-146,85,-4
3384,1332,-17992,-137,97,17
3508,1412,-17840,-149,78,7
3452,1392,-18132,-160,97,37
3476,1360,-17912,-162,88,19
3456,1348,-18048,-145,70,6
3496,1400,-17968,-173,82,18
3456,1316,-18148,-140,112,15
3408,1388,-17996,-159,62,18
3432,1368,-18012,-148,50,8
3428,1284,-17996,-165,95,23
3464,1372,-18060,-153,69,12
3420,1292,-18044,-147,119,40
3416,1328,-17860,-159,131,5
3412,1320,-17804,-164,108,1
3456,1364,-17856,-156,108,24
3404,1432,-17916,-163,87,17
3436,1324,-18068,-162,90,16
3456,1348,-18164,-168,80,17
3520,1420,-18028,-154,59,16
3448,1312,-18052,-163,78,7
3400,1288,-18020,-177,83,25
3488,1316,-17920,-156,104,22
3420,1328,-18068,-159,109,3
3376,1420,-18020,-147,107,-21
3488,1392,-17916,-176,103,20
3428,1332,-17980,-170,75,8
3456,1288,-17856,-170,102,-4
3520,1380,-17880,-169,106,2
3336,1424,-18020,-173,108,1
3468,1348,-17960,-147,95,15
3476,1424,-18184,-162,92,33
3452,1376,-18168,-151,84,18
3464,1372,-18188,-162,98,15
3488,1364,-18008,-159,119,1
3464,1320,-18000,-150,101,11
3444,1384,-18168,-156,86,20
3456,1344,-18004,-165,120,1
3480,1400,-18052,-159,113,12
3404,1380,-18000,-182,91,2
3428,1376,-17956,-165,95,6
3444,1384,-18032,-169,97,-10
3412,1340,-18036,-153,97,4
3496,1356,-17828,-162,101,22
3360,1336,-18048,-194,103,15
3532,1284,-18040,-165,97,12
3480,1288,-17960,-153,92,3
3396,1380,-17888,-152,86,5
3416,1268,-18000,-170,101,33
3456,1460,-17948,-154,77,24
3332,1320,-17904,-156,95,2
3508,1336,-18056,-154,95,13
3396,1320,-17988,-180,130,28
3384,1304,-18168,-174,95,20
3540,1436,-17976,-155,107,16
3500,1424,-18016,-147,115,10
3376,1416,-18048,-171,96,-1
3436,1316,-17936,-148,87,12
3468,1348,-18028,-144,72,0
3396,1380,-18088,-178,98,37
3564,1372,-18116,-182,78,15
3412,1376,-18148,-160,97,8
3472,1416,-18004,-145,86,-18
3448,1400,-18044,-149,85,13
3520,1372,-18064,-179,106,-12
3376,1348,-17920,-185,72,2
3436,1392,-17888,-168,90,31
3456,1444,-18088,-155,90,25
3504,1244,-17888,-154,90,92
3504,1244,-17888,-154,90,92
3512,1328,-18100,-168,86,-1
3484,1380,-18168,-155,66,18
3444,1324,-18044,-156,65,16
3444,1364,-18128,-167,99,34
3496,1368,-18120,-171,88,13
3436,1348,-17992,-139,116,28
3420,1320,-18132,-163,96,16
3376,1352,-18048,-167,91,-4
3480,1404,-18068,-144,93,5
3452,1324,-18108,-160,73,26
3500,1372,-18088,-130,91,22
3468,1420,-17936,-153,109,3
3372,1412,-18144,-163,101,1
3464,1356,-17968,-139,87,-2
3440,1316,-17980,-168,101,3
3488,1320,-18052,-180,102,15
3360,1376,-17852,-181,77,17
3456,1300,-17884,-159,96,19
3416,1456,-18000,-157,74,25
3432,1336,-17952,-172,56,5
3428,1372,-18064,-155,87,15
388,-166,7456,1408,-17808,-163
388,-166,7456,1408,-17808,-163
388,-166,7456,1408,-17808,-163
3404,1364,-18004,-146,97,14
3368,1392,-18120,-141,78,10
3444,1444,-18016,-147,85,4
3452,1424,-17952,-170,106,24
3452,1340,-18096,-159,64,18
3496,1304,-17896,-154,94,36
3464,1404,-18052,-173,81,4
3332,1368,-17964,-170,101,15
3488,1388,-18152,-167,99,-21
3552,1320,-17984,-155,101,11
3412,1392,-18156,-159,83,26
3416,1324,-18016,-167,92,23
3464,1248,-18148,-143,116,4
3496,1324,-17988,-154,99,5
3472,1376,-17980,-185,79,-4
3444,1236,-17928,-172,103,18
3440,1404,-17956,-168,79,11
3516,1440,-17856,-178,103,-2
3528,1384,-18064,-158,77,6
3520,1348,-17888,-146,81,38
3504,1324,-18072,-156,66,20
3400,1264,-17908,-162,93,-19
3480,1340,-18040,-164,78,29
3436,1388,-18120,-145,113,-22
3428,1416,-18060,-156,107,13
3488,1404,-18092,-154,98,-6
3540,1364,-18184,-173,116,34
3540,1376,-18064,-160,83,4
3424,1360,-17980,-154,90,-2
3436,1332,-18016,-149,105,2
3468,1272,-18040,-148,124,18
3420,1364,-18032,-153,100,-11
3464,1352,-18096,-153,93,14
3476,1316,-17944,-141,83,6
3364,1284,-18160,-162,104,2
3432,1332,-17808,-163,99,9
3348,1360,-18004,-162,68,9
3352,1428,-18116,-150,118,30
3404,1436,-17928,-145,130,-4
3428,1360,-17888,-163,98,39
3440,1300,-18040,-156,111,31
3428,1284,-17964,-148,105,20
3348,1316,-17836,-162,60,11
3420,1340,-17956,-167,92,27
3516,1288,-17752,-136,110,-1
3432,1336,-18084,-147,79,5
3364,1344,-17924,-169,59,15
3340,1376,-17912,-146,134,17
3524,1364,-17968,-171,93,18
3428,1308,-17820,-156,106,7
3456,1348,-17964,-143,102,29
3436,1412,-17884,-160,62,1
3468,1264,-17916,-173,104,1
3456,1312,-18048,-149,112,5
3400,1340,-18056,-148,112,23
3376,1432,-18040,-155,94,19
3388,1352,-17920,-162,95,23
3432,1408,-18116,-155,105,32
3480,1360,-17944,-163,97,7
3440,1340,-17912,-173,73,0
35276,-180124,16,-136,91,34
3492,1308,-18020,-167,101,1
3468,1424,-18016,-157,97,23
3424,1340,-17908,-157,95,8
3548,1296,-17904,-158,113,25
3400,1312,-18012,-148,95,-10
3380,1344,-18192,-170,110,27
3500,1340,-17996,-154,83,23
3556,1368,-18060,-182,91,17
3464,1332,-18008,-150,88,20
3428,1292,-18032,-130,86,17
3464,1392,-18016,-145,94,-3
3380,1380,-18036,-164,94,11
3492,1388,-17972,-145,70,10
3428,1308,-17948,-152,103,-1
3436,1332,-17992,-155,86,3
3476,1364,-18100,-161,120,18
3456,1412,-17916,-159,102,12
3396,1348,-17968,-163,100,20
3484,1380,-17960,-163,76,19
3400,1280,-17900,-177,77,26
3448,1316,-18120,-161,110,-5
3520,1364,-17868,-145,92,33
3460,1340,-17988,-164,76,-1
3508,1288,-18112,-141,88,1
3528,1292,-17960,-171,120,17
3480,1392,-18084,-184,75,26
3492,1284,-18000,-151,76,2
3408,1372,-17928,-159,68,-2
3336,1436,-18000,-150,105,26
3332,1332,-17956,-163,99,19
3576,1296,-18064,-157,77,-4
3472,1316,-17908,-151,84,10
3444,1364,-17956,-153,102,-2
3440,1388,-17952,-164,91,-15
3468,1332,-17988,-152,98,20
3532,1352,-17868,-150,104,18
-17972,-153460,1368,7,118,18
3464,1424,-17828,-175,113,21
3548,1360,-17976,-158,91,20
3444,1376,-17872,-150,97,-5
3452,1376,-18020,-152,94,9
3424,1244,-18080,-160,109,1
3428,1292,-18136,-150,101,-5
3368,1352,-18024,-164,59,-12
3408,1312,-18064,-172,91,12
3432,1364,-18100,-161,71,24
3476,1320,-17904,-163,85,19
3400,1340,-17960,-171,108,-12
3424,1392,-17904,-177,108,14
3496,1344,-17932,-177,109,-21
3448,1276,-17892,-165,87,-12
3472,1396,-18164,-158,102,3
3400,1264,-18048,-171,121,10
3492,1372,-18076,-147,105,16
3416,1420,-17972,-140,106,10
3528,1488,-17844,-166,78,7
3512,1280,-17912,-172,88,26
3456,1328,-18292,-153,114,14
3512,1380,-17960,-152,93,14
3404,1420,-18016,-148,101,5
3464,1364,-18024,-139,83,36
3444,1344,-18084,-152,115,22
3432,1300,-18056,-151,103,16
3464,1380,-17944,-135,94,2
3424,1356,-18012,-144,95,12
3496,1308,-17952,-152,100,28
3372,1364,-18012,-146,99,-13
3380,1388,-17924,-161,95,0
3340,1320,-17956,-153,126,-3
3464,1308,-18156,-155,107,24
3416,1400,-18036,-142,83,6
3464,1352,-17856,-149,129,7
3440,1404,-18088,-164,107,22
3448,1320,-18148,-173,104,24
3456,1408,-17992,-121,98,35
3504,1392,-18052,-162,105,25
3456,1392,-18032,-168,99,20
3396,1324,-17924,-158,80,15
3352,1292,-18116,-169,106,6
3424,1236,-17892,-178,99,21
3444,1332,-18008,-179,60,33
3472,1320,-18060,-168,81,10
3496,1344,-17848,-164,111,19
3456,1312,-18128,-170,90,24
3372,1388,-17904,-155,92,34
3444,1412,-17960,-178,87,17
3412,1320,-18088,-169,88,9
3480,1356,-17940,-157,92,5
3412,1416,-17988,-153,123,10
3420,1320,-18084,-156,110,4
3444,1300,-18136,-154,99,17
3484,1292,-17964,-152,103,5
3416,1352,-18040,-169,94,15
3396,1328,-17980,-162,96,18
3408,1296,-17880,-157,123,15
3520,1324,-18084,-158,80,23
3476,1280,-17948,-134,97,25
3444,1320,-18196,-150,89,17
3496,1368,-18020,-146,93,7
3496,1300,-17988,-157,96,-8
3396,1280,-18012,-164,88,19
3444,1316,-18032,-163,99,20
,1352,-173400944,-145,89,-13
3484,1408,-18036,-182,96,18
3388,1384,-18020,-159,104,29
3424,1384,-17760,-166,91,2
3392,1396,-18004,-148,108,27
3464,1340,-17828,-156,85,5
3412,1456,-18084,-155,109,23
3380,1248,-17936,-157,108,18
3488,1344,-18020,-149,92,16
3396,1388,-17960,-163,126,-2
3476,1376,-17920,-148,97,22
3456,1296,-18024,-157,117,18
3508,1368,-18116,-163,75,17
3432,1312,-18092,-174,97,41
3520,1368,-17972,-174,102,33
3512,1332,-18012,-171,107,11
3536,1472,-18064,-165,62,19
3384,1332,-18136,-164,63,13
3436,1264,-18116,-160,119,3
3452,1384,-17952,-145,87,12
3484,1284,-18100,-155,68,14
3404,1364,-18032,-161,105,13
3456,1360,-17952,-147,97,-2
3428,1420,-18136,-175,114,40
3372,1244,-17944,-149,86,27
3456,1408,-17952,-157,55,5
3344,1388,-18020,-138,103,21
3476,1372,-17876,-164,78,-6
3580,1336,-18172,-157,89,17
3424,1308,-18028,-146,100,7
3468,1352,-17908,-158,106,9
3400,1392,-17944,-182,109,15
3536,1388,-17912,-151,118,17
3324,1304,-18128,-161,114,33
3412,1332,-17988,-153,100,23
3492,1340,-17864,-152,93,14
3404,1328,-18080,-159,85,7
3400,1392,-18128,-177,106,10
3476,1268,-18152,-165,93,-12
3408,1420,-18052,-150,117,13
3428,1248,-18096,-151,73,24
3352,1296,-18140,-183,92,10
3428,1308,-18020,-154,92,1
3428,1308,-18020,-154,92,1
3428,1288,-18204,-169,90,20
3344,1392,-17992,-164,100,-2
3432,1320,-18044,-189,100,12
3416,1344,-18148,-157,119,24
3452,1292,-18040,-145,120,15
3440,1364,-18052,-170,97,-16
3352,1320,-18112,-139,92,17
3440,1376,-18112,-144,98,14
3472,1480,-17920,-148,94,12
3352,1292,-17964,-157,113,17
3400,1344,-17856,-146,63,27
3368,1324,-17996,-139,84,23
3444,1288,-17856,-178,113,3
3444,1288,-17996,-174,93,5
3360,1364,-17924,-157,88,19
3380,1360,-17948,-146,70,9
3388,1380,-18004,-165,87,25
3436,1320,-18116,-184,75,15
3596,1348,-18148,-184,99,28
3464,1396,-17968,-158,104,17
3404,1404,-18008,-168,89,7
3440,1260,-17968,-179,123,36
3384,1340,-18056,-149,85,19
3500,1252,-17936,-164,68,13
3508,1292,-17912,-159,68,15
3484,1280,-18020,-152,118,-5
3448,1368,-18128,-142,100,10
3384,1428,-17888,-143,123,18
3388,1404,-17928,-168,108,7
3476,1440,-18020,-158,87,0
3356,1476,-17872,-178,73,16
3400,1384,-18132,-176,94,10
3468,1516,-17996,-151,89,22
3396,1372,-18056,-156,96,7
3468,1292,-17976,-188,130,-15
3404,1324,-17864,-158,101,17
3432,1368,-17976,-156,107,-5
3536,1372,-18092,-159,119,6
3428,1424,-17960,-152,83,10
3408,1344,-17948,-168,94,11
3428,1424,-18092,-140,90,7
3468,1404,-17956,-144,100,26
3468,1356,-18036,-168,90,9
3448,1272,-17968,-165,83,-15
3472,1408,-17932,-149,114,21
3396,1404,-18132,-185,84,-2
3368,1304,-18040,-162,112,-1
3440,1304,-18024,-182,92,2
3364,1304,-17992,-159,99,4
3444,1312,-17848,-155,106,8
3460,1396,-17952,-142,74,38
3428,1380,-17868,-166,77,27
3536,1300,-17920,-179,89,12
3392,1296,-17908,-148,113,12
3424,1344,-17920,-144,102,12
3456,1392,-18068,-159,104,23
3472,1248,-18124,-149,117,4
3408,1332,-17964,-166,84,18
3492,1356,-17868,-151,113,3
3448,1360,-18032,-153,84,26
3404,1344,-18024,-148,66,14
3440,1344,-18028,-165,90,-3
3532,1392,-18028,-156,95,-6
3388,1304,-17896,-151,96,3
3520,1392,-17948,-131,110,31
3472,1376,-17908,-157,96,18
3584,1380,-18092,-151,95,13
3432,1320,-18120,-155,84,-1
3348,1280,-18064,-173,97,31
3420,1356,-18032,-151,98,7
3512,1352,-18004,-167,94,17
3512,1320,-18032,-169,94,27
3376,1420,-17848,-148,122,30
3424,1384,-17992,-172,101,33
3476,1408,-18168,-173,71,15
3432,1340,-18016,-159,99,21
3448,1336,-18076,-159,102,19
3416,1320,-18052,-179,94,19
3360,1408,-17888,-166,109,17
3564,1356,-17832,-154,96,-14
3392,1356,-17924,-142,119,26
3436,1356,-18080,-129,77,5
3484,1400,-18016,-155,102,17
3436,1384,-17928,-169,89,15
3460,1380,-17908,-149,78,4
3412,1436,-18000,-162,102,18
3532,1400,-18040,-149,85,10
3492,1292,-17968,-181,78,25
3332,1444,-17888,-142,96,0
3416,1356,-18096,-180,108,23
3364,1372,-18004,-171,86,8
3452,1384,-17996,-147,84,30
3436,1412,-18012,-166,107,29
3480,1404,-17940,-162,82,31
3436,1424,-17980,-166,93,26
3520,1384,-18036,-170,99,7
3544,1380,-18012,-160,100,4
3424,1468,-18080,-159,104,21
3384,1292,-17932,-152,101,11
3388,1380,-17992,-145,90,15
3468,1496,-18120,-170,94,9
3416,1416,-17892,-125,66,-4
3472,1328,-18176,-156,87,-2
3412,1360,-17916,-155,98,10
3468,1480,-18016,-174,92,-20
3400,1332,-18076,-141,69,28
3432,1380,-18076,-162,82,9
3448,1400,-18032,-167,69,31
3356,1292,-18172,-160,128,10
3396,1396,-17920,-161,88,44
3500,1360,-18112,-167,95,27
3432,1316,-18032,-177,111,10
3468,1332,-18024,-159,116,1
3460,1308,-18068,-151,75,14
3412,1280,-17916,-152,114,26
3384,1372,-18140,-163,95,12
3516,1344,-18052,-159,74,30
3480,1364,-17984,-155,96,-4
3316,1340,-18052,-157,101,0
3500,1356,-18028,-169,108,4
3384,1384,-18112,-164,88,25
3580,1352,-17960,-159,84,6
3440,1368,-18176,-127,97,-13
3392,1260,-18020,-139,94,29
3380,1264,-18128,-166,62,27
3432,1304,-18268,-157,81,0
3536,1376,-18028,-163,95,17
3524,1344,-18284,-172,68,-8
3460,1444,-18072,-127,102,18
3416,1360,-18136,-139,82,29
3384,1304,-18196,-155,114,34
3464,1416,-18148,-164,99,4
3500,1372,-18140,-144,103,-7
3388,1356,-17980,-151,98,24
3512,1404,-17964,-148,118,33
3388,1400,-18044,-149,97,20
3412,1336,-17984,-166,99,-7
3452,1240,-17992,-151,66,24
3496,1328,-18032,-183,91,31
3428,1372,-17832,-161,85,15
3428,1380,-18084,-183,77,6
3496,1460,-18160,-160,128,23
3436,1420,-18132,-151,113,26
3408,1340,-18024,-159,104,7
3456,1432,-18048,-151,71,2
3480,1340,-17952,-147,76,22
3432,1384,-17892,-159,82,19
3520,1392,-18012,-141,106,8
3436,1400,-17884,-176,120,32
3380,1364,-17832,-169,85,16
3428,1428,-18024,-149,77,26
3388,1400,-18008,-161,71,16
3648,1372,-17996,-151,118,10
3384,1332,-18056,-167,109,25
3432,1372,-17948,-152,98,12
3360,1392,-18040,-166,74,3
2,-142,1123408,1288,-17960,-168
2,-142,1123408,1288,-17960,-168
2,-142,1123408,1288,-17960,-168
3420,1312,-17972,-187,104,34
3436,1236,-17868,-149,85,31
3420,1328,-18004,-180,106,8
3484,1344,-18044,-157,105,7
3440,1460,-18100,-177,94,15
3416,1292,-18004,-152,118,27
3452,1400,-18196,-160,92,17
3436,1304,-18028,-162,95,-14
3392,1356,-18120,-163,67,23
3528,1376,-18144,-177,110,29
3392,1424,-17956,-157,87,0
3300,1352,-18056,-159,119,11
3600,1316,-18076,-150,118,19
3392,1432,-18024,-167,70,27
3472,1428,-17988,-169,88,30
3412,1272,-18180,-177,105,19
3548,1320,-17968,-129,104,41
3352,1312,-18068,-165,78,2
3364,1328,-18088,-148,92,-3
3500,1336,-18060,-161,125,26
3484,1368,-17988,-167,97,10
3448,1328,-18016,-169,102,14
3428,1432,-18164,-161,102,10
3412,1284,-18016,-145,79,15
3412,1360,-17816,-166,116,1
3400,1256,-18016,-144,96,15
3440,1292,-17880,-171,107,28
3440,1336,-18100,-157,72,14
3468,1340,-17992,-143,102,11
3416,1396,-17996,-160,101,12
3564,1368,-18016,-156,95,-2
3452,1320,-18052,-167,93,-1
3444,1404,-18108,-176,86,22
3516,1380,-17928,-170,93,17
3440,1300,-17856,-157,98,8
3456,1432,-17912,-167,97,-6
3464,1388,-18024,-148,123,34
3400,1272,-17872,-163,84,13
3396,1392,-17960,-149,117,35
3440,1272,-18076,-160,103,14
3464,1324,-18000,-178,84,3
3364,1292,-17948,-177,91,-2
3328,1404,-18020,-175,70,5
3372,1360,-18000,-155,65,20
3472,1324,-18124,-145,105,24
3488,1360,-17988,-161,88,40
3444,1380,-18180,-169,81,-3
3436,1320,-18020,-150,94,-2
3412,1360,-17928,-163,92,23
3496,1360,-17860,-136,84,10
3416,1404,-18056,-158,83,40
3372,1256,-18044,-172,81,16
3348,1388,-18104,-164,79,14
3504,1400,-17936,-154,95,4
3488,1356,-18004,-144,107,-8
3340,1332,-18056,-155,92,-6
3432,1324,-18132,-147,102,27
3292,1260,-18124,-138,79,0
3416,1344,-18084,-154,112,23
3432,1320,-17928,-149,113,16
3404,1332,-18028,-163,116,51
3416,1276,-18084,-144,86,17
3488,1384,-18024,-157,80,21
3512,1296,-18116,-182,85,9
3396,1304,-17904,-168,120,39
3400,1324,-18020,-146,88,25
3468,1360,-17996,-151,87,10
3356,1376,-17856,-133,102,15
3520,1344,-18012,-164,117,-2
3476,1420,-18112,-177,76,24
3380,1304,-17952,-163,79,20
3336,1400,-18148,-153,91,19
3424,1340,-17896,-162,80,10
3540,1384,-17972,-167,87,26
3412,1320,-18024,-156,86,26
3396,1324,-17924,-157,78,14
3360,1304,-17880,-149,99,19
3440,1444,-18048,-146,104,27
3452,1444,-18048,-173,97,-3
3508,1400,-17992,-151,89,15
3368,1332,-17912,-183,85,4
3472,1360,-17944,-172,100,36
3396,1352,-18020,-158,65,23
3440,1324,-17936,-148,92,4
3464,1372,-18052,-167,94,19
3420,1288,-17896,-162,97,22
3452,1360,-18048,-167,94,-2
3436,1380,-18008,-161,125,11
3440,1320,-17956,-165,88,8
3456,1288,-18084,-169,91,23
3352,1364,-18128,-152,110,-7
3444,1344,-17984,-139,102,23
3348,1368,-18000,-156,71,6
3424,1268,-17928,-160,87,11
3432,1392,-17968,-156,84,-1
3404,1280,-18076,-158,127,3
3416,1412,-18076,-173,45,-1
3404,1432,-18076,-153,85,23
3352,1360,-17948,-152,114,29
3512,1304,-18008,-152,73,28
3448,1352,-18068,-156,89,22
3384,1312,-17968,-147,96,32
3420,1360,-17832,-161,52,20
3392,1404,-17960,-176,105,6
3392,1352,-18088,-157,95,13
3244,1308,-17924,-164,101,7
3480,1336,-17988,-165,76,-5
3544,1320,-17980,-180,66,-1
3396,1304,-18064,-162,104,4
3348,1388,-18112,-179,89,19
3428,1260,-17940,-180,106,11
3412,1332,-18004,-169,101,13
3496,1376,-18004,-164,96,26
3372,1392,-18256,-160,86,11
3368,1324,-17904,-166,86,-22
3320,1472,-18000,-148,93,24
3404,1292,-18020,-163,93,2
3508,1420,-18012,-167,107,40
3460,1348,-18216,-145,102,11
3396,1376,-18144,-180,98,20
3484,1312,-17956,-149,89,13
3516,1372,-17908,-157,120,3
3384,1384,-18020,-162,76,21
3512,1380,-18036,-165,120,4
3452,1380,-18000,-155,105,24
3388,1400,-17904,-134,80,15
3504,1280,-18036,-166,118,21
3440,1364,-18008,-175,82,13
3460,1324,-18160,-147,104,7
3432,1368,-18048,-157,102,18
3372,1340,-17864,-173,64,13
3472,1384,-18020,-147,100,26
3376,1284,-17864,-169,92,21
3408,1404,-18056,-171,102,15
3556,1388,-17952,-188,82,14
3368,1424,-18048,-165,90,15
3384,1436,-17896,-156,96,12
3456,1404,-18176,-169,105,25
3436,1296,-18044,-151,98,8
3508,1380,-18108,-164,79,1
3444,1252,-18148,-161,65,4
3428,1292,-18040,-152,106,25
3440,1376,-17880,-172,107,29
3436,1372,-17904,-170,119,-3
3408,1308,-17964,-156,103,24
3368,1392,-17872,-155,82,19
3348,1328,-18068,-170,110,9
3388,1360,-18072,-162,88,28
3404,1352,-17960,-168,94,16
3472,1340,-18100,-169,84,22
3452,1320,-18080,-170,103,27
3448,1276,-17932,-159,78,-4
3372,1360,-17980,-169,91,27
3424,1344,-18208,-154,118,33
3480,1412,-17976,-173,67,8
3416,1328,-17992,-158,87,12
3416,1312,-17916,-176,98,-8
3468,1452,-18084,-158,66,-12
3384,1360,-17936,-131,83,4
3384,1328,-18028,-147,92,6
3368,1264,-18120,-159,123,40
3440,1320,-18004,-140,88,-8
3444,1388,-18192,-160,116,8
3424,1352,-18016,-160,122,12
3572,1336,-18096,-177,121,10
3356,1360,-17896,-155,97,26
3364,1380,-17964,-147,84,4
3428,1356,-17952,-174,96,16
3420,1452,-17940,-146,88,19
3468,1352,-17856,-169,96,-3
3368,1392,-18024,-164,95,24
3448,1444,-17972,-146,83,10
3444,1324,-18108,-157,100,27
3468,1344,-18076,-170,76,6
3436,1300,-17952,-148,131,20
3456,1344,-18036,-149,95,7
3504,1340,-18188,-164,101,11
3420,1340,-17896,-168,100,-23
3380,1392,-18056,-171,77,2
346180,-188,14,1312,-1809,18
3440,1344,-18012,-152,91,24
3396,1364,-18040,-147,96,26
3444,1296,-18016,-163,69,13
3464,1316,-17940,-164,84,-9
3468,1320,-18024,-168,85,11
3348,1364,-17944,-155,83,9
3488,1380,-17968,-166,102,42
3380,1400,-17900,-143,74,17
3456,1384,-17872,-156,78,16
3408,1432,-18036,-185,105,12
3424,1324,-18112,-177,110,18
3428,1340,-18020,-152,108,-3
3416,1372,-17996,-177,88,28
3384,1328,-18064,-173,99,18
3352,1372,-17816,-131,108,14
3464,1360,-17964,-121,116,9
3440,1348,-17996,-163,117,12
3424,1272,-18108,-148,113,10
3468,1392,-18080,-175,85,11
3412,1420,-18088,-164,84,22
3520,1332,-17968,-155,96,26
3428,1444,-18036,-141,83,9
3420,1332,-18068,-147,94,2
3432,1384,-17944,-169,98,29
3448,1300,-18076,-188,73,6
3360,1352,-17868,-169,69,-2
3476,1304,-18136,-169,86,32
3400,1356,-18084,-164,89,8
3336,1380,-18172,-171,88,2
3448,1380,-18008,-169,107,17
3492,1380,-17928,-167,106,10
3364,1384,-18032,-156,114,12
3552,1396,-17936,-153,116,23
3384,1356,-17928,-154,91,-4
3440,1412,-17928,-156,112,42
3400,1324,-17912,-148,113,8
3440,1332,-17988,-147,81,7
3456,1256,-17940,-166,107,0
3428,1452,-18052,-180,86,46
3492,1312,-17992,-151,87,10
3468,1436,-17848,-150,100,23
3444,1308,-18056,-143,86,30
3376,1352,-18016,-173,74,-6
3428,1340,-18152,-167,64,-4
3372,1396,-18096,-164,104,-12
3540,1420,-18016,-143,105,25
3356,1392,-18016,-161,63,-8
3456,1396,-18116,-169,99,29
3452,1320,-18096,-164,80,-1
3412,1364,-18052,-155,106,23
3324,1332,-18164,-159,95,37
3420,1320,-17884,-123,70,24
3300,1312,-18028,-166,97,-8
3452,1328,-18076,-168,101,3
3496,1420,-18068,-157,72,13
3448,1380,-17980,-170,77,-7
3432,1336,-18164,-164,78,8
3360,1292,-18012,-169,102,13
3464,1296,-17952,-161,90,19
3484,1324,-18020,-157,86,22
3376,1392,-17992,-142,97,-1
3380,1332,-17980,-154,93,7
34,-159,101,48,1320,-18024
34,-159,101,48,1320,-18024
34,-159,101,48,1320,-18024
34,-159,101,48,1320,-18024
3460,1324,-17976,-189,83,22
3352,1392,-17844,-175,101,16
3472,1444,-17976,-185,91,19
3464,1312,-18044,-165,101,-4
3508,1308,-17916,-160,91,-1
3500,1384,-18120,-142,96,24
3456,1312,-18192,-171,102,12
3396,1420,-17944,-165,114,16
3404,1308,-18040,-169,94,9
3484,1356,-17968,-137,88,6
3472,1388,-18056,-162,111,45
3412,1316,-17952,-149,99,6
3408,1384,-18164,-147,110,28
3452,1384,-18060,-172,104,7
3396,1324,-18076,-179,112,6
3412,1408,-17996,-155,111,23
3396,1392,-18136,-162,126,5
3436,1372,-18036,-167,81,12
3344,1416,-18076,-161,70,3
3440,1376,-18056,-144,78,14
3440,1304,-18016,-142,120,22
3412,1400,-17964,-139,108,15
3404,1308,-17920,-143,105,18
3340,1328,-17964,-142,68,20
3544,1344,-17884,-154,118,17
3472,1304,-18100,-162,104,5
3420,1380,-18084,-182,91,19
3428,1324,-18104,-177,96,10
3448,1368,-17932,-147,76,40
3456,1416,-18012,-173,110,5
3460,1372,-18072,-148,120,11
3536,1464,-18052,-161,71,13
3388,1392,-18076,-168,88,10
3404,1372,-18024,-138,107,16
3384,1332,-17964,-183,93,11
3384,1320,-18020,-180,110,29
3376,1376,-17968,-161,85,24
3408,1332,-18016,-157,70,28
3360,1340,-18148,-167,93,3
3396,1288,-17960,-155,111,1
3396,1420,-18152,-133,69,15
3404,1304,-17956,-145,80,1
3464,1344,-18144,-161,85,24
3400,1408,-17880,-163,102,11
3376,1320,-18032,-150,88,37
3380,1284,-17944,-131,111,38
3532,1332,-17936,-151,87,8
3432,1340,-17900,-166,108,22
3472,1364,-17988,-164,91,4
3408,1260,-17936,-173,92,4
3412,1288,-18004,-153,83,15
3320,1376,-17940,-162,109,10
3456,1304,-18104,-128,91,22
3512,1340,-17940,-140,99,27
3432,1356,-18068,-142,91,31
3484,1320,-17984,-172,85,21
3412,1416,-18084,-150,110,12
3364,1368,-17984,-182,123,2
3432,1324,-18068,-160,92,10
3436,1476,-18216,-174,71,15
3440,1372,-18128,-121,90,11
3424,1400,-17908,-160,90,20
3472,1484,-17908,-163,102,-17
3508,1336,-18016,-167,124,1
3420,1296,-17956,-152,91,37
3312,1236,-18004,-159,92,31
3372,1332,-18012,-184,87,26
3424,1448,-17964,-160,92,4
3608,1328,-18204,-150,88,19
3468,1312,-18004,-164,83,-2
3348,1352,-18016,-159,93,30
3432,1408,-18004,-172,111,39
3412,1380,-17884,-163,103,13
3292,1352,-17996,-139,105,19
3356,1364,-18012,-167,95,25
3408,1408,-17908,-161,81,2
3328,1452,-18132,-157,83,18
3528,1372,-18036,-188,107,29
3368,1256,-18024,-161,106,3
3440,1352,-18004,-148,79,20
3424,1320,-18032,-139,87,-23
3360,1252,-17920,-163,98,-7
3360,1360,-18100,-149,110,10
3432,1376,-17956,-170,76,21
3360,1344,-18080,-157,102,23
3384,1316,-18120,-158,65,13
3388,1420,-17908,-178,87,17
3440,1452,-18020,-154,109,4
3508,1372,-18140,-173,124,25
3424,1300,-17996,-159,83,27
3416,1364,-17992,-171,133,31
3356,1284,-17920,-157,125,-1
3340,1320,-18108,-135,84,6
3424,1280,-17928,-158,83,12
3348,1420,-18024,-171,110,14
3340,1340,-18068,-138,77,15
3368,1328,-18160,-119,85,14
3440,1376,-18132,-152,95,3
3376,1308,-18048,-145,78,23
3408,1404,-17876,-161,117,11
3436,1324,-18012,-144,116,25
3416,1324,-17968,-158,89,28
3376,1316,-18004,-164,79,-15
3488,1324,-18164,-162,89,3
3380,1320,-18028,-157,96,-2
3452,1328,-18072,-160,86,5
3492,1368,-18048,-167,104,2
3344,1456,-18052,-134,77,19
3420,1364,-17816,-170,97,-10
3512,1308,-18160,-145,107,25
3332,1340,-18176,-171,96,27
3360,1388,-17928,-164,83,10
3420,1328,-18000,-171,81,1
3352,1432,-17992,-152,89,14
3392,1404,-17864,-157,71,2
3416,1312,-18072,-163,113,-7
3396,1284,-17996,-138,82,8
3384,1292,-18112,-146,66,-9
3452,1392,-17940,-157,110,29
3404,1360,-17892,-157,91,-2
3376,1284,-17864,-161,77,15
3368,1436,-17940,-179,97,22
3428,1256,-17876,-157,98,27
3388,1372,-18036,-201,86,18
3436,1448,-17916,-143,132,15
3536,1356,-18020,-149,82,26
3432,1376,-18060,-154,98,-13
3436,1264,-18012,-133,76,12
3436,1412,-17868,-160,115,-7
3432,1384,-18092,-161,109,21
3480,1320,-18172,-168,123,13
3400,1428,-17992,-148,94,24
3416,1300,-18084,-154,97,9
3400,1388,-18128,-156,93,8
3444,1380,-18056,-151,115,15
3400,1280,-18084,-143,91,13
3364,1384,-18124,-174,99,2
3464,1208,-18044,-152,94,3
3468,1288,-17900,-147,92,19
3364,1364,-17920,-158,85,-3
3416,1344,-17912,-155,80,34
3356,1320,-18084,-156,107,3
3448,1392,-18064,-159,77,35
3464,1268,-17784,-117,91,23
33906,22,1396,-17992,-173,98
33906,22,1396,-17992,-173,98
3516,1360,-18024,-144,91,32
3316,1288,-17952,-152,85,10
3392,1340,-17932,-159,103,0
3464,1392,-17996,-182,90,22
3404,1312,-17996,-159,97,-8
3436,1352,-17832,-159,93,22
3452,1348,-18016,-169,88,13
3416,1356,-18144,-181,85,16
3468,1428,-17972,-160,74,-5
3464,1308,-17884,-173,109,23
3496,1344,-18148,-147,118,16
3324,1360,-17988,-148,96,17
3444,1332,-18044,-178,83,8
3376,1364,-17916,-145,98,26
3444,1320,-17976,-159,99,4
3500,1372,-18012,-167,83,13
3416,1308,-18084,-171,103,25
3436,1372,-18060,-155,89,0
3404,1320,-17936,-164,82,27
3368,1336,-17896,-151,95,21
3460,1288,-18016,-139,101,25
3432,1412,-17936,-165,70,14
3456,1340,-18048,-152,124,-3
3480,1392,-17972,-175,97,7
3384,1276,-18076,-178,85,-15
3384,1384,-17888,-168,111,-8
3376,1304,-17896,-159,84,27
3476,1300,-18040,-150,98,-1
3472,1380,-18040,-161,106,7
3388,1436,-18172,-163,77,-3
3388,1412,-18020,-171,87,15
3388,1308,-17968,-156,85,-2
3384,1292,-18080,-157,96,17
3464,1352,-18040,-164,99,20
3440,1276,-17964,-173,81,-1
3432,1332,-17952,-159,95,8
3484,1344,-17964,-142,81,20
3432,1428,-17964,-164,81,15
3472,1408,-17936,-166,105,23
3508,1276,-18112,-159,81,-9
3408,1384,-18036,-154,107,43
3348,1368,-18252,-165,100,27
3484,1376,-17936,-167,86,5
3348,1320,-18044,-155,92,6
3360,1392,-18004,-146,104,16
3468,1404,-17988,-154,97,3
3376,1420,-17996,-161,92,-3
3440,1280,-18048,-154,117,31
3472,1336,-18036,-157,85,56
3464,1340,-18024,-158,101,34
3436,1352,-18120,-173,82,13
3424,1384,-17996,-171,130,-10
3432,1252,-17968,-146,97,1
3444,1404,-18012,-150,77,-5
3300,1192,-18140,-156,107,27
3364,1368,-18048,-154,70,7
3380,1336,-18124,-159,97,1
3468,1412,-17836,-164,82,3
3388,1364,-17884,-166,83,3
3364,1288,-17988,-159,99,41
3444,1372,-18020,-173,88,1
3388,1360,-18024,-159,90,35
3428,1368,-18036,-148,77,28
3400,1392,-17896,-169,74,15
3420,1324,-18108,-154,96,23
3460,1332,-17988,-150,106,23
3408,1404,-18184,-160,94,22
3436,1352,-17972,-152,96,-4
3368,1344,-17868,-177,124,12
3456,1308,-18172,-171,95,8
3464,1236,-18016,-163,94,-3
3500,1340,-18004,-157,72,5
3412,1368,-17948,-171,75,11
318040,-161264,1380,-,85,25
3412,1364,-17864,-148,87,3
3344,1376,-18012,-155,108,-21
3460,1336,-18024,-176,99,18
3340,1364,-17964,-148,110,-8
3392,1300,-18156,-162,101,10
3380,1336,-18056,-137,98,4
3444,1380,-18112,-153,78,28
3476,1412,-18196,-145,129,4
3396,1344,-17872,-157,89,-3
3524,1420,-17908,-159,108,21
3396,1300,-17944,-181,107,14
3476,1336,-18004,-160,115,11
3324,1344,-18124,-127,82,22
3384,1464,-18000,-147,81,19
3404,1268,-18076,-161,106,16
3388,1376,-17972,-142,77,14
3524,1284,-17876,-169,98,7
3448,1372,-17868,-138,98,1
3528,1260,-18000,-162,97,10
3400,1372,-18028,-157,93,5
3424,1288,-18076,-162,106,2
3408,1260,-17936,-141,91,17
3416,1332,-18072,-161,58,20
3424,1356,-18056,-171,95,10
3340,1292,-17960,-165,92,14
3344,1372,-17868,-167,87,14
3408,1364,-17980,-167,105,12
3476,1424,-18008,-149,113,21
3336,1424,-18024,-154,100,21
3352,1416,-17920,-161,100,1
3476,1384,-17916,-155,132,1
3396,1336,-18000,-154,94,-2
3388,1384,-18072,-174,75,6
3396,1376,-18032,-161,81,24
3404,1372,-18016,-147,94,8
3448,1332,-18048,-173,132,3
3396,1380,-17916,-164,79,1
3372,1400,-18044,-165,104,26
3452,1320,-17964,-153,102,17
3372,1292,-18012,-162,109,7
3424,1352,-18052,-143,95,25
3352,1392,-17980,-166,103,5
3452,1356,-18108,-166,70,23
3440,1300,-17920,-158,119,28
3432,1272,-17988,-163,91,4
3460,1272,-18016,-169,99,-9
3420,1380,-17904,-169,80,20
3368,1356,-17900,-136,106,16
3420,1348,-17944,-152,95,33
3428,1296,-17900,-151,94,-11
3388,1396,-18052,-159,116,12
3432,1364,-18084,-143,90,30
3452,1380,-17908,-141,102,2
3488,1440,-18120,-155,84,-10
3316,1420,-18160,-151,84,7
3452,1380,-18112,-165,79,10
3404,1304,-18152,-160,93,-1
3412,1376,-18008,-151,80,15
3400,1272,-18048,-158,94,17
3328,1348,-18020,-152,108,33
3432,1324,-17996,-148,98,16
3424,1388,-17984,-180,75,16
3472,1388,-17960,-179,82,8
3388,1320,-18068,-159,81,16
3340,1348,-18052,-157,107,3
3404,1412,-17996,-164,96,11
3280,1476,-18000,-173,92,23
3400,1320,-17952,-173,92,-11
3404,1340,-18072,-171,74,3
3452,1356,-18152,-179,81,35
3436,1304,-17996,-138,97,-1
3412,1344,-17960,-168,119,-6
3436,1464,-17992,-162,71,14
3528,1312,-17908,-147,88,14
3416,1392,-18012,-162,104,11
3340,1372,-17912,-175,74,4
3448,1352,-17924,-154,89,34
3360,1300,-17976,-176,90,6
3364,1336,-18088,-170,86,24
3408,1384,-17908,-160,102,27
3424,1400,-17916,-152,107,20
3360,1424,-17976,-165,80,27
3316,1272,-18108,-155,95,9
3444,1372,-17860,-166,102,19
3416,1344,-18076,-140,87,20
3428,1292,-17968,-154,82,12
3452,1328,-18020,-147,96,10
3412,1372,-18052,-161,93,14
3412,1208,-18160,-177,92,19
3440,1360,-17988,-176,70,12
3500,1500,-17968,-141,86,26
3384,1340,-18040,-157,90,26
3484,1376,-18096,-150,101,16
3404,1292,-17964,-136,79,7
3412,1412,-17716,-140,86,14
3324,1304,-18044,-155,78,35
3368,1352,-17872,-151,99,28
3384,1272,-17980,-138,79,16
3396,1424,-17888,-159,85,10
3384,1332,-17920,-151,80,-3
3436,1432,-17876,-164,119,32
3536,1388,-18160,-176,78,12
3420,1344,-17980,-163,96,27
3488,1332,-17864,-162,75,23
3464,1368,-18068,-154,101,13
3372,1316,-18044,-183,95,13
3380,1408,-17908,-180,89,14
3420,1404,-17952,-153,100,5
3416,1372,-18084,-161,84,25
3316,1352,-17932,-145,92,39
3376,1324,-17972,-152,84,15
3548,1292,-18048,-151,86,32
3476,1456,-18184,-137,86,27
3456,1308,-18020,-151,131,13
3364,1424,-18056,-169,113,14
3496,1320,-18036,-170,102,14
3416,1336,-18080,-172,84,3
3536,1316,-17896,-166,89,27
3312,1364,-18004,-186,100,-15
3384,1380,-17996,-139,92,18
3428,1436,-18116,-173,87,5
3428,1324,-17908,-163,105,0
3404,1396,-18000,-154,86,3
3372,1312,-18080,-181,138,6
3300,1344,-17964,-147,102,9
3380,1372,-18044,-160,98,11
3364,1372,-17968,-163,106,25
3488,1344,-17972,-162,75,5
3492,1316,-17932,-157,125,18
3408,1276,-17964,-150,105,-9
3364,1400,-18032,-173,80,33
3384,1240,-17956,-167,123,24
3468,1420,-18060,-179,110,1
3400,1368,-18076,-148,115,11
3444,1272,-17948,-143,83,11
3356,1332,-18012,-150,77,24
3428,1272,-18000,-175,107,32
3400,1392,-17996,-151,92,14
3464,1420,-18096,-150,99,3
3384,1352,-18076,-157,96,15
3376,1360,-18036,-189,109,10
3440,1332,-18092,-184,96,18
3368,1296,-17956,-147,102,13
3468,1416,-17872,-165,79,22
3448,1208,-17980,-136,107,18
3404,1320,-18116,-176,72,16
3480,1424,-18064,-165,99,1
3376,1344,-17980,-159,72,9
3476,1400,-18108,-151,115,1
3380,1300,-17856,-173,81,15
3476,1360,-18060,-162,86,25
3400,1396,-18020,-152,105,8
3440,1352,-18068,-153,131,-3
3404,1300,-17972,-164,88,20
3520,1308,-18072,-156,114,35
3380,1456,-17936,-148,81,19
3364,1332,-18024,-165,108,12
3400,1344,-18148,-164,94,26
3368,1300,-18032,-136,111,13
3440,1368,-18164,-169,83,2
3412,1328,-18032,-158,113,21
3356,1348,-18020,-138,82,8
3412,68,-1312,-178146,113,10
3452,1368,-17940,-148,99,15
3432,1264,-18132,-168,82,7
3372,1340,-17944,-161,71,8
3428,1336,-17872,-153,80,-5
3344,1336,-18152,-151,90,8
3396,1340,-18000,-165,131,15
3536,1420,-17900,-154,106,9
3412,1264,-17928,-163,107,8
3396,1220,-17960,-175,77,15
3388,1352,-18120,-157,92,7
3340,1376,-17924,-158,80,8
3344,1328,-18000,-167,99,21
3360,1268,-18104,-140,90,38
3364,1280,-18088,-161,87,17
3364,1280,-18088,-161,87,17
3364,1280,-18088,-161,87,17
3416,1244,-18180,-150,93,3
3516,1340,-18024,-169,67,1
3372,1356,-18096,-147,74,-4
3456,1324,-18020,-171,78,15
3408,1340,-18056,-147,86,13
3312,1300,-17928,-135,91,4
3428,1324,-18120,-144,72,24
3436,1332,-17920,-157,125,9
3412,1448,-18096,-141,94,11
3388,1392,-18024,-151,113,12
3432,1276,-17996,-150,112,25
3360,1432,-17948,-175,111,3
3368,1284,-17892,-148,86,-5
3432,1400,-18072,-156,110,32
3484,1340,-17952,-159,71,0
3396,1364,-18012,-131,70,0
3312,1348,-17912,-165,81,-5
3432,1320,-17836,-184,92,11
3436,1348,-18052,-164,87,26
3468,1352,-17868,-134,114,-7
3468,1404,-18056,-141,126,15
3444,1412,-17980,-148,99,11
3476,1324,-17904,-150,78,32
3404,1264,-17900,-129,82,-3
3440,1388,-18056,-167,88,7
3468,1364,-17960,-150,106,23
3416,1408,-17984,-175,133,8
3412,1384,-18032,-151,93,30
3428,1376,-18128,-176,113,17
3388,1356,-17932,-170,66,23
3388,1448,-18100,-162,92,29
3428,1276,-17972,-184,95,16
3332,1408,-17864,-167,91,1
3312,1248,-17752,-171,102,15
3392,1400,-18176,-181,99,3
3396,1364,-18012,-168,131,15
3480,1308,-17880,-175,89,38
3444,1308,-17984,-163,103,26
3416,1364,-17976,-175,112,4
3524,1340,-18028,-147,113,1
3532,1416,-17952,-161,90,43
3412,1360,-18028,-157,103,21
3428,1312,-17976,-156,71,22
3252,1388,-18200,-157,114,3
317920,-15428,1372,-4,65,12
3388,1304,-18076,-142,67,21
3340,1320,-17920,-141,118,2
3456,1416,-17884,-152,88,24
3436,1288,-18084,-142,100,36
3432,1296,-17900,-161,92,18
3432,1480,-18032,-153,83,20
3412,1240,-18004,-161,99,21
3432,1400,-17808,-174,109,7
3388,1392,-18056,-156,126,37
3448,1340,-18032,-165,97,1
3452,1316,-18068,-149,95,14
3440,1444,-17868,-158,92,-1
3364,1380,-18068,-148,90,16
3396,1424,-17860,-154,99,27
3428,1292,-17788,-141,85,28
3404,1348,-18096,-141,70,8
3320,1372,-17936,-149,79,18
3344,1404,-17968,-151,119,26
3408,1388,-17912,-169,99,2
3448,1308,-17996,-172,89,35
3436,1308,-17996,-165,108,27
3384,1352,-17956,-141,114,41
3428,1324,-18104,-167,113,15
3400,1324,-18064,-150,102,-2
3356,1400,-18196,-168,116,5
3352,1360,-18224,-165,101,17
3432,1384,-18080,-159,99,8
3432,1356,-18108,-153,86,18
3352,1396,-17944,-148,97,13
3328,1352,-18020,-159,103,39
3424,1332,-17932,-157,79,13
3352,1352,-17988,-162,97,4
3452,1320,-17916,-149,97,-16
3424,1396,-18068,-170,111,23
3404,1452,-17980,-138,96,23
3456,1396,-18104,-161,82,7
3348,1340,-18184,-170,93,-6
3388,1292,-18168,-168,81,29
3304,1424,-18128,-157,87,-14
3352,1344,-17852,-168,95,33
3456,1296,-18128,-170,86,23
3448,1360,-18176,-158,118,22
3448,1356,-17984,-134,90,20
3424,1328,-18092,-172,94,8
3420,1420,-18040,-148,110,26
3416,1356,-18044,-163,97,10
3396,1380,-17968,-174,114,11
3444,1368,-17908,-161,84,-12
3376,1332,-17988,-156,81,10
3416,1352,-18128,-160,80,10
3404,1392,-18080,-163,129,7
3500,1364,-17880,-164,129,22
3440,1316,-18112,-167,76,13
3564,1400,-17924,-181,109,18
3408,1480,-17940,-149,82,6
3472,1384,-18008,-167,95,19
3404,1348,-18016,-175,135,15
3404,1348,-18096,-146,83,27
3344,1292,-17944,-171,94,8
3396,1316,-17908,-132,104,6
3424,1364,-17980,-168,112,12
3404,1356,-18096,-162,112,30
3416,1372,-17892,-173,110,0
3388,1372,-18108,-143,83,25
3304,1384,-18024,-154,110,42
3472,1352,-17712,-160,77,-2
3408,1376,-18120,-161,111,18
3492,1424,-17884,-184,67,27
3344,1436,-17964,-152,90,35
3412,1308,-18056,-172,103,22
3364,1352,-18080,-175,99,29
3380,1356,-18064,-145,76,15
3332,1332,-18004,-172,106,38
3420,1336,-18000,-162,99,2
3388,1384,-18048,-139,122,29
3472,1336,-17940,-155,99,22
3448,1348,-18016,-158,98,39
3448,1208,-18092,-168,100,27
3372,1356,-17928,-170,128,10
3420,1372,-17988,-162,62,0
3296,1316,-18132,-141,101,34
3376,1332,-18112,-135,98,13
3468,1376,-17824,-151,98,32
3352,1380,-18060,-175,124,24
3348,1308,-18196,-143,114,37
3468,1312,-18000,-139,105,19
3412,1300,-17856,-166,74,40
3480,1316,-17932,-152,112,6
3460,1316,-17960,-145,65,14
3464,1336,-17928,-161,113,16
3400,1444,-17932,-166,89,21
3372,1316,-18032,-150,117,27
3476,1232,-18064,-152,102,5
3376,1304,-17996,-145,118,20
3428,1324,-18124,-153,119,19
3508,1368,-18056,-142,82,14
3512,1304,-17920,-174,65,17
3384,1364,-18084,-160,120,21
3472,1360,-18008,-161,144,16
3368,1388,-17992,-160,90,29
3372,1284,-17924,-172,130,17
3392,1380,-17944,-145,92,28
3400,1260,-17928,-155,104,13
3404,1320,-18076,-146,100,29
3384,1320,-18040,-170,101,8
3400,1244,-18052,-159,102,21
3400,1412,-18108,-164,92,-17
3400,1344,-18084,-152,83,8
3368,1308,-17988,-141,117,5
3380,1320,-17984,-147,84,32
3496,1344,-18004,-166,105,14
3404,1344,-18088,-157,72,4
3384,1292,-18120,-176,92,26
3444,1284,-17968,-155,96,8
3400,1324,-17892,-160,101,38
3384,1376,-18060,-175,87,6
3436,1408,-17992,-149,96,1
3464,1288,-17952,-173,81,23
3432,1396,-18048,-171,117,38
3404,1380,-17972,-156,88,12
3372,1372,-18012,-152,106,9
3356,1340,-17936,-142,112,10
3416,1396,-18000,-152,100,12
3420,1264,-17952,-161,93,18
3476,1432,-18064,-173,89,35
3404,1356,-18100,-137,80,-2
3412,1356,-17984,-175,86,26
3448,1396,-18052,-154,132,9
3404,1336,-17964,-151,118,22
3424,1364,-17956,-157,73,8
3404,1296,-18004,-147,132,-12
3480,1360,-18056,-184,123,41
3368,1336,-17908,-151,113,29
3368,1340,-18200,-168,98,15
3268,1320,-18056,-147,85,4
3356,1328,-17904,-145,114,22
3400,1312,-17976,-149,74,-23
3436,1232,-17820,-169,102,14
3372,1336,-18036,-160,99,30
3464,1376,-17808,-165,79,22
3400,1304,-18012,-140,69,33
3420,1328,-18028,-156,104,27
3272,1360,-17980,-159,91,0
3480,1388,-17860,-159,80,14
3356,1372,-17980,-162,113,36
3416,1412,-18048,-174,96,10
3372,1436,-18068,-151,99,0
3396,1296,-18004,-160,93,17
3404,1344,-17992,-161,99,29
3328,1352,-18132,-168,80,11
3416,1404,-17952,-160,65,20
3476,1336,-17932,-133,101,11
3424,1332,-18076,-159,92,-8
3368,1352,-18056,-142,105,22
3492,1296,-18052,-173,113,16
3428,1280,-18008,-154,125,11
3384,1424,-18044,-173,92,28
3484,1376,-17996,-149,85,7
3536,1408,-17972,-152,118,3
3332,1380,-17964,-147,119,8
3472,1348,-17976,-174,63,21
3440,1404,-18076,-159,99,14
3460,1296,-18160,-134,84,-2
3324,1368,-18144,-149,96,19
3340,1392,-17952,-169,110,20
3432,1284,-17908,-165,97,6
3360,1440,-18076,-158,111,8
3436,1380,-18040,-159,60,34
3468,1340,-17864,-174,121,11
3384,1364,-18080,-143,82,14
3384,1364,-18080,-143,82,14
3384,1364,-18080,-143,82,14
3380,1296,-17948,-138,73,1
3344,1424,-18036,-156,71,-1
3412,1380,-17952,-150,100,37
3424,1348,-17984,-172,91,3
3312,1388,-18080,-166,91,39
3472,1344,-18048,-165,98,20
3344,1268,-17980,-168,96,-8
3364,1400,-17912,-146,90,1
3328,1352,-18080,-144,107,15
3424,1292,-18032,-173,93,34
3328,1332,-18072,-135,81,30
3320,1400,-17960,-146,88,0
3424,1192,-18040,-139,104,31
3368,1412,-18036,-167,116,19
3412,1292,-17900,-173,85,17
3468,1304,-18116,-158,93,-1
3368,1376,-17984,-165,121,20
3488,1256,-18060,-173,82,24
3436,1304,-18048,-170,98,5
3392,1368,-17816,-123,103,17
3412,1356,-18056,-132,78,37
3464,1340,-18060,-153,124,9
3372,1360,-17876,-170,111,-10
3464,1308,-17996,-158,125,22
3372,1320,-18064,-184,106,6
3416,1344,-18080,-172,84,8
3432,1352,-18176,-170,99,29
3400,1252,-17956,-147,89,19
3464,1448,-17996,-146,99,16
3452,1412,-18180,-171,90,1
3420,1360,-18056,-171,110,10
3420,1348,-17960,-160,106,14
3432,1504,-17944,-174,84,8
3336,1364,-17964,-152,101,16
3364,1400,-18060,-146,109,7
3464,1244,-18188,-139,93,43
3480,1336,-18000,-154,96,28
3360,1344,-18036,-162,110,14
3348,1392,-18096,-154,103,9
3432,1296,-17908,-154,95,17
3312,1312,-18240,-174,86,-1
3364,1392,-18032,-174,90,40
3468,1364,-18144,-175,87,15
3416,1320,-18060,-149,102,5
3456,1336,-18048,-173,106,34
3444,1352,-18012,-159,73,6
3364,1324,-18036,-165,108,28
3404,1344,-17904,-175,66,14
3372,1476,-17980,-168,97,37
3348,1324,-17904,-160,76,8
3420,1392,-18080,-148,103,0
3428,1416,-17824,-142,93,7
3480,1324,-17880,-173,99,-4
3448,1268,-18072,-158,71,8
3400,1352,-18104,-165,75,37
3432,1336,-17940,-189,113,13
3424,1420,-18136,-154,104,18
3436,1160,-17960,-162,117,29
3384,1340,-18112,-165,85,20
3352,1420,-18000,-170,98,12
3384,1344,-17932,-136,105,22
3400,1308,-17896,-165,87,10
3460,1300,-18004,-147,106,8
3576,1348,-18048,-160,119,5
3408,1300,-18064,-140,79,0
3344,1384,-18116,-169,95,7
3320,1404,-18128,-160,100,27
3396,1340,-17944,-176,110,21
3372,1296,-17912,-138,92,9
3384,1348,-18056,-150,95,3
3416,1424,-18100,-158,85,29
3392,1304,-18036,-154,82,11
3416,1424,-18092,-161,112,19
3356,1376,-18068,-180,99,0
3420,1340,-17952,-151,97,26
3304,1440,-17936,-166,96,40
3412,1360,-18008,-190,96,20
3416,1356,-18016,-148,117,5
3392,1332,-18068,-149,74,5
3408,1308,-17924,-172,107,22
3420,1416,-18092,-164,101,12
3292,1292,-17848,-139,103,8
3484,1288,-17992,-170,84,21
3476,1340,-17944,-166,121,29
3400,1368,-18112,-171,93,16
3472,1388,-17884,-161,90,-5
3400,1364,-17940,-149,110,43
3376,1240,-18068,-166,86,12
3396,1356,-18072,-170,105,0
3416,1304,-18024,-162,87,25
3452,1292,-18020,-161,101,9
3360,1344,-18116,-163,65,25
3468,1244,-17992,-122,129,3
3368,1444,-18124,-182,102,26
3528,1356,-18020,-152,89,-2
3400,1428,-18056,-155,104,13
3444,1316,-18096,-164,91,10
3384,1392,-17968,-171,91,16
3352,1436,-18140,-142,104,28
3372,1356,-18120,-166,88,29
3332,1240,-18052,-162,107,12
3440,1404,-17872,-163,87,23
3416,1428,-17976,-171,110,19
3364,1312,-18016,-157,117,-3
3412,1324,-18036,-145,108,38
3500,1440,-18048,-149,109,22
3356,1312,-17944,-150,119,22
3468,1404,-18012,-132,104,7
3336,1316,-18100,-155,91,4
3340,1248,-18044,-183,91,15
3448,1388,-18120,-157,97,12
3472,1392,-18052,-186,79,3
3472,1420,-18000,-161,89,0
3428,1292,-18016,-173,104,0
3344,1348,-18016,-173,88,-3
3420,1324,-18020,-162,115,12
3400,1436,-17976,-168,123,33
3344,1384,-17980,-170,84,13
3404,1372,-18044,-148,101,28
3484,1400,-17832,-185,80,-2
3440,1380,-18024,-142,130,1
3408,1436,-18084,-143,85,7
3340,1340,-17972,-163,91,23
3484,1384,-17956,-160,91,-1
3444,1332,-17852,-170,102,7
3372,1268,-18096,-150,115,5
3384,1304,-18208,-173,90,0
3332,1384,-18132,-168,104,12
3456,1352,-18032,-165,100,5
3444,1396,-18140,-178,90,20
3292,1300,-17972,-151,105,-12
3384,1324,-17936,-155,90,26
3380,1324,-18100,-169,99,20
3372,1276,-17960,-166,106,8
3392,1344,-17940,-169,108,12
3404,1344,-17988,-159,74,21
3496,1400,-18096,-159,83,12
3404,1352,-18036,-149,105,18
3424,1316,-17960,-160,95,17
3460,1408,-18020,-157,124,-2
3516,1352,-18024,-157,85,10
3416,1372,-18052,-140,89,-1
3272,1284,-17972,-157,98,4
3372,1456,-18072,-165,92,13
3384,1320,-18116,-164,91,35
3348,1452,-17956,-150,91,22
3400,1352,-18068,-165,96,3
3420,1444,-18008,-166,94,6
3340,1420,-17936,-153,78,7
3384,1352,-18100,-149,96,-3
3456,1332,-18072,-158,85,-8
3456,1324,-17824,-158,85,23
3460,1304,-18092,-157,118,-1
3332,1400,-17992,-158,101,24
3352,1320,-18200,-181,111,34
3456,1256,-17916,-136,93,18
3396,1372,-17980,-151,63,28
3380,1380,-17992,-167,95,33
3400,1288,-18112,-159,101,19
3380,1352,-18136,-186,109,-11
3372,1372,-18092,-183,78,41
3468,1364,-18060,-150,77,44
3380,1380,-17832,-148,75,8
3304,1320,-17924,-148,81,24
3432,1396,-17844,-188,112,28
3432,1260,-17948,-150,85,14
3356,1368,-18084,-163,131,19
3440,1408,-17876,-170,104,-13
3392,1388,-18056,-132,109,18
3384,1284,-17988,-157,88,-4
3416,1420,-17924,-165,98,15
3320,1304,-17992,-184,105,12
3404,1336,-18164,-134,75,080
3404,1336,-18164,-134,75,080
3540,1372,-17920,-145,68,16
3412,1292,-18024,-140,82,29
3368,1380,-17928,-176,96,21
3516,1340,-17928,-170,107,-7
3420,1312,-18012,-145,105,9
3452,1404,-18076,-185,86,13
3392,1292,-18112,-141,107,17
3356,1436,-18080,-152,78,-6
3380,1276,-17892,-154,102,9
3332,1372,-17860,-162,71,36
3368,1432,-17832,-179,95,27
3440,1392,-17960,-173,111,18
3360,1416,-18024,-155,97,7
3452,1368,-17880,-166,107,6
3376,1344,-18112,-157,105,-4
3404,1332,-17964,-155,115,-10
3424,1376,-17964,-168,65,27
3316,1344,-17944,-140,116,22
3348,1360,-18172,-170,101,-3
3432,1320,-17944,-139,79,4
3396,1432,-18008,-152,117,16
3272,1312,-18124,-182,91,9
3376,1336,-17988,-146,103,17
3424,1376,-17936,-171,108,11
3404,1388,-17968,-164,107,1
3432,1324,-18036,-153,69,11
3368,1360,-17984,-175,91,2
3360,1392,-17980,-178,73,2
3320,1364,-18040,-162,114,31
3356,1292,-17920,-164,111,-2
3416,1356,-18024,-156,100,7
3304,1264,-17864,-180,81,26
3336,1328,-18092,-144,111,4
3416,1308,-18076,-147,98,9
3232,1384,-18108,-173,91,22
3352,1312,-18096,-184,108,18
3404,1312,-17980,-183,90,15
3428,1360,-17944,-181,118,3
3376,1336,-17972,-171,121,22
3452,1336,-17968,-149,127,27
3440,1380,-18032,-190,83,49
3372,1356,-17912,-141,128,7
3348,1316,-17976,-165,75,8
3332,1348,-17964,-160,75,7
3500,1212,-18024,-174,89,3
3428,1432,-18116,-182,104,15
3328,1344,-18008,-170,126,-12
3472,1252,-17956,-160,98,13
3372,1340,-17964,-158,75,29
3416,1404,-17964,-173,127,28
3400,1352,-18160,-150,101,1
3444,1340,-18000,-158,80,16
3456,1348,-17940,-154,107,2
3392,1388,-18092,-175,123,12
3376,1360,-17984,-169,92,-6
3424,1328,-18060,-163,122,25
3312,1356,-18088,-160,87,29
3344,1328,-17844,-168,98,11
3356,1380,-18104,-174,113,26
3504,1380,-18012,-165,85,10
3376,1272,-18064,-149,113,-4
3348,1304,-17960,-162,73,7
3444,1356,-18020,-181,91,8
3456,1344,-18028,-154,126,13
3428,1288,-18088,-142,112,-4
3336,1328,-18004,-165,98,37
3340,1272,-18028,-164,84,2
3400,1360,-17988,-171,110,21
3408,1264,-18088,-155,121,5
3480,1356,-17852,-165,103,19
3420,1428,-18120,-148,120,21
3388,1380,-17984,-166,107,-4
3340,1392,-18088,-155,72,24
3384,1356,-17984,-140,103,18
3440,1416,-18096,-178,122,-3
3400,1364,-18056,-171,110,27
3520,1332,-18040,-161,84,15
3456,1416,-18000,-185,65,24
3396,1348,-17940,-155,100,7
3404,1388,-18004,-146,77,25
3496,1360,-18112,-160,79,14
3396,1416,-17964,-161,102,3
3416,1380,-17964,-158,92,4
3408,1264,-17940,-169,112,7
3448,1300,-18112,-169,96,-13
3500,1336,-17928,-151,105,1
3444,1380,-18004,-171,84,1
3368,1348,-17972,-161,101,-1
3392,1472,-17932,-138,95,-8
3416,1384,-18028,-171,89,32
3444,1360,-18112,-170,91,24
3384,1420,-18064,-156,111,16
3348,1352,-17996,-148,83,6
3456,1272,-17976,-167,105,18
3400,1336,-18008,-167,91,19
3404,1376,-18080,-165,101,23
3328,1396,-17992,-148,98,23
3396,1268,-18084,-167,78,21
3248,1332,-17980,-173,97,28
3496,1376,-18132,-167,115,30
3460,1236,-18040,-163,108,20
3392,1340,-17956,-178,94,43
3352,1284,-18068,-164,79,8
3380,1284,-17996,-161,93,28
3440,1252,-17884,-148,95,20
3476,1372,-17928,-155,79,5
3380,1440,-18012,-173,91,21
3512,1380,-18052,-152,82,21
3440,1352,-17864,-166,101,2
3484,1388,-18008,-150,73,20
3348,1352,-18012,-165,123,4
3424,1452,-18008,-183,104,8
3400,1272,-18056,-192,119,34
3468,1324,-17900,-154,96,19
3412,1292,-17944,-168,80,32
3380,1352,-18076,-165,111,26
3488,1316,-18004,-164,77,10
3324,1280,-17972,-157,101,18
3424,1324,-17876,-167,114,23
3460,1312,-18016,-142,62,4
3320,1368,-17976,-162,109,2
3380,1400,-18120,-180,121,19
3364,1416,-17932,-169,90,29
3432,1360,-17920,-137,124,6
3244,1388,-18112,-164,81,21
3360,1288,-18016,-171,100,7
3424,1348,-18004,-168,93,-3
3452,1320,-18044,-154,75,25
3356,1352,-17968,-156,86,41
3356,1440,-17988,-155,100,16
3412,1416,-17992,-157,111,21
3412,1368,-18056,-156,93,25
3332,1288,-17984,-151,109,15
3340,1452,-18128,-152,121,21
3360,1332,-18008,-146,95,22
3392,1404,-17944,-132,100,33
3456,1356,-17792,-135,100,9
3372,1320,-17896,-166,101,-11
3400,1340,-18008,-181,96,24
3380,1384,-18040,-157,95,-1
3420,1256,-18112,-160,77,16
3412,1320,-17992,-159,105,13
3372,1472,-18016,-155,103,-9
3348,1396,-18120,-168,94,53
3444,1256,-18032,-139,83,5
3412,1424,-17896,-167,107,7
3368,1464,-18032,-160,110,11
3296,1356,-18004,-157,79,10
3388,1380,-18056,-166,101,19
3368,1436,-17892,-165,105,19
3320,1364,-17940,-156,95,20
3492,1304,-18132,-172,106,16
3408,1284,-17980,-140,70,28
3396,1360,-17988,-156,112,13
3268,1388,-17916,-165,95,30
3468,1332,-18076,-156,82,28
3340,1388,-17976,-151,90,27
3420,1392,-18120,-167,96,28
3428,1284,-18024,-166,101,14
3216,1372,-18124,-183,112,5
3420,1368,-18040,-155,84,13
3428,1332,-17948,-166,101,8
3400,1312,-18036,-156,124,30
3452,1272,-17844,-157,118,4
3364,1360,-18068,-163,90,11
3348,1288,-18016,-144,78,29
3356,1340,-17848,-169,75,16
3380,1340,-18056,-154,106,25
3368,1380,-17880,-142,102,22
3444,1380,-17952,-185,95,23
3368,1300,-18036,-151,112,21
3408,1360,-17820,-148,77,20
3372,1260,-17868,-167,110,23
3424,1340,-18176,-164,75,13
3356,1344,-17964,-156,129,12
3448,1372,-17916,-120,102,13
3440,1288,-17964,-177,108,15
3344,1356,-18128,-167,92,21
3364,1372,-17984,-156,74,25
3356,1340,-18112,-182,71,7
3332,1368,-18060,-160,95,26
3380,1380,-18028,-128,113,19
3408,1288,-18076,-161,109,19
3476,1332,-18100,-171,127,26
3396,1412,-17996,-149,95,6
3440,1396,-18068,-178,136,13
3460,1292,-17912,-160,112,5
3352,1388,-17988,-150,126,1
3464,1280,-18020,-144,106,2
3408,1384,-17988,-171,97,17
3456,1328,-17996,-164,64,10
3404,1364,-18112,-154,93,22
3304,1408,-17968,-140,95,13
3424,1396,-17944,-154,103,36
3436,1232,-18016,-168,99,31
3308,1284,-18056,-174,78,30
3348,1292,-17972,-172,108,26
3492,1396,-17908,-143,73,18
3416,1312,-17944,-168,84,9
3428,1284,-18016,-168,76,24
3332,1480,-18024,-146,109,-3
3368,1268,-18064,-164,110,15
3468,1324,-18144,-130,93,1
3424,1420,-18220,-170,77,14
3324,1332,-18124,-145,102,22
3348,1300,-18040,-167,87,30
3356,1348,-18064,-162,70,37
3408,1300,-17980,-172,79,5
3312,1400,-18068,-139,115,16
3388,1432,-17928,-158,95,3
3384,1424,-17952,-186,116,-5
3492,1348,-18128,-171,100,14
3296,1380,-18060,-175,101,5
3328,1380,-18084,-144,87,19
3356,1360,-18068,-148,92,10
3392,1344,-18100,-151,100,21
3428,1404,-18040,-166,111,26
3444,1408,-18064,-184,88,-10
3416,1312,-17972,-146,87,4
3408,1372,-18072,-164,106,17
3376,1452,-18032,-140,118,12
3344,1368,-17904,-149,89,9
3384,1448,-18052,-134,111,4
3320,1324,-18104,-162,87,4
3352,1312,-17976,-158,70,12
3372,1360,-18160,-172,112,10
3464,1272,-18000,-158,110,26
3304,1308,-18056,-159,97,28
3376,1328,-18020,-155,103,-1
3364,1368,-17992,-163,109,25
3336,1360,-18068,-148,147,2
3300,1272,-18076,-168,103,27
3336,1376,-18104,-144,103,26
3336,1340,-17944,-154,102,31
3356,1428,-17948,-150,86,51
3388,1316,-17920,-162,101,4
3444,1384,-17976,-178,102,-21
3424,1352,-18116,-176,105,29
3404,1368,-18100,-133,95,-21
3400,1376,-17860,-156,109,29
3364,1416,-17948,-145,87,39
3436,1272,-18116,-157,91,12
3456,1356,-18056,-150,102,38
3484,1364,-17956,-141,89,-20
3432,1364,-18056,-131,87,4
3388,1400,-17936,-161,95,30
3492,1340,-18020,-190,123,18
3408,1376,-18132,-165,92,22
3448,1432,-18096,-165,112,30
3420,1348,-17984,-151,72,-2
3388,1320,-18184,-158,99,-11
3328,1252,-18016,-141,90,15
3388,1304,-17960,-182,74,7
3320,1420,-17892,-144,85,14
3424,1376,-18056,-164,78,14
3576,1360,-18032,-165,118,8
3304,1364,-17844,-170,117,23
3368,1400,-18068,-172,70,30
3380,1412,-17972,-162,81,6
3424,1360,-17988,-158,101,23
3308,1284,-17948,-151,88,2
3504,1356,-18116,-156,93,25
3412,1380,-18040,-140,98,12
3476,1292,-17940,-159,108,19
3336,1304,-18012,-165,104,23
3404,1384,-17856,-165,70,10
3400,1284,-17944,-148,107,8
3428,1316,-18128,-138,102,19
3428,1308,-17984,-176,93,0
3416,1296,-18000,-151,94,19
318004,-160392,1376,-,124,-10
3324,1324,-17996,-151,103,2
3372,1340,-18024,-143,121,30
3404,1400,-17964,-148,139,20
3352,1424,-18096,-165,107,5
3332,1384,-17892,-149,85,15
3396,1400,-18024,-154,94,16
3304,1324,-18080,-142,103,23
3444,1400,-18048,-185,101,16
3404,1272,-18100,-163,99,44
3444,1324,-17960,-149,97,37
3408,1428,-17868,-165,105,27
3320,1420,-17932,-167,115,8
3420,1432,-18044,-165,97,1
3376,1376,-18168,-166,93,4
3452,1308,-18076,-157,103,34
3428,1432,-17964,-157,103,8
3300,1348,-18004,-153,110,17
3484,1352,-18100,-161,103,11
3404,1352,-18068,-150,95,11
3412,1348,-17952,-135,105,-2
3388,1356,-17900,-150,84,10
3384,1452,-18036,-157,96,17
3508,1352,-18104,-169,91,5
3440,1324,-18144,-142,124,25
3372,1340,-17932,-174,116,0
3292,1444,-17988,-152,99,3
