1020,-860,-17036,-319,497,-66
1068,-812,-17088,-320,485,-76
1020,-816,-17196,-341,511,-82
1052,-776,-16972,-313,535,-82
1044,-812,-17084,-339,500,-68
1084,-844,-17168,-329,506,-73
1084,-864,-17016,-338,505,-85
1120,-808,-17028,-329,495,-72
1136,-848,-17176,-322,5168,-31
1136,-848,-17176,-322,5168,-31
1024,-860,-16932,-335,502,-88
1036,-812,-16928,-314,476,-84
1112,-800,-16968,-326,514,-82
1104,-788,-17012,-322,492,-73
1088,-1016,-17036,-328,496,-81
1052,-660,-16904,-321,493,-82
952,-820,-17044,-351,503,-80
1096,-868,-17112,-341,522,-79
1064,-840,-17000,-319,487,-71
1060,-772,-16968,-310,455,-68
1084,-816,-17144,-300,507,-54
948,-872,-16816,-327,504,-70
1072,-824,-16944,-339,511,-84
1092,-840,-17044,-313,499,-68
972,-776,-16976,-320,498,-65
1060,-804,-17120,-329,503,-95
1092,-856,-16956,-316,481,-106
956,-836,-16968,-304,489,-55
1056,-784,-16908,-323,493,-89
1052,-924,-17212,-315,498,-55
1016,-776,-17148,-318,522,-71
1036,-808,-17036,-352,491,-89
1052,-820,-17036,-288,483,-72
1048,-760,-16956,-328,523,-90
1116,-752,-16984,-350,511,-68
1012,-792,-17100,-342,522,-81
968,-752,-17084,-341,498,-79
1028,-728,-17128,-349,501,-78
1012,-796,-17008,-334,515,-86
1040,-712,-17028,-318,503,-87
1052,-824,-16892,-306,493,-78
1096,-804,-16992,-340,521,-64
1080,-824,-16924,-352,493,-98
1084,-816,-17056,-319,523,-100
1012,-828,-17100,-309,484,-81
1052,-872,-17012,-327,494,-85
1056,-832,-17028,-334,514,-78
1032,-864,-16996,-336,504,-80
1156,-812,-17004,-331,501,-97
1064,-792,-17041020,-756,-16948,-38
1064,-792,-17041020,-756,-16948,-38
1064,-792,-17041020,-756,-16948,-38
1064,-792,-17041020,-756,-16948,-38
976,-760,-16988,-312,510,-85
1040,-824,-17356,-316,514,-70
1020,-760,-17260,-325,545,-80
996,-876,-17072,-333,517,-87
980,-876,-17388,-319,515,-63
992,-864,-17500,-320,517,-76
988,-856,-17780,-311,525,-72
984,-944,-17412,-354,500,-61
1240,-952,-16164,-395,510,-108
968,-852,-17488,-323,506,-87
984,-852,-17368,-324,497,-80
932,-800,-17444,-303,494,-98
988,-928,-17288,-311,504,-88
1004,-932,-17504,-312,487,-78
984,-924,-17304,-320,484,-89
984,-856,-17100,-318,481,-81
1044,-920,-17248,-339,479,-80
1080,-808,-17056,-339,510,-102
1096,-724,-17052,-331,474,-54
1072,-812,-17084,-341,504,-67
1080,-888,-17016,-335,513,-64
1016,-852,-16992,-319,496,-74
1132,-868,-17064,-327,509,-90
1112,-896,-16852,-319,471,-79
1088,-892,-17032,-335,468,-82
1120,-824,-17224,-317,496,-93
964,-900,-17084,-305,537,-98
952,-688,-17064,-308,526,-72
1112,-836,-17024,-337,515,-104
1236,-804,-17020,-340,512,-96
1080,-892,-17012,-350,492,-99
1092,-868,-17036,-320,478,-79
1008,-772,-17124,-335,513,-93
964,-828,-16996,-309,506,-76
1104,-904,-17040,-313,483,-72
940,-876,-17004,-311,511,-75
1104,-876,-16968,-310,493,-106
1128,-804,-283,487,null,null
1084,-832,-16976,-341,507,-85
996,-892,-17200,-327,487,-90
1120,-884,-17000,-336,51,1064
1120,-884,-17000,-336,51,1064
1120,-884,-17000,-336,51,1064
1120,-884,-17000,-336,51,1064
1120,-884,-17000,-336,51,1064
1120,-884,-17000,-336,51,1064
980,-900,-16932,-307,525,-80
102812,-321,4938,-872,-16,-81
1148,-904,-16928,-322,531,-73
1100,-856,-17084,-321,512,-70
1052,-828,-17132,-319,498,-100
1192,-736,-16968,-345,532,-86
1036,-804,-17132,-325,517,-82
1048,-872,-16908,-333,508,-104
1116,-740,-17036,-339,518,-58
1080,-920,-16956,-301,479,-75
1008,-860,-17100,-313,499,-83
1120,-780,-16892,-324,523,-67
1032,-816,-17012,-327,494,-78
1108,-808,-16960,-322,498,-76
1048,-828,-17072,-364,506,-59
1244,-936,-16928,-308,511,-96
956,-852,-16960,-344,524,-69
1096,-760,-17308,-332,477,-66
1100,-860,-17064,-313,467,-90
1024,-784,-16992,-325,508,-83
1172,-856,-16960,-325,516,-71
1012,-816,-17088,-326,550,-105
1208,-972,-16492,-315,506,7016
1208,-972,-16492,-315,506,7016
1036,-784,-17012,-353,480,-87
1108,-824,-17096,-321,509,-98
1120,-836,-17136,-306,502,-85
1072,-860,-17008,-329,495,-90
1096,-812,-17040,-327,503,-65
1064,-776,-16836,-353,520,-78
1084,-800,-16968,-321,511,-85
1052,-868,-16928,-329,511,-76
1188,-856,-17136,-320,494,-74
1008,-812,-17120,-308,484,-66
1040,-844,-17008,-330,497,-69
1060,-848,-17032,-328,519,-71
964,-828,-17064,-313,521,-58
1064,-864,-16992,-328,528,-81
1036,-756,-16960,-347,499,-69
1080,-768,-16980,-339,486,-71
1128,-836,-16948,-329,510,-79
972,-808,-16932,-337,480,-90
1032,-816,-16960,-326,498,-84
1048,-884,-16956,-310,484,-90
1116,-872,-17024,-316,493,-76
1172,-816,-16972,-324,504,-71
1068,-908,-17048,-328,515,-84
1028,-860,-16948,-325,494,-101
1008,-844,-17212,-340,493,-81
1064,-864,-16776,-328,514,-83
1104,-888,-17192,-333,507,-72
1080,-860,-16948,-307,511,-700
1080,-860,-16948,-307,511,-700
1080,-860,-16948,-307,511,-700
1080,-860,-16948,-307,511,-700
1080,-860,-16948,-307,511,-700
1076,-952,-16940,-328,520,-88
964,-804,-17004,-332,518,-99
1092,-764,-17064,-315,495,-61
1064,-792,-17000,-316,492,-82
1012,-788,-17052,-338,500,-80
1084,-848,-17044,-315,495,-86
1084,-920,-17064,-315,497,-85
1100,-848,-17108,-343,473,-89
1128,-896,-16968,-332,503,-58
1092,-828,-17084,-311,505,-65
972,-888,-16992,-330,528,-82
972,-840,-16936,-329,496,-106
1036,-828,-17024,-334,509,-81
1144,-824,-17028,-314,506,-91
996,-888,-16992,-338,475,-58
1108,-708,-17168,-328,513,-89
1040,-864,-17064,-296,515,-88
1032,-896,-17012,-336,492,-81
1104,-932,-16840,-332,502,-69
1096,-824,-17004,-341,496,-88
1024,-804,-17096,-313,534,-89
1068,-736,-17084,-317,491,-75
1096,-852,-17152,-344,509,-82
984,-840,-17020,-345,513,-70
988,-824,-17112,-342,495,-69
1080,-808,-17048,-319,56,-808
1080,-808,-17048,-319,56,-808
932,-796,-16952,-334,498,-105
1080,-808,-17048,-319,56,-808
1132,-912,-17004,-341,527,-59
1040,-880,-17016,-325,518,-8107
1040,-880,-17016,-325,518,-8107
1040,-880,-17016,-325,518,-8107
1084,-796,-1743,474,-73116,-329
1084,-796,-1743,474,-73116,-329
1084,-796,-1743,474,-73116,-329
1064,-884,-17064,-361,489,-69
1000,-756,-17052,-310,502,-88
1048,-840,-16992,-326,507,-61
1060,-872,-16992,-336,515,-65
1040,-868,-17092,-333,498,-68
1076,-900,-17096,-325,507,-49
1068,-844,-16964,-341,489,-82
1048,-892,-16896,-311,500,-70
1040,-748,-17072,-325,496,-74
988,-896,-17020,-331,519,-73
1048,-780,-17060,-320,485,-65
1040,-764,-17044,-338,508,-88
1108,-796,-16904,-317,513,-77
1020,-848,-17012,-334,513,-102
1036,-904,-16852,-330,490,-60
1032,-804,-16936,-314,496,-93
1068,-856,-171,-9020,-291,483
1100,-768,-17104,-329,482,-78
1064,-824,-16860,-333,508,-69
1112,-888,-17188,-307,503,-86
1028,-816,-16900,-326,509,-101
1080,-872,-16972,-326,512,-80
1084,-712,-17024,-319,481,-69
1016,-796,-17076,-333,513,-61
980,-860,-17060,-308,513,-84
-16896,-35,-17040,-317,503,-701120
-16896,-35,-17040,-317,503,-701120
1168,-808,-16860,-328,482,-64
1112,-828,-16984,-311,495,-78
1052,-916,-16972,-336,488,-79
1148,-880,-16924,-321,483,-71
1104,-864,-17152,-339,497,-96
1100,-860,-16924,-326,509,-83
1080,-832,-17064,-305,506,-81
1104,-808,-17020,-325,510,-81
1116,-752,-16968,-332,490,-79
1064,-812,-17052,-318,495,-872
1064,-812,-17052,-318,495,-872
1064,-812,-17052,-318,495,-872
900,-884,-17024,-309,487,-79
1036,-868,-17024,-314,498,-78
1120,-796,-16952,-326,484,-91
1064,-808,-17132,-329,532,-78
1016,-784,-16916,-339,498,-97
1020,-908,-16940,-329,520,1088
1020,-908,-16940,-329,520,1088
-17084,-332,509,-69,988,-928
-17084,-332,509,-69,988,-928
-17084,-332,509,-69,988,-928
-17084,-332,509,-69,988,-928
-17084,-332,509,-69,988,-928
996,-800,-17148,-346,500,-82
1116,-768,-16988,-333,493,-58
1160,-872,-17052,-349,490,-82
996,-752,-17028,-335,515,-70
1084,-820,-17028,-319,519,-75
1092,-844,-16976,-306,506,-84
1148,-924,-17124,-320,474,-54
1020,-868,-17080,-316,478,-97
1028,-820,-16952,-313,473,-81
1048,-816,-16928,-311,487,-71
1084,-700,-16852,-330,504,-83
1132,-796,-17096,-313,476,-96
1084,-852,-17116,-333,507,-75
1016,-856,-17016,-306,502,-88
1016,-748,-17084,-312,504,-54
1016,-1016,-17008,-296,480,-60
1084,-816,-16984,-330,490,-91
1052,-736,-16872,-334,505,-75
964,-808,-16976,-311,513,-87
1084,-824,-16932,-330,494,-84
1120,-856,-16928,-331,489,-116
1116,-748,-17472,-312,508,-67
1096,-812,-17144,-325,517,-77
1100,-768,-17168,-304,521,-88
1100,-888,-16932,-316,493,-94
1068,-836,-16940,-342,504,-86
1080,-892,-17140,-320,485,-91
1008,-804,-16960,-341,500,-86
1096,-872,-16968,-335,496,-97
1104,-776,-17016,-323,505,-79
1120,-924,-17008,-322,491,-67
1104,-836,-17012,-327,492,-53
960,-880,-17004,-314,470,-78
916,-844,-17036,-328,508,-78
1076,-884,-17016,-336,541,-87
936,-940,-17016,-330,496,-75
980,-820,-17116,-318,514,-93
1084,-768,-17092,-331,481,-99
1052,-808,-16884,-334,496,-78
1100,-852,-17100,-332,502,-60
1148,-896,-16976,-302,503,-63
1052,-888,-17048,-315,501,-79
964,-740,-16916,-332,503,-60
1020,-884,-16952,-334,493,-83
1128,-0,-33864,-16981,497,-86
920,-796,-312,502,null,null
1032,-856,-16880,-342,500,-69
1104,-852,-17048,-320,503,-76
1028,-812,-17072,-318,493,-60
7008,-336,515972,-776,-17108,-331
7008,-336,515972,-776,-17108,-331
7008,-336,515972,-776,-17108,-331
1088,-876,-17120,-332,509,-36
956,-852,-17048,-316,523,-78
1112,-916,-17040,-315,508,-71
1072,-764,-16968,-321,492,-57
1072,-848,-16992,-312,507,-67
1016,-776,-17024,-326,510,-72
1008,-940,-17052,-324,513,-66
1044,-876,-16944,-326,524,-84
1068,-888,-17028,-313,502,-77
1148,-892,-16984,-308,478,-84
1084,-892,-16984,-335,512,-56
1060,-860,-17152,-306,498,-90
1152,-840,-16964,-323,5,1064
1152,-840,-16964,-323,5,1064
1152,-840,-16964,-323,5,1064
1084,-800,-17072,-317,512,-92
1084,-908,-17016,-349,533,-69
1164,-876,-17040,-344,503,-75
1176,-852,-16972,-323,495,-73
1092,-828,-17032,-314,493,-90
1008,-896,-17052,-324,492,-60
968,-752,-17140,-313,487,-76
1040,-840,-17032,-306,505,-91
1148,-792,-17088,-333,521,-100
1012,-884,-17204,-333,491,-89
968,-840,-17004,-298,504,-94
1024,-844,-17032,-331,495,-83
1076,-884,-16996,-350,511,-497
1076,-884,-16996,-350,511,-497
1004,-824,-16984,-309,116,-884
1004,-824,-16984,-309,116,-884
1004,-824,-16984,-309,116,-884
1004,-824,-16984,-309,116,-884
1004,-824,-16984,-309,116,-884
1144,-932,-16968,-317,489,-81
1020,-796,-17076,-323,506,-89
1104,-652,-16968,-302,524,-89
988,-892,-17052,-318,509,-82
1020,-864,-17004,-321,502,-69
1020,-800,-16976,-316,493,-83
1016,-748,-16976,-335,485,-75
1052,-776,-17136,-326,494,-95
1004,-844,-17008,-332,511,-99
1092,-852,-17028,-312,499,-98
1084,-924,-17080,-320,525,-89
932,-840,-17004,-323,477,-82
1072,-792,-16932,-320,493,-64
1024,-896,-17032,-327,497,-69
1076,-804,-16980,-324,519,-81
976,-792,-17064,-324,506,-76
1040,-824,-17116,-325,468,-62
1032,-876,-17136,-318,502,-78
1012,-796,-17112,-339,507,-87
1084,-852,-17052,-338,482,-83
1000,-884,-16792,-339,494,-79
1008,-900,-17048,-307,474,-78
1028,-868,-16940,-313,510,-84
1048,-884,-17044,-321,512,-79
1140,-852,-17056,-310,491,-69
964,-900,-17088,-328,492,-51
1012,-784,-16840,-306,495,-76
1036,-780,-17080,-320,504,-66
1104,-756,-16908,-343,502,-75
1004,-876,-17108,-348,500,-88
1060,-804,-16920,-342,494,-90
1036,-892,-17080,-332,512,-102
1100,-832,-17092,-317,503,-83
1176,-812,-17028,-337,518,-83
1088,-836,-17108,-328,472,-85
1028,-912,-16972,-289,492,-63
1028,-852,-17120,-336,517,-56
1096,-824,-16960,-319,505,-83
1008,-936,-16940,-330,520,-83
1000,-836,-17056,-340,502,-67
1044,-764,-17132,-331,510,-87
1072,-872,-17032,-324,508,-92
1136,-784,-17140,-334,482,-78
1068,-768,-16976,-311,513,-101
1072,-880,-17028,-317,507,-99
1080,-836,-17140,-327,490,-89
988,-840,-17056,-331,519,-78
1104,-820,-17020,-293,507,-66
1136,-928,-16864,-303,477,-96
1092,-884,-17108,-321,494,-96
976,-872,-17060,-312,506,-50
1020,-872,-16956,-305,503,-57
1116,-776,-16944,-319,494,-92
1108,-784,-17164,-302,507,-63
1036,-900,-16944,-319,512,-89
1020,-788,-17036,-292,473,-98
1128,-840,-16816,-308,508,-90
1104,-784,-17008,-317,502,-89
1152,-788,-16944,-322,523,-89
1108,-816,-17004,-325,509,-60
1076,-884,-16968,-313,505,-90
1108,-876,-16948,-305,508,-74
1108,-816,-16884,-319,490,-68
1016,-968,-17168,-315,497,-51
1112,-796,-17072,-329,498,-92
1064,-784,-16888,-306,513,-67
1020,-808,-17088,-311,500,-102
1096,-776,-16928,-336,513,-103
1072,-892,-16928,-323,487,-98
1096,-852,-17056,-324,483,-78
1052,-788,-17012,-305,496,-82
976,-924,-17016,-327,492,-94
1028,-900,-16896,-328,525,-97
1020,-792,-17100,-318,510,-79
1092,-776,-17020,-346,514,-86
992,-884,-16952,-328,487,-81
1084,-744,-17004,-332,497,-71
1076,-844,-17004,-338,522,-102
1020,-808,-16888,-321,518,-82
1076,-868,-16984,-329,500,-68
1064,-804,-16836,-310,515,-85
960,-744,-17208,-329,528,-66
1060,-804,-17100,-317,493,-75
1108,-848,-17036,-316,490,-84
1040,-880,-17032,-311,481,-86
1092,-968,-16984,-309,493,-81
1096,-844,-17040,-328,515,-71
1104,-820,-16960,-324,517,-68
1060,-844,-16900,-326,511,-79
1112,-804,-16900,-309,529,-96
1144,-740,-17016,-300,495,-88
1056,-872,-17148,-320,499,-92
948,-848,-17188,-317,521,-72
1108,-752,-17032,-331,513,-95
972,-952,-17188,-328,510,-58
1108,-816,-16980,-328,505,-80
1132,-936,-16972,-322,513,-57
992,-796,-16936,-327,491,-78
1100,-912,-17108,-349,498,-66
1144,-868,-16976,-312,513,-69
1100,-864,-16868,-313,518,-83
1060,-920,-17196,-329,509,-103
1008,-796,-17068,-341,488,-80
964,-776,-16956,-304,507,-100
1084,-892,-17044,-330,500,-57
1028,-852,-16924,-343,480,-109
1032,-804,-16948,-328,486,-97
1076,-788,-16996,-335,497,-85
1016,-860,-16972,-315,477,-92
1040,-812,-16976,-313,480,-116
1060,-888,-16908,-332,490,-96
1056,-892,-17104,-322,503,-102
992,-884,-17000,-324,499,-77
1064,-848,-1,-844,-1706988,-311
1064,-848,-1,-844,-1706988,-311
1064,-848,-1,-844,-1706988,-311
1220,-788,-16908,-292,498,-65
1160,-920,-16912,-316,526,-72
1048,-772,-16916,-314,529,-74
1104,-872,-17000,-321,481,-71
1048,-864,-17056,-331,512,-75
1040,-852,-17128,-294,538,-87
1040,-824,-16980,-326,495,-93
1020,-904,-17076,-327,509,-110
1020,-788,-17116,-307,508,-102
1072,-760,-17036,-318,489,-75
1048,-828,-17128,-318,489,-88
1052,-796,-16996,-323,510,-72
1044,-940,-17120,-326,511,-93
1024,-844,-17044,-332,492,-75
1080,-836,-17200,-328,497,-73
1024,-860,-16924,-308,499,-76
1048,-864,-17040,-308,507,-78
1108,-784,-17056,-331,502,-90
988,-804,-17056,-323,488,-72
1116,-816,-16960,-329,499,-79
1044,-788,-17056,-334,505,-80
1020,-844,-17084,-347,491,-89
1112,-816,-17064,-340,522,-79
1012,-940,-17052,-323,501,-85
1028,-940,-17076,-318,497,-84
1088,-836,-16980,-338,502,-91
1076,-848,-16880,-316,487,-90
1020,-780,-17056,-310,502,-68
1016,-844,-17000,-314,502,-83
1028,-868,-17004,-289,483,-89
1076,-816,-16928,-318,500,-73
988,-888,-17184,-316,531,-80
1044,-764,-16976,-311,502,-89
988,-916,-17004,-320,497,-58
972,-792,-17052,-300,487,-79
1152,-912,-16916,-308,496,-83
1088,-804,-16984,-317,521,-109
1124,-944,-16976,-328,537,-90
1044,-796,-16924,-336,512,-80
1072,-968,-16668,-345,476,-80
1008,-900,-17232,-325,488,-94
976,-784,-16984,-322,511,-88
1024,-904,-17052,-327,501,-65
1028,-824,-16984,-317,525,-81
1080,-824,-16996,-314,484,-90
1064,-728,-17016,-306,548,-80
1152,-744,-17060,-311,511,-74
1096,-844,-16688,-303,497,-89
1076,-896,-16932,-293,484,-79
1072,-768,-16968,-327,501,-81
1084,-852,-17000,-299,549,-93
1076,-800,-17108,-346,541,-94
1116,-804,-17072,-321,507,-82
976,-800,-16968,-305,508,-61
1096,-748,-17028,-334,490,-79
1112,-824,-16828,-337,506,-102
972,-824,-16936,-315,506,-80
1060,-816,-16920,-305,487,-87
1020,-828,-16940,-316,524,-87
1080,-768,-17120,-325,468,-92
1160,-828,-16828,-328,525,-73
1040,-864,-17016,-335,502,-95
1080,-900,-17120,-298,504,-86
924,-736,-17052,-310,518,-99
1048,-740,-17000,-314,489,-67
1056,-816,-17048,-313,502,-92
1016,-836,-17038,-780,-16932,-338
1016,-836,-17038,-780,-16932,-338
1016,-836,-17038,-780,-16932,-338
1016,-836,-17038,-780,-16932,-338
1016,-836,-17038,-780,-16932,-338
1040,-828,-16936,-325,484,-82
1036,-864,-17032,-307,523,-98
1016,-768,-17072,-313,485,-63
1064,-836,-17092,-338,488,-72
996,-700,-17020,-328,494,-81
1016,-892,-16976,-326,525,-81
16,-317,489164,-776,-17084,-318
16,-317,489164,-776,-17084,-318
16,-317,489164,-776,-17084,-318
912,-852,-17048,-303,506,-95
1072,-856,-16952,-326,494,-98
988,-700,-16852,-317,486,-90
1172,-868,-16800,-329,500,-80
1200,-720,-16976,-323,501,-82
1136,-868,-17124,-346,499,-67
1072,-848,-17004,-315,506,-95
1052,-760,-17140,-329,501,-56
1156,-868,-17036,-326,509,-78
1060,-904,-17056,-305,512,-84
1024,-836,-16844,-329,507,-94
1104,-876,-16980,-291,484,-91
1068,-832,-17216,-305,510,-64
1024,-848,-16920,-328,494,-50
1016,-880,-16972,-321,519,-49
1192,-788,-17140,-325,496,-82
1040,-832,-17120,-315,516,-91
1052,-884,-16956,-319,487,-114
1112,-932,-17096,-299,499,-60
964,-856,-17136,-296,508,-79
1020,-804,-16928,-341,494,-91
976,-820,-16952,-301,483,-54
1008,-940,-16868,-322,521,-78
1056,-812,-16976,-329,485,-76
1064,-832,-17028,-331,493,-88
1116,-852,-17072,-306,487,-92
1132,-852,-17032,-316,506,-72
1160,-820,-16980,-334,496,-64
1008,-784,-16784,-327,480,-88
1064,-848,-16928,-320,498,-73
1004,-800,-17056,-323,500,-90
1048,-756,-17060,-311,498,-95
1044,-792,-17072,-322,497,-98
1028,-744,-16948,-339,483,-79
1052,-816,-17052,-312,475,-55
1056,-784,-17056,-319,495,-88
928,-784,-17084,-344,483,-92
1168,-916,-16920,-322,522,-96
896,-796,-17176,-300,500,-79
1112,-840,-17080,-312,501,-81
1092,-808,-17252,-333,505,-79
1104,-940,-17124,-325,493,-90
1112,-856,-16988,-350,510,-83
1060,-864,-16872,-309,482,-84
1180,-900,-17092,-328,523,-93
1064,-800,-17124,-331,495,-69
1048,-936,-17084,-286,516,-84
1132,-820,-17144,-338,471,-77
1072,-892,-16948,-304,488,-80
1044,-844,-17004,-347,493,-93
1056,-832,-16948,-321,505,-87
1072,-844,-17116,-329,513,-79
996,-940,-16900,-326,503,-65
1028,-868,-17112,-331,480,-108
1088,-828,-17080,-320,488,-89
1120,-796,-16936,-322,494,-89
1080,-884,-17008,-330,485,-95
1040,-808,-17060,-314,514,-91
1156,-920,-17056,-328,480,-77
1156,-876,-16948,-294,518,-69
1040,-896,-16964,-323,490,-106
1188,-888,-16952,-317,524,-91
1116,-808,-16928,-342,498,-78
1084,-860,-17160,-332,480,-75
1004,-836,-16932,-339,526,-48
1080,-860,-17032,-321,519,-65
1080,-792,-17016,-351,496,-90
1044,-836,-17068,-318,505,-93
1028,-912,-17064,-318,507,-98
1104,-856,-17076,-323,501,-69
1004,-816,-17092,-327,473,-79
1036,-920,-17024,-324,506,-76
1048,-772,-17112,-286,517,-84
1132,-904,-16968,-335,517,-84
1108,-704,-17084,-332,519,-84
1072,-776,-17108,-316,523,-87
1000,-844,-17044,-342,490,-66
1056,-884,-16928,-361,492,-80
956,-864,-16992,-316,505,-67
1028,-852,-17176,-334,503,-104
1040,-804,-17132,-305,514,-72
1096,-768,-17016,-315,494,-85
1072,-812,-16976,-326,510,-93
1112,-888,-16960,-341,484,-89
972,-904,-16956,-329,503,-86
1104,-808,-17076,-320,492,-82
1080,-844,-17120,-322,467,-76
1044,-800,-16992,-307,515,-82
1064,-848,-16992,-322,491,-80
1028,-836,-16908,-331,510,-90
1112,-756,-16948,-317,492,-95
1088,-776,-17012,-320,473,-97
1072,-836,-16988,-315,504,-79
1084,-832,-16908,-325,478,-75
1012,-868,-16916,-322,488,-92
1136,-796,-16920,-317,508,-72
1112,-860,-17024,-329,501,-100
1076,-864,-16864,-308,492,-116
944,-756,-17044,-318,510,-90
968,-776,-17004,-317,472,-91
1000,-860,-16916,-344,501,-88
984,-756,-16860,-329,502,-71
1076,-800,-17044,-319,507,-76
992,-840,-16984,-329,487,-68
1208,-796,-17048,-320,536,-85
992,-764,-16984,-316,508,-80
1080,-864,-16940,-321,524,-70
1088,-840,-17316,-333,515,-103
1116,-804,-16908,-327,520,-91
1112,-732,-17032,-319,495,-91
1128,-944,-17072,-319,503,-82
1040,-904,-17032,-306,480,-91
1200,-760,-16932,-321,483,-83
988,-784,-16996,-305,512,-75
996,-856,-16972,-338,507,-79
1112,-808,-16976,-320,498,-92
1056,-736,-17192,-311,509868,-16976
1056,-736,-17192,-311,509868,-16976
1084,-816,-16972,-332,492,-79
1044,-792,-17048,-327,509,-108
1068,-868,-16972,-313,508,-71
1052,-864,-16988,-314,471,-78
944,-888,-16956,-303,504,-81
1032,-844,-17060,-327,527,-91
1052,-1000,-16936,-345,513,-78
1024,-752,-17152,-332,514,-80
1128,-864,-17040,-296,506,-104
1128,-864,-17040,-296,506,-104
1128,-864,-17040,-296,506,-104
1044,-892,-17004,-342,500,-90
1076,-772,-16876,-317,495,-89
1020,-816,-16856,-343,532,-81
1124,-848,-16984,-324,493,-93
1104,-852,-17024,-326,506,-55
1012,-820,-17088,-297,503,-57
1092,-820,-16956,-304,510,-63
1052,-940,-17024,-331,507,-74
1052,-788,-17104,-304,501,-77
1012,-824,-17052,-316,506,-102
1056,-720,-17056,-333,503,-87
988,-900,-17052,-329,505,-82
1048,-796,-17088,-312,520,-85
1064,-820,-17220,-319,471,-83
1072,-800,-17108,-323,523,-85
1068,-820,-16968,-334,488,-74
1048,-848,-17064,-324,486,-66
1176,-868,-17264,-310,530,-77
1008,-872,-17096,-324,512,-64
968,-908,-17144,-331,506,-67
1048,-888,-17044,-318,490,112
1048,-888,-17044,-318,490,112
1052,-780,-16988,-318,490,-75
992,-820,-17192,-325,486,-89
1044,-876,-17020,-321,507,-86
1060,-908,-17000,-325,521,-104
1064,-844,-16948,-326,470,-88
1060,-856,-17008,-335,502,-66
1156,-812,-16944,-320,499,-92
988,-920,-17152,-317,474,-73
1044,-768,-17064,-310,488,-81
1064,-756,-16968,-316,508,-86
1192,-876,-17072,-313,529,-78
1012,-876,-17000,-323,475,-70
1044,-836,-17076,-321,483,-90
1044,-860,-17156,-314,513,-94
1020,-764,-17020,-337,484,-74
1032,-760,-17028,-313,485,-51
1120,-936,-17124,-327,509,-56
1072,-824,-17052,-330,505,-67
1084,-912,-16996,-329,525,-70
1036,-776,-17108,-308,510,-90
1180,-764,-17048,-299,519,-86
1100,-852,-16936,-324,504,-87
1052,-880,-16888,-322,520,-82
964,-796,-16864,-335,483,-85
1020,-944,-17008,-334,480,-87
1044,-816,-16876,-316,510,-80
1064,-772,-17028,-311,512,-58
1136,-844,-17032,-308,485,-61
1028,-856,-17016,-305,511,-87
1080,-900,-16952,-333,501,-82
1040,-824,-17096,-340,507,-43
1084,-900,-16908,-332,486,-68
1044,-792,-16976,-328,515,-68
1036,-912,-16892,-295,482,-66
1104,-884,-17056,-303,487,-75
1012,-780,-16960,-336,477,-84
1088,-836,-17040,-336,492,-57
968,-852,-16944,-336,515,-70
1148,-844,-17156,-318,501,-61
1124,-748,-17076,-328,505,-106
1068,-728,-17000,-307,503,-79
1096,-808,-17160,-331,517,-108
1052,-824,-17008,-310,500,-61
932,-872,-16932,-324,511,-86
1080,-860,-17084,-322,489,-76
1104,-856,-17076,-312,506,-86
1044,-764,-17104,-293,471,-85
968,-824,-17040,-338,511,-84
1092,-844,-16996,-351,490,-64
1080,-800,-17040,-304,495,-67
1052,-820,-17148,-326,506,-96
1052,-812,-17036,-315,453,-101
1124,-928,-17120,-327,470,-86
1124,-792,-16884,-316,495,-92
1028,-896,-17032,-330,484,-68
1040,-884,-16876,-316,514,-80
1068,-860,-16996,-336,485,-84
1192,-800,-16988,-331,489,-64
1028,-884,-17004,-327,469,-69
1040,-872,-17036,-342,479,-75
1056,-816,-16940,-317,507,-94
1012,-804,-17064,-306,513,-92
1080,-748,-17020,-321,485,-105
960,-852,-16868,-333,522,-73
1112,-844,-17112,-330,503,-84
1148,-776,-17068,-322,484,-75
1068,-864,-16976,-328,494,-76
1136,-712,-17008,-310,489,-101
1056,-848,-16948,-304,485,-77
1068,-840,-17028,-314,488,-76
1068,-784,-17028,-304,487,-71
996,-800,-17132,-307,500,-83
904,-792,-17140,-313,480,-82
1080,-820,-17096,-335,508,-80
1100,-796,-17024,-326,492,-88
1200,-896,-17172,-347,483,-97
1164,-808,-16828,-316,491,-94
1096,-816,-16988,-333,490,-85
980,-804,-17000,-335,508,-61
1060,-816,-17040,-337,487,-63
916,-816,-16912,-320,476,-55
1076,-924,-17028,-339,504,-77
1044,-792,-17072,-336,512,-89
1064,-860,-17176,-318,507,-91
1044,-812,-17036,-315,500,-85
1032,-856,-17092,-322,507,-80
1156,-776,-16996,-323,521,-76
1032,-836,-17040,-327,480,-72
1092,-728,-17172,-315,485,-74
1084,-840,-17212,-312,504,-82
1120,-840,-17052,-312,489,-78
1068,-824,-17128,-320,492,-70
1004,-800,-17052,-317,506,-77
1016,-864,-16980,-336,514,-91
1008,-836,-17044,-336,523,-72
1024,-824,-16968,-337,484,-67
1060,-768,-16952,-355,496,-64
1064,-868,-17088,-328,475,-81
992,-880,-16972,-305,482,-50
1060,-776,-17100,-317,485,-50
1000,-900,-17176,-335,493,-89
1108,-880,-17000,-312,499,-78
1056,-856,-16956,-332,490,-101
1076,-776,-17008,-312,506,-75
1140,-848,-16936,-334,489,-87
992,-792,-16880,-315,473,-81
1092,-816,-16956,-309,492,-70
1072,-720,-17064,-317,477,-94
1084,-884,-16984,-321,491,-80
1028,-784,-17016,-315,467,-81
1000,-816,-17028,-337,495,-74
1072,-824,-16984,-314,504,-63
1064,-732,-17044,-308,499,-72
900,-748,-17144,-326,499,-86
1072,-788,-16992,-324,482,-80
1072,-784,-17116,-344,494,-63
1108,-856,-17024,-308,480,-86
1140,-856,-17080,-347,480,-85
1064,-824,-17176,-317,475,-97
1044,-872,-16832,-332,489,-71
1032,-884,-16980,-309,499,-101
1008,-824,-17340,-327,477,-73
1040,-760,-16976,-323,491,-75
1100,-904,-17012,-323,489,-98
1008,-868,-16968,-328,510,-84
1000,-824,-17168,-297,497,-80
1072,-864,-16884,-311,508,-77
1144,-880,-17120,-328,511,-91
1056,-776,-17188,-332,480,-64
1072,-744,-17048,-314,528,-81
1068,-796,-17000,-333,456,-66
1084,-708,-17040,-316,497,-89
1032,-896,-17088,-336,487,-87
988,-844,-17052,-313,501,-87
1072,-824,-17152,-319,510,-78
1040,-836,-16996,-339,500,-66
1040,-836,-17064,-320,498,-85
1052,-852,-17168,-334,469,-53
1088,-824,-17112,-326,470,-87
1104,-896,-17172,-316,504,-79
1144,-860,-17096,-337,495,-71
1064,-768,-17092,-326,500,-88
1096,-880,-17204,-325,480,-89
980,-900,-17044,-341,481,-63
1036,-840,-17112,-324,488,-97
1008,-864,-16908,-336,485,-67
1228,-820,-17052,-320,496,-66
1136,-812,-16936,-316,504,-78
1020,-812,-17028,-320,507,-79
1040,-848,-17064,-338,487,-85
1132,-764,-16968,-325,485,-63
1040,-824,-16952,-350,504,-94
1072,-832,-17004,-326,496,-87
1040,-812,-16976,-305,482,-62
1012,-808,-17024,-297,500,-79
1020,-764,-17064,-306,507,-75
1072,-784,-16948,-327,488,-74
1076,-900,-16992,-312,523,-68
1044,-920,-17112,-334,473,-76
1072,-876,-16928,-295,496,-101
1072,-804,-16996,-300,502,-71
1072,-796,-16968,-321,503,-71
988,-748,-17108,-312,512,-91
1016,-860,-16976,-332,515,-90
1188,-772,-17016,-315,540,-68
1156,-752,-17064,-303,493,-72
1100,-796,-17124,-332,471,-73
1040,-796,-16928,-345,492,-81
1124,-788,-16912,-339,506,-84
1020,-892,-17052,-317,510,-67
1088,-764,-17024,-335,496,-83
964,-888,-17236,-335,484,-75
1100,-736,-16880,-324,496,-91
1048,-904,-17072,-305,493,-80
1048,-892,-17136,-325,503,-72
1052,-816,-16972,-323,480,-94
1160,-720,-16840,-342,485,-89
1040,-812,-17024,-333,508,-70
1096,-800,-17004,-313,498,-68
1032,-864,-16856,-309,480,-65
1120,-908,-16884,-338,498,-90
1160,-860,-16940,-343,504,-75
1028,-844,-16968,-326,478,-76
1156,-912,-17020,-318,486,-85
1032,-832,-17060,-332,487,-87
1072,-812,-17072,-325,507,-63
1044,-784,-17148,-317,499,-100
1072,-772,-16992,-319,488,-86
1096,-872,-17064,-315,512,-91
1012,-804,-17000,-321,520,-83
1080,-764,-17144,-323,493,-88
1064,-908,-17000,-321,506,-74
968,-744,-17084,-312,472,-87
1140,-784,-17044,-333,492,-90
1120,-864,-16992,-313,460,-69
1016,-812,-16952,-339,501,-102
1120,-828,-17124,-328,463,-76
1016,-832,-16956,-310,492,-81
1104,-756,-17168,-324,488,-67
996,-844,-16800,-329,491,-72
1040,-940,-16944,-310,513,-91
1040,-1048,-16788,-315,526,-68
964,-916,-17184,-334,512,-67
960,-836,-17236,-320,488,-77
1096,-692,-17304,-344,500,-67
1024,-692,-17200,-323,491,-70
1052,-720,-17176,-356,487,-81
1096,-740,-17252,-337,476,-90
1072,-856,-17180,-322,486,-92
1072,-868,-17280,-347,527,-87
1116,-888,-16936,-341,478,-106
1092,-952,-17040,-336,466,-77
1044,-780,-17000,-315,509,-79
1076,-832,-17064,-332,482,-73
1000,-796,-16980,-356,471,-67
1116,-852,-16904,-320,485,-96
1108,-800,-17104,-320,498,-93
1016,-688,-17148,-336,497,-86
996,-712,-17040,-311,493,-86
1032,-904,-16964,-336,476,-90
1124,-812,-16940,-334,489,-81
1064,-936,-17064,-319,505,-47
860,-852,-17032,-318,512,-75
980,-892,-17036,-340,495,-48
1104,-756,-16952,-329,501,-75
936,-764,-17060,-306,489,-64
1004,-856,-17072,-314,489,-49
1084,-788,-17040,-308,502,-87
1072,-836,-17140,-318,489,-77
936,-904,-17124,-313,501,-81
992,-816,-17068,-332,506,-73
1068,-776,-17112,-306,538,-99
964,-784,-17128,-316,494,-103
1120,-800,-16996,-321,502,-78
988,-752,-17012,-306,503,-56
1032,-908,-16924,-318,507,-85
1032,-892,-16948,-337,509,-65
956,-788,-17084,-318,473,-60
1020,-828,-16924,-322,487,-71
1032,-760,-17016,-325,513,-99
1076,-784,-17084,-297,497,-88
1128,-820,-16996,-344,488,-102
976,-864,-17072,-325,481,-82
1092,-884,-17112,-319,500,-71
1068,-928,-17076,-326,523,-83
1112,-784,-17180,-307,486,-82
1076,-736,-16928,-328,480,-95
1012,-896,-16964,-319,471,-73
1052,-808,-16996,-314,505,-96
1160,-740,-16972,-316,502,-68
1072,-768,-16904,-312,487,-69
1084,-792,-17056,-309,505,-74
1024,-820,-17220,-335,504,-105
1012,-892,-17144,-310,480,-80
1040,-912,-17020,-311,515,-114
1104,-872,-17064,-314,501,-67
1108,-720,-17012,-305,519,-68
1032,-820,-17076,-338,477,-104
1104,-772,-17140,-325,512,-83
1112,-808,-17036,-314,495,-76
1064,-848,-17016,-334,529,-84
1060,-844,-16920,-312,496,-92
1060,-888,-16916,-300,522,-86
1056,-816,-17200,-308,491,-79
1088,-868,-16832,-332,487,-56
1084,-824,-17112,-326,487,-104
1092,-864,-17000,-331,490,-61
1100,-848,-16980,-342,501,-61
1064,-912,-17084,-348,475,-63
1076,-884,-16888,-313,495,-87
1008,-892,-16984,-316,518,-77
996,-772,-17064,-320,497,-82
1060,-820,-17080,-351,496,-90
1024,-832,-17020,-317,488,-74
1028,-872,-17064,-341,515,-91
1120,-836,-17128,-308,485,-72
1052,-800,-17100,-288,487,-75
1088,-808,-17092,-329,499,-55
1076,-932,-17036,-325,508,-91
1140,-764,-16988,-311,495,-69
1152,-896,-17044,-300,459,-77
1032,-788,-17020,-319,481,-97
996,-892,-17044,-310,523,-81
1108,-828,-17080,-324,487,-67
1124,-748,-16996,-322,492,-75
976,-840,-17064,-320,511,-95
1072,-744,-16948,-317,507,-78
1072,-796,-17088,-336,509,-84
1028,-868,-17016,-351,497,-91
1108,-848,-16968,-327,494,-88
1008,-828,-17036,-343,511,-83
1060,-952,-16960,-304,506,-84
1032,-856,-16984,-331,497,-107
972,-832,-17072,-332,489,-81
1124,-844,-17156,-341,467,-71
980,-856,-16940,-335,523,-72
980,-736,-16908,-327,498,-54
1108,-892,-17016,-330,510,-68
1048,-840,-16920,-338,494,-117
1072,-828,-16956,-326,512,-99
1064,-716,-16864,-314,480,-84
1036,-836,-16944,-326,500,-70
1008,-900,-16892,-314,493,-74
1076,-836,-17036,-324,484,-75
1084,-888,-17072,-323,493,-79
1024,-844,-16972,-312,526,-61
996,-884,-17100,-319,504,-84
980,-748,-17016,-316,496,-63
1052,-820,-17032,-334,498,-105
1100,-808,-16996,-320,504,-95
1072,-820,-17020,-322,545,-85
992,-892,-16948,-314,496,-82
1072,-872,-16972,-329,504,-54
1096,-744,-16948,-316,478,-80
1112,-824,-16944,-333,503,-71
1016,-792,-17132,-331,519,-67
1084,-836,-17172,-343,470,-84
1104,-808,-17104,-327,497,-70
1012,-864,-17104,-328,502,-89
980,-848,-16884,-322,518,-85
1104,-920,-16996,-323,478,-91
988,-820,-17004,-340,508,-96
1032,-848,-17064,-326,508,-87
1100,-924,-16960,-345,505,-92
1084,-892,-17088,-313,493,-80
1052,-824,-17016,-331,489,-86
1112,-804,-17064,-322,493,-91
1084,-800,-17044,-314,505,-67
944,-796,-17116,-319,504,-85
1024,-836,-17044,-327,498,-62
1048,-852,-17100,-328,522,-81
1080,-868,-17084,-338,493,-99
940,-776,-17176,-331,484,-84
1080,-812,-16940,-318,504,-81
968,-848,-17120,-338,512,-81
1064,-876,-17060,-321,484,-60
1116,-740,-16996,-309,476,-92
1068,-840,-16940,-342,476,-98
1024,-836,-17024,-318,461,-89
1048,-808,-16948,-302,498,-76
1024,-884,-16984,-302,507,-60
1020,-892,-17028,-310,502,-85
1120,-836,-17052,-311,508,-96
1048,-860,-17028,-319,487,-78
1116,-788,-17028,-317,477,-64
1056,-808,-16960,-307,523,-114
1004,-792,-17160,-293,523,-70
1040,-852,-16968,-307,509,-78
1116,-776,-17068,-318,482,-52
992,-892,-16988,-319,487,-60
1068,-852,-17052,-308,491,-82
1076,-844,-17200,-328,507,-63
992,-952,-17088,-336,493,-81
944,-900,-16908,-318,513,-92
1036,-920,-17040,-318,486,-92
1020,-872,-16952,-319,499,-67
952,-688,-16964,-315,491,-81
1036,-756,-17020,-313,491,-69
1020,-804,-16984,-318,500,-105
1004,-864,-16880,-331,512,-60
996,-860,-16916,-332,523,-79
1000,-788,-17020,-336,496,-85
984,-916,-17004,-325,497,-79
1008,-764,-16848,-331,487,-90
1060,-820,-17080,-323,493,-96
1092,-868,-16980,-324,478,-98
1032,-884,-17112,-342,503,-71
1020,-892,-16992,-318,475,-75
1084,-800,-17020,-316,507,-73
1024,-920,-16956,-319,499,-81
992,-728,-17080,-341,499,-60
1148,-796,-17024,-278,511,-85
1008,-784,-16928,-317,487,-87
1192,-848,-17012,-312,513,-86
1072,-896,-17112,-313,490,-92
1032,-844,-17064,-286,481,-72
1128,-840,-17132,-322,486,-89
940,-852,-17072,-331,506,-104
932,-804,-17144,-336,507,-83
984,-900,-17044,-294,506,-80
1088,-852,-17020,-325,507,-97
1028,-756,-16880,-343,506,-85
1008,-804,-16936,-293,488,-71
1072,-844,-16968,-321,495,-73
1128,-840,-17028,-316,498,-66
1104,-800,-17028,-313,487,-73
1008,-828,-17032,-324,486,-75
1120,-808,-17016,-344,506,-84
1128,-848,-17056,-325,506,-91
1076,-728,-16972,-305,506,-65
1052,-836,-17148,-318,500,-99
1024,-832,-16976,-318,513,-105
1012,-812,-16984,-284,479,-76
1032,-776,-17048,-328,536,-66
988,-820,-17052,-323,475,-80
1088,-840,-17100,-313,502,-96
976,-788,-16992,-321,497,-77
1068,-876,-17024,-314,495,-83
1128,-812,-16916,-312,487,-70
1092,-852,-16960,-347,495,-80
1100,-868,-17004,-294,501,-55
1156,-828,-16964,-331,474,-87
992,-912,-16988,-327,486,-81
1048,-804,-17028,-305,527,-107
1012,-828,-16920,-332,477,-61
944,-828,-16948,-321,518,-64
1020,-804,-16936,-331,490,-69
1116,-844,-17100,-319,493,-110
1056,-828,-16980,-327,478,-59
1016,-856,-16996,-322,489,-81
1144,-824,-17104,-333,491,-95
1072,-916,-16952,-320,468,-77
1028,-832,-17000,-324,473,-98
1068,-864,-16908,-325,498,-94
1100,-892,-17036,-354,508,-96
1016,-912,-17100,-322,474,-106
1052,-844,-17068,-307,497,-70
1048,-836,-17080,-337,488,-80
1120,-816,-16928,-310,503,-78
976,-852,-17084,-331,508,-93
1108,-800,-17108,-315,477,-77
1004,-876,-17152,-330,488,-71
996,-832,-16952,-325,494,-95
1092,-900,-17184,-316,503,-101
1084,-832,-17104,-320,487,-85
1076,-936,-17020,-329,526,-89
1000,-768,-17044,-326,511,-76
1072,-832,-17120,-324,489,-75
1052,-768,-16820,-337,470,-74
1044,-772,-17144,-302,513,-96
1060,-840,-17092,-313,480,-85
876,-888,-17136,-322,496,-95
1120,-784,-16972,-313,488,-80
1096,-856,-16956,-323,495,-83
1100,-852,-17092,-308,510,-72
868,-924,-17048,-348,490,-80
952,-808,-17128,-340,487,-73
1040,-804,-16988,-317,500,-72
1104,-816,-17104,-325,509,-93
1016,-948,-17032,-313,514,-76
1104,-816,-16924,-285,479,-45
1120,-872,-17044,-327,506,-89
1132,-772,-17068,-324,507,-68
988,-776,-16996,-324,480,-77
1048,-900,-16932,-347,502,-75
1056,-816,-16976,-306,494,-59
1040,-876,-17232,-325,496,-61
980,-868,-16976,-312,485,-71
1104,-868,-16904,-327,510,-90
1116,-812,-17112,-306,487,-72
1052,-884,-16948,-317,510,-73
1072,-896,-17116,-318,473,-70
1028,-840,-17108,-329,489,-65
1132,-836,-16896,-310,491,-96
980,-900,-17076,-316,491,-75
1012,-744,-16924,-310,497,-86
1084,-900,-17096,-311,514,-75
1052,-752,-17064,-329,521,-69
1048,-768,-17060,-321,503,-76
976,-760,-17092,-330,488,-95
1144,-776,-17004,-314,499,-86
1048,-748,-17076,-341,464,-94
1044,-868,-17064,-353,506,-105
984,-792,-17000,-339,504,-81
1164,-804,-17008,-325,497,-102
1044,-864,-17020,-331,486,-81
1100,-864,-16992,-337,497,-69
1132,-768,-17100,-326,505,-89
1028,-784,-17044,-319,510,-68
1044,-836,-17064,-319,497,-52
1024,-776,-16960,-332,483,-78
1028,-788,-17012,-319,494,-84
992,-736,-17052,-316,488,-98
1136,-856,-17168,-327,512,-86
1032,-832,-16956,-328,496,-97
940,-812,-17040,-352,509,-69
1064,-868,-17024,-321,518,-63
1068,-852,-17004,-319,503,-82
1148,-924,-17008,-303,485,-95
1136,-788,-16996,-314,517,-90
1084,-864,-17024,-315,479,-75
972,-768,-17236,-329,473,-83
1048,-756,-17016,-310,500,-78
1084,-908,-16996,-325,527,-64
1028,-840,-16976,-320,495,-72
1008,-836,-16988,-329,464,-78
1084,-820,-16936,-293,489,-71
1100,-844,-17052,-345,503,-73
1068,-860,-17000,-335,496,-103
1132,-680,-16876,-338,493,-96
1060,-968,-16968,-332,505,-64
1072,-820,-16912,-301,488,-81
1104,-800,-16948,-302,480,-78
1012,-776,-17084,-318,492,-85
1072,-912,-17012,-340,520,-71
1016,-752,-17092,-307,494,-97
1124,-844,-17064,-330,505,-71
1060,-776,-17012,-331,498,-87
1076,-796,-17028,-310,481,-81
1020,-856,-17020,-335,507,-76
1096,-812,-17072,-336,488,-77
1152,-772,-17148,-293,507,-103
1072,-800,-17000,-300,465,-66
1088,-824,-17112,-308,487,-78
1168,-872,-17128,-299,483,-87
1096,-760,-17040,-304,511,-71
1064,-884,-17092,-315,515,-79
1036,-760,-17112,-324,506,-55
1100,-728,-16908,-328,511,-78
1140,-744,-17028,-314,465,-71
1056,-888,-17036,-317,492,-73
1036,-884,-17016,-310,500,-64
1068,-908,-17108,-311,493,-61
852,-872,-17360,-325,511,-78
1020,-804,-16904,-303,489,-87
928,-912,-17024,-324,490,-80
1076,-924,-17036,-311,485,-85
1048,-728,-16928,-309,492,-101
1104,-828,-17080,-336,480,-82
1032,-912,-17092,-308,504,-81
976,-920,-16976,-329,507,-77
1136,-772,-16972,-319,504,-68
1188,-844,-16944,-330,481,-73
1020,-812,-17188,-322,499,-97
1024,-748,-17092,-327,510,-94
964,-868,-16844,-318,512,-77
1032,-924,-16956,-322,501,-67
1000,-812,-17052,-317,490,-74
1052,-916,-16956,-306,512,-101
1068,-752,-17060,-314,494,-77
1116,-804,-16960,-346,492,-109
1076,-868,-17068,-322,491,-83
1024,-832,-17004,-344,475,-78
1028,-816,-16992,-330,495,-84
1020,-848,-17016,-300,514,-68
1052,-848,-17160,-297,511,-74
1028,-880,-16992,-314,504,-95
1116,-920,-17052,-329,518,-82
1080,-896,-17052,-325,479,-66
1040,-820,-17096,-308,505,-89
988,-872,-17060,-332,480,-73
972,-872,-17196,-316,484,-70
1124,-796,-17056,-316,518,-57
1008,-740,-16952,-319,498,-96
1104,-776,-16996,-337,532,-61
1088,-868,-17084,-335,480,-87
1044,-868,-16900,-342,506,-79
1088,-812,-17024,-344,488,-82
1040,-812,-16968,-320,475,-92
1012,-820,-17148,-310,507,-79
1072,-760,-17124,-324,511,-89
1080,-848,-16996,-315,491,-78
992,-804,-16920,-316,487,-88
1024,-852,-16920,-320,500,-98
1120,-736,-17092,-326,509,-102
1128,-856,-16948,-317,523,-73
1024,-812,-17032,-325,489,-65
1032,-864,-17096,-310,498,-82
1060,-900,-17072,-341,455,-101
1124,-816,-16920,-333,483,-77
1020,-804,-16988,-319,478,-79
980,-784,-16904,-307,481,-71
1040,-868,-17044,-314,480,-95
972,-800,-17072,-330,500,-84
1116,-880,-17104,-301,506,-84
1092,-788,-16916,-313,508,-82
1004,-800,-17056,-331,485,-99
1172,-844,-17208,-303,518,-83
1060,-780,-16952,-322,483,-84
1064,-776,-17096,-321,508,-114
1076,-772,-17036,-330,508,-57
1128,-932,-17072,-328,472,-82
1040,-788,-17068,-303,508,-80
1016,-892,-17084,-331,505,-80
1072,-740,-16936,-308,490,-84
952,-828,-16812,-333,468,-93
1056,-884,-16944,-346,518,-84
1100,-876,-16964,-332,510,-56
1084,-832,-17080,-318,497,-78
976,-820,-17096,-321,477,-100
1068,-816,-17020,-312,526,-68
1020,-812,-17100,-327,461,-78
1084,-828,-17116,-349,541,-86
1060,-772,-17080,-328,495,-63
1064,-688,-17008,-327,522,-67
992,-820,-16984,-322,498,-92
1044,-740,-17064,-337,468,-61
1132,-872,-17080,-330,485,-101
1080,-752,-16908,-304,500,-59
1068,-828,-16932,-306,501,-91
996,-868,-17052,-275,507,-81
1192,-756,-17072,-322,513,-73
956,-812,-17080,-312,513,-61
996,-912,-17068,-350,497,-89
1040,-816,-17016,-313,503,-70
1048,-796,-17172,-317,488,-76
1048,-864,-16984,-332,476,-86
956,-800,-17044,-321,58,-1702
956,-800,-17044,-321,58,-1702
1116,-908,-17012,-309,511,-89
1012,-800,-16996,-331,487,-59
1148,-800,-17268,-329,498,-65
1104,-900,-17140,-324,491,-68
1116,-924,-16992,-308,475,-96
996,-780,-17064,-347,513,-87
1048,-880,-17056,-314,498,-72
1088,-856,-16972,-320,500,-81
988,-952,-17084,-330,474,-78
1088,-804,-17012,-301,521,-75
1140,-876,-17016,-321,508,-82
1080,-884,-17036,-301,486,-79
1004,-880,-17080,-323,506,-70
1052,-876,-17100,-318,494,-93
1072,-824,-16976,-316,488,-88
1112,-816,-17068,-331,509,-70
1036,-780,-17160,-310,474,-102
1028,-844,-17180,-341,520,-92
1068,-888,-17072,-333,504,-80
1116,-892,-17008,-325,517,-80
1024,-844,-16940,-311,504,-89
1056,-764,-17104,-322,490,-74
944,-876,-16996,-331,502,-75
1020,-880,-17012,-313,504,-92
1116,-664,-17092,-303,491,-64
1000,-844,-16892,-313,488,-84
1144,-800,-16964,-341,503,-80
1112,-812,-17060,-330,483,-55
1064,-916,-17012,-303,474,-82
1084,-848,-16996,-337,494,-59
1076,-868,-16968,-308,516,-107
1072,-932,-17108,-310,497,-83
1096,-860,-16888,-310,520,-71
1100,-872,-17020,-341,504,-107
1032,-940,-17036,-314,488,-87
1112,-768,-17160,-334,502,-87
1064,-788,-17036,-307,488,-100
1140,-900,-17032,-333,483,-80
1040,-784,-16952,-343,477,-86
996,-868,-16948,-318,472,-72
1028,-868,-16984,-326,470,-71
1088,-784,-17052,-339,500,-99
968,-776,-17064,-314,488,-68
1036,-900,-17024,-323,483,-75
1148,-848,-16964,-328,468,-60
1068,-740,-16996,-349,447,-87
1168,-888,-17040,-312,506,-74
1004,-736,-16996,-300,477,-79
1224,-808,-17032,-337,496,-60
1064,-788,-17016,-316,503,-69
1132,-856,-17096,-341,494,-61
1056,-740,-17064,-322,513,-81
1076,-760,-16928,-296,526,-104
1156,-924,-16988,-358,501,-96
972,-828,-16952,-310,495,-85
976,-816,-17108,-336,501,-71
1012,-876,-16984,-343,489,-94
1032,-804,-16904,-325,517,-84
1112,-780,-16992,-312,504,-77
988,-864,-16992,-321,502,-88
1072,-856,-17024,-302,488,-77
1056,-772,-17064,-310,475,-74
1052,-896,-16984,-325,484,-109
1020,-844,-16984,-344,493,-64
1052,-776,-17056,-317,516,-73
1064,-728,-16920,-340,465,-80
1044,-840,-16980,-318,494,-74
1088,-820,-17056,-299,518,-77
1044,-820,-17028,-322,489,-86
1172,-928,-16980,-323,486,-88
1156,-920,-17052,-321,506,-89
984,-860,-17100,-312,481,-75
1088,-852,-17160,-322,488,-79
1032,-780,-17060,-319,473,-62
1052,-784,-16856,-338,531,-68
1016,-888,-16960,-315,481,-89
976,-724,-17100,-332,506,-87
976,-820,-16848,-332,494,-89
1008,-832,-16932,-332,476,-81
1048,-936,-16844,-327,509,-88
1120,-788,-17016,-342,509,-104
1076,-876,-16880,-313,475,-82
1116,-896,-16972,-331,510,-65
1024,-840,-16976,-339,500,-86
1016,-756,-16892,-316,493,-92
1084,-820,-16952,-309,505,-87
1008,-828,-17052,-310,479,-60
980,-872,-16972,-330,498,-59
1056,-844,-17064,-335,520,-73
1116,-900,-16936,-328,500,-84
1112,-876,-17064,-316,474,-90
1020,-776,-17108,-319,472,-99
1116,-856,-17032,-337,510,-64
1028,-768,-17024,-322,481,-78
1112,-788,-17040,-338,497,-69
1064,-828,-17096,-311,516,-92
1068,-768,-17020,-313,489,-75
1052,-808,-17148,-329,503,-81
1020,-836,-16940,-311,473,-85
988,-896,-17044,-302,506,-93
1048,-784,-16956,-327,503,-83
1016,-844,-17004,-335,482,-87
1100,-748,-17192,-328,491,-80
1060,-836,-17024,-338,500,-91
1088,-852,-17004,-344,495,-99
988,-776,-16828,-310,488,-74
1072,-800,-17048,-320,483,-98
1020,-872,-17004,-308,496,-112
1052,-736,-17060,-308,461,-53
1028,-756,-16940,-322,476,-78
976,-912,-17024,-330,485,-87
1136,-820,-17092,-320,498,-65
1104,-864,-16944,-308,489,-74
1020,-752,-17020,-327,517,-93
1004,-848,-17120,-322,485,-77
1056,-836,-17084,-322,483,-68
968,-780,-17028,-307,464,-63
1108,-832,-16876,-322,482,-58
996,-852,-17132,-326,484,-73
1016,-868,-16952,-329,483,-77
1064,-872,-17032,-348,493,-83
996,-788,-17040,-319,487,-104
1092,-736,-16932,-309,496,-78
1152,-872,-17012,-319,496,-85
1056,-848,-17008,-314,493,-101
1108,-840,-17028,-281,482,-90
1112,-904,-17008,-320,491,-69
888,-808,-16984,-301,509,-73
1052,-892,-16940,-329,518,-70
1084,-776,-16944,-327,506,-78
1104,-840,-16936,-328,492,-97
1064,-728,-17144,-332,491,-88
1056,-836,-17072,-308,477,-75
1048,-852,-16880,-327,499,-96
1020,-836,-17184,-327,494,-81
1028,-744,-16960,-334,496,-70
1040,-792,-17104,-305,498,-85
1020,-888,-16968,-345,496,-102
1116,-852,-16996,-317,493,-81
1144,-780,-17012,-321,491,-67
1032,-836,-17092,-321,495,-81
1060,-784,-17016,-319,498,-88
1056,-812,-17020,-314,510,-76
1048,-700,-17060,-351,486,-80
968,-796,-16852,-319,492,-82
964,-844,-17144,-304,491,-77
1072,-764,-17060,-321,503,-77
1048,-896,-17084,-331,512,-78
1052,-868,-16996,-314,502,-81
1112,-784,-17120,-334,487,-62
1084,-904,-16936,-322,494,-86
1076,-840,-16936,-326,496,-91
1112,-900,-17084,-309,494,-119
1060,-872,-17016,-294,491,-100
1208,-940,-16912,-329,485,-66
988,-820,-17112,-312,488,-83
996,-788,-17088,-303,483,-81
1100,-836,-17012,-293,461,-88
980,-816,-17024,-311,469,-88
1020,-868,-17024,-331,497,-64
1116,-844,-17072,-322,490,-76
1188,-892,-16928,-327,481,-90
964,-752,-17056,-345,493,-96
1024,-800,-17160,-325,506,-78
1052,-912,-16968,-323,492,-78
1052,-796,-16956,-318,479,-81
1112,-796,-17208,-320,491,-70
984,-852,-16916,-310,472,-91
1120,-788,-17120,-324,470,-74
1004,-824,-17096,-288,493,-72
1020,-816,-16992,-324,504,-85
1088,-780,-17124,-355,509,-86
1108,-784,-16800,-323,488,-97
1008,-816,-17044,-301,482,-86
1112,-876,-16984,-323,506,-76
1052,-812,-17052,-323,491,-90
988,-852,-16952,-313,477,-78
1024,-820,-17064,-304,506,-98
1056,-816,-16956,-329,527,-86
1108,-836,-16832,-317,458,-89
1152,-864,-16940,-337,522,-79
988,-908,-17016,-324,492,-81
1064,-880,-17100,-312,509,-91
1028,-832,-17048,-296,539,-63
1080,-808,-16832,-306,480,-69
1004,-788,-17048,-284,513,-88
1028,-800,-17076,-313,472,-65
1024,-840,-16940,-334,506,-87
1116,-812,-17120,-314,491,-87
1068,-772,-16960,-352,489,-76
1008,-920,-17164,-316,508,-67
1028,-800,-16928,-337,488,-91
1096,-844,-17092,-321,488,-87
1068,-804,-17100,-334,492,-82
976,-856,-17040,-322,505,-66
1020,-768,-17036,-324,486,-107
984,-864,-16988,-331,493,-83
1048,-832,-17052,-328,500,-79
1120,-776,-16996,-322,467,-67
1092,-860,-17100,-332,516,-93
1072,-776,-16984,-322,477,-91
1056,-924,-17148,-333,480,-87
992,-828,-17060,-331,511,-78
1056,-812,-17148,-306,473,-110
1016,-848,-17004,-322,489,-62
1096,-796,-17088,-330,526,-91
1140,-880,-16964,-349,496,-55
1040,-796,-16868,-317,505,-78
1088,-784,-17000,-310,498,-95
1152,-824,-17032,-352,483,-100
1104,-804,-16944,-330,474,-87
988,-820,-17072,-319,504,-94
1032,-820,-16972,-333,511,-99
976,-804,-16980,-338,504,-78
1000,-780,-16972,-328,507,-63
1056,-808,-16892,-324,480,-68
1036,-764,-17144,-340,489,-86
1068,-828,-17012,-331,506,-84
1096,-872,-17060,-363,507,-87
1048,-776,-17068,-319,470,-60
1076,-812,-17036,-329,500,-66
1096,-864,-16968,-327,450,-74
1092,-824,-17208,-324,492,-85
1164,-788,-17008,-314,501,-96
1068,-872,-16948,-321,477,-91
1032,-808,-17036,-340,499,-56
1136,-772,-17116,-308,502,-95
960,-956,-16892,-321,492,-107
1028,-888,-16908,-340,488,-117
1040,-904,-16996,-318,493,-74
984,-904,-17136,-321,490,-95
1032,-808,-17016,-322,487,-83
1036,-868,-16968,-319,500,-76
1112,-828,-17036,-319,492,-72
1184,-780,-16972,-315,472,-74
1048,-896,-17016,-317,469,-87
1088,-808,-17044,-313,501,-68
1012,-908,-17012,-333,484,-66
976,-776,-17020,-320,486,-77
1040,-836,-16856,-336,513,-76
984,-848,-17148,-340,503,-98
1056,-840,-17208,-337,494,-73
1056,-872,-17120,-311,485,-78
1120,-708,-17180,-320,483,-92
1008,-896,-16956,-334,474,-76
1076,-820,-16988,-307,473,-66
1196,-936,-17072,-317,495,-92
972,-752,-17112,-333,498,-79
1072,-972,-17072,-318,495,-79
1128,-816,-16896,-334,518,-68
1004,-836,-17052,-331,500,-88
1108,-784,-17092,-305,511,-71
1084,-860,-17048,-316,467,-100
1076,-792,-17116,-323,495,-84
1120,-832,-17152,-333,511,-63
1056,-820,-16972,-322,489,-80
1024,-872,-16848,-311,512,-81
1056,-912,-17120,-326,477,-74
1044,-816,-16992,-324,492,-77
1096,-824,-16936,-310,513,-61
1068,-852,-16984,-323,480,-88
1020,-912,-17132,-344,487,-117
1116,-832,-16964,-304,471,-91
1084,-808,-17072,-308,488,-81
1096,-904,-17140,-302,486,-82
1052,-844,-17116,-347,488,-69
1100,-836,-16868,-354,495,-70
1040,-908,-17100,-325,490,-87
992,-844,-16996,-344,484,-85
964,-836,-17112,-315,495,-85
1044,-864,-17040,-316,490,-89
976,-820,-17188,-314,496,-101
1028,-732,-17072,-285,506,-70
1144,-856,-16932,-320,470,-91
1028,-824,-16908,-312,497,-92
996,-800,-16928,-312,495,-90
1168,-852,-16860,-333,496,-99
1060,-816,-16904,-311,511,-80
1016,-800,-17104,-306,518,-78
1076,-796,-16956,-331,509,-83
1076,-796,-16956,-331,509,-83
1076,-796,-16956,-331,509,-83
1028,-836,-17064,-316,512,-66
916,-896,-17044,-331,517,-64
1124,-964,-17100,-319,527,-74
924,-872,-17132,-332,489,-81
1128,-960,-16888,-343,484,-75
996,-816,-17148,-331,479,-92
1088,-752,-16916,-309,498,-89
1020,-792,-16964,-345,473,-82
1028,-812,-16880,-315,504,-80
932,-844,-16924,-327,489,-73
1120,-800,-17152,-314,499,-74
1040,-804,-17036,-323,508,-89
1032,-836,-16996,-313,483,-98
1004,-888,-17044,-306,476,-80
1092,-860,-16992,-328,480,-90
992,-868,-17000,-323,519,-90
1104,-868,-17104,-353,454,-86
1004,-776,-16932,-307,498,-92
896,-868,-17068,-344,506,-86
1092,-800,-17000,-294,482,-105
1048,-764,-16996,-322,494,-69
1048,-892,-17052,-318,494,-62
1104,-892,-16992,-320,477,-111
1036,-872,-17212,-329,481,-81
1096,-852,-16996,-327,500,-72
1040,-792,-17084,-317,493,-68
976,-892,-17152,-309,518,-80
1028,-900,-17144,-331,503,-95
1024,-812,-16968,-310,484,-89
1016,-912,-16920,-320,491,-78
1020,-836,-17084,-321,512,-56
