0.00
0.00
0.00
0.00
0.00
4.66
4.66
9.56
9.56
17.29
17.29
43.98
59.47
44.00
57.57
67.67
44.30
62.16
62.16
0.00
5.74
13.75
24.85
24.85
47.01
69.46
77.70
74.47
76.39
77.12
75.63
77.53
75.65
76.23
77.42
76.94
74.80
75.14
76.67
77.90
77.13
76.65
77.95
75.81
77.48
75.06
75.94
0.00
0.00
0.00
0.00
0.00
0.00
0.00
0.00
0.00
0.00
0.00
0.00
0.00
0.00
0.00
0.00
0.00
0.00
0.00
0.00
0.00
0.00
0.00
0.00
0.00
0.00
0.00
0.00
0.00
0.00
0.00
0.00
0.00
0.00
0.00
0.00
0.00
0.00
0.00
0.00
0.00
0.00
0.00
0.00
0.00
0.00
0.00
0.00
0.00
0.00
0.00
0.00
0.00
0.00
0.00
0.00
0.00
0.00
0.00
0.00
0.00
0.00
0.00
0.00
0.00
0.00
0.00
0.00
0.00
0.00
0.00
0.00
0.00
0.00
0.00
0.00
0.00
0.00
0.00
0.00
0.00
0.00
0.00
0.00
0.00
0.00
0.00
0.00
0.00
0.00
0.00
0.00
0.00
0.00
0.00
0.00
0.00
0.00
0.00
0.00
0.00
0.00
0.00
0.00
0.00
0.00
0.00
0.00
0.64
0.64
0.00
0.00
0.00
0.00
0.00
0.00
0.00
0.00
0.00
0.00
0.00
0.00
0.00
0.00
0.00
0.00
0.00
0.00
0.00
0.00
4.49
4.49
0.00
0.00
0.00
20.74
20.74
0.00
0.00
0.00
0.00
0.00
30.29
111.41
111.41
0.00
74.53
86.92
93.70
84.35
84.66
81.07
81.54
82.07
80.81
78.17
77.18
77.50
48.26
48.26
40.99
56.15
64.46
70.22
73.28
73.28
47.08
68.54
0.00
0.00
0.00
31.13
47.58
47.58
35.24
35.24
0.00
41.96
55.12
40.69
40.69
0.00
57.66
66.19
90.80
66.20
73.72
74.82
74.59
73.66
73.58
0.00
0.00
0.00
0.00
5.30
5.30
0.00
0.00
0.00
0.00
0.00
0.00
0.00
0.00
0.00
0.00
0.00
0.00
0.00
0.00
0.00
0.00
0.00
0.00
0.00
0.00
