51.88
51.52
51.99
72.66
47.97
55.75
55.75
39.22
50.51
54.03
56.26
56.15
54.07
56.99
58.24
56.89
56.40
64.13
66.90
64.65
62.47
55.24
50.73
50.73
49.40
49.41
49.18
49.59
49.59
49.22
34.91
46.75
46.75
49.37
51.38
53.78
57.54
58.10
58.33
57.31
59.53
57.37
54.22
52.12
52.12
51.03
51.79
59.23
59.23
43.37
43.37
35.46
45.02
52.54
55.95
58.55
61.68
61.68
38.28
50.71
11.99
22.69
35.17
45.99
54.98
56.64
53.64
55.41
51.66
50.29
50.29
50.32
50.05
50.25
50.86
50.86
48.14
48.12
49.97
49.40
59.85
63.56
63.56
0.00
0.00
0.00
0.00
17.04
27.99
37.21
43.27
43.27
52.22
49.33
40.93
40.93
0.00
0.00
0.00
0.00
0.00
0.00
12.57
12.57
0.00
0.00
31.14
31.14
70.02
108.19
108.19
0.00
0.00
0.00
0.00
0.00
0.00
0.00
0.00
0.00
0.00
0.00
0.00
6.85
6.85
0.00
0.00
0.00
0.00
0.00
14.55
14.55
0.00
36.25
36.25
0.00
0.00
0.00
0.00
0.00
0.00
0.00
0.00
0.00
0.00
0.00
0.00
0.00
0.00
0.00
0.00
13.34
57.25
114.20
114.20
41.25
54.30
62.16
67.50
65.33
66.39
63.55
58.47
54.91
54.60
53.80
53.84
57.60
62.52
65.67
66.53
70.14
68.81
59.37
59.22
62.83
62.63
65.72
67.54
69.38
