-11588,-336,-13012,-183,114,-7
-11612,-272,-12912,-152,78,16
-11684,-216,-13044,-162,109,39
-11728,-208,-12952,-162,85,21
-11724,-188,-12948,-152,76,2
-11668,-88,-13056,-150,70,-10
-11724,-280,-12980,-153,125,15
-11660,-228,-12920,-170,124,17
-11676,-220,-13072,-159,95,10
-11632,-284,-13100,-179,103,-8
-11708,-236,-12888,-153,78,29
-11696,-236,-13108,-170,91,14
-11652,-244,-13036,-146,78,3
-11648,-300,-12940,-176,73,39
-11636,-164,-12904,-129,130,42
-11644,-288,-13024,-171,74,-5
-11640,-292,-12912,-152,89,23
-11712,-276,-13032,-157,72,35
-11680,-208,-13136,-156,87,5
-11688,-256,-13000,-164,111,13
-11652,-220,-13068,-163,128,20
-11604,-144,-13064,-172,86,6
-11640,-252,-13052,-161,120,28
-11712,-252,-13048,-179,100,17
-11636,-236,-13088,-162,87,17
-11616,-220,-13044,-150,124,13
-11704,-180,-12988,-169,88,23
-11664,-292,-13044,-158,89,20
-11576,-280,-13060,-184,106,15
-11660,-120,-13032,-174,86,13
-11664,-180,-13008,-144,83,22
-11624,-260,-13100,-160,45,22
-11660,-296,-12976,-169,110,15
-11616,-268,-13028,-165,92,11
-11692,-268,-12944,-160,95,15
-11696,-252,-13028,-163,86,3
-11688,-160,-12976,-170,81,34
-11616,-88,-13116,-159,102,16
-11724,-268,-13048,-184,90,38
-11592,-248,-13056,-162,101,11
-11676,-312,-13008,-171,114,33
-11652,-232,-12844,-159,69,26
-11600,-240,-13116,-136,112,7
-11628,-172,-12984,-148,82,3
-11624,-224,-12912,-149,87,16
-11628,-224,-13064,-162,105,13
-11684,-208,-13008,-169,116,21
-11548,-152,-12992,-170,118,18
-11716,-328,-13080,-176,129,23
-11604,-256,-13040,-161,83,5
-11680,-268,-13096,-122,74,27
-11732,-160,-13172,-181,73,16
-11748,-200,-12928,-156,127,11
-11740,-180,-13012,-179,115,9
-11708,-300,-12852,-162,97,21
-11660,-268,-12928,-161,83,29
-11752,-268,-13128,-154,102,25
-11648,-288,-12880,-174,92,30
-11708,-340,-12968,-171,78,36
-11656,-192,-13056,-161,114,-3
-11588,-216,-13068,-167,132,-2
-11632,-296,-13012,-148,81,1
-11744,-232,-13008,-175,98,0
-11644,-284,-13068,-168,94,-8
-11696,-208,-13176,-160,63,4
-11764,-256,-13036,-164,100,20
-11672,-204,-13000,-169,111,29
-11652,-200,-13044,-168,116,5
-11664,-228,-13108,-148,76,29
-11640,-116,-13060,-172,92,11
-11748,-240,-12992,-143,61,19
-11700,-336,-13048,-161,94,-12
-11736,-344,-12980,-164,117,23
-11720,-272,-12984,-154,106,10
-11632,-160,-13208,-154,131,6
-11604,-236,-13132,-162,135,4
-11540,-212,-13064,-167,67,20
-11724,-308,-13060,-168,93,43
-11720,-232,-12904,-158,95,12
-11716,-192,-13020,-158,120,14
-11592,-128,-13104,-160,129,-3
-11684,-172,-13040,-176,108,9
-11624,-160,-13024,-141,97,6
-11708,-212,-13164,-175,131,-14
-11784,-200,-13136,-176,73,12
-11692,-176,-13128,-155,84,-5
-11764,-220,-13100,-134,106,-5
-11672,-212,-13048,-158,103,13
-11680,-252,-12916,-135,108,10
-11520,-216,-13168,-138,146,0
-11700,-304,-12972,-173,107,-9
-11656,-204,-13008,-178,90,37
-11712,-232,-13008,-175,87,7
-1113116,-139668,-184,-,90,20
-11612,-244,-13008,-182,107,-11
-11644,-296,-13004,-168,133,-4
-11612,-216,-13060,-150,93,10
-11664,-200,-13024,-148,104,36
-11564,-320,-13060,-162,106,6
-11716,-216,-13120,-172,105,8
-11716,-280,-13056,-159,123,12
-11676,-136,-13016,-159,112,11
-11744,-132,-12920,-166,99,14
-11640,-236,-13100,-171,102,22
-11616,-288,-12976,-170,102,-9
-11764,-276,-13064,-151,93,6
-11680,-184,-12988,-165,56,11
-11688,-212,-13064,-164,72,7
-11676,-96,-13168,-168,122,8
-11668,-248,-13336,-128,121,16
-11728,-180,-13032,-174,121,31
-11656,-284,-13104,-144,125,6
-11748,-224,-13144,-144,88,14
-11796,-296,-13072,-151,35,23
-11668,-240,-13048,-175,94,-1
-11620,-212,-13024,-149,118,16
-11660,-288,-13052,-139,113,5
-11652,-304,-13028,-171,91,-6
-11724,-252,-13032,-133,93,7
-11672,-240,-12992,-164,81,17
-11728,-200,-13176,-154,95,7
-11668,-240,-13000,-149,102,17
-11652,-284,-13128,-146,112,18
-11696,-240,-13128,-154,92,23
-11680,-216,-12948,-150,83,33
-11656,-208,-12928,-182,58,-3
-11688,-128,-13068,-173,94,-9
-11676,-236,-13188,-170,104,32
-11680,-284,-13080,-190,96,-17
-11780,-212,-13096,-167,123,10
-11644,-324,-13152,-162,108,15
-11648,-272,-12908,-157,102,10
-11740,-264,-13156,-141,71,14
-11572,-208,-13108,-173,88,23
-11624,-208,-13008,-173,128,8
-11728,-116,-13060,-166,113,27
-11576,-220,-13192,-138,117,3
-11640,-248,-12952,-162,112,-8
-11616,-172,-13016,-168,99,5
-11740,-240,-13020,-175,111,44
-11676,-236,-13004,-160,95,25
-11700,-232,-12932,-163,95,11
-11584,-264,-13076,-172,107,21
-11632,-268,-13044,-156,127,12
-11620,-356,-13036,-164,119,26
-11680,-248,-12860,-148,104,24
-11580,-292,-13076,-157,95,-11
-11696,-236,-12960,-160,31,11
-11652,-316,-13008,-173,96,2
-11600,-128,-13004,-158,99,4
-11684,-256,-12968,-166,118,-19
-11596,-344,-13060,-158,93,0
-11624,-256,-13048,-159,75,24
-11644,-240,-13024,-159,99,1
-11684,-240,-13096,-159,114,14
-11708,-252,-13160,-167,73,-8
-11684,-212,-13104,-169,116,36
-11620,-240,-12976,-141,104,13
-11740,-296,-13056,-133,113,19
-11648,-168,-13008,-187,97,-9
-11712,-180,-12980,-150,84,19
-11680,-160,-13036,-163,68,5
-11604,-168,-13040,-178,107,27
-11720,-220,-12972,-175,134,28
-11624,-288,-13088,-164,18,23
-11616,-260,-12912,-162,131,14
-11672,-300,-13096,-161,111,11
-11648,-308,-13092,-154,93,28
-11660,-180,-13064,-156,104,12
-11732,-216,-13016,-164,118,25
-11652,-200,-12928,-159,142,9
-11652,-312,-12968,-166,102,11
-11728,-244,-13148,-147,104,9
-11716,-224,-13120,-174,96,13
-11692,-220,-12920,-174,73,38
-11804,-300,-13024,-154,86,17
-11640,-188,-13128,-149,146,-7
-11604,-228,-12896,-187,140,-13
-11684,-176,-12872,-163,126,13
-11660,-252,-13068,-174,93,19
-11708,-252,-13076,-138,91,12
-11692,-176,-13084,-152,76,13
-11700,-192,-13044,-148,97,43
-11652,-192,-13208,-167,111,24
-11644,-196,-12860,-145,75,12
-11620,-300,-12932,-185,118,33
-11724,-268,-13088,-175,38,6
-11616,-260,-13100,-161,108,19
-11600,-72,-13024,-134,83,22
-11736,-136,-13132,-184,87,1
-11616,-232,-13028,-157,93,3
-11620,-308,-13008,-143,78,13
-11660,-116,-12932,-142,102,19
-11600,-116,-12964,-171,69,19
-11660,-316,-13040,-167,72,12
-11680,-160,-13052,-154,125,21
-11716,-168,-13004,-157,105,11
-11628,-248,-13228,-170,73,32
-11624,-308,-12996,-176,133,38
-11664,-176,-13052,-148,96,-8
-11664,-196,-13060,-161,122,34
-11916,68,-13192,-100,4,-45
-11652,-272,-13128,-141,117,24
-11664,-256,-13112,-152,87,12
-12300,-472,-12840,-68,528,-62
-11820,-224,-13196,-180,-930,51
-6904,-808,-13120,3553,-1502,3285
-12892,-28,-11896,3054,-12013,2032
-12772,-2040,-11392,7102,-11873,2634
-13736,1000,-11616,-8600,-12776,-5965
-14512,-560,-10272,-3256,-12853,-4761
-14752,-1052,-8056,1867,400,812
-14260,-724,-9000,1874,-2110,2266
-14980,-280,-9028,1002,-1726,2029
-14548,-668,-8228,93,1079,161
-14572,-724,-8552,213,2335,158
-14172,-960,-8140,93,5693,219
-14220,-704,-9588,319,9850,319
-13764,-672,-9696,-160,7935,36
-13328,-748,-10992,-227,11314,209
-13020,-816,-11636,-229,5319,160
-13212,-1480,-11848,-1264,5716,717
-11968,-1192,-12512,79,8202,2613
-11496,-364,-13376,112,8225,3116
-11828,-312,-12864,-108,281,-2
-11772,-352,-13024,-152,426,64
-11724,-328,-13020,-158,426,33
-11728,-260,-13064,-166,432,-13
-11720,-372,-13032,-185,259,64
-11660,-332,-13272,-181,167,40
-11636,-444,-13148,-201,79,-21
-11764,-360,-12940,-182,-45,2
-11764,-384,-12988,-120,-199,7
-11812,-320,-12984,-118,-5,26
-11784,-284,-12852,-130,-84,-19
-11792,-324,-12824,-186,413,66
-11700,-344,-12936,-188,280,20
-11696,-324,-12800,-190,146,35
-11796,-332,-13056,-154,132,25
-11768,-340,-12912,-143,111,16
-11716,-256,-12916,-157,97,17
-11768,-356,-13060,-165,70,34
-11812,-328,-12860,-169,81,-1
-11788,-368,-12940,-164,94,40
-11744,-328,-12904,-149,95,26
-11716,-364,-12872,-148,89,9
-11760,-400,-12956,-161,85,24
-11716,-336,-12840,-162,72,30
-11708,-268,-12988,-172,78,24
-11892,-432,-13044,-160,74,8
-11800,-344,-13036,-166,99,16
-11824,-388,-12844,-138,112,-7
-11760,-304,-13080,-170,92,-11
-11816,-248,-13028,-168,84,30
-11792,-388,-13064,-157,103,-7
-11804,-320,-13044,-161,114,33
-11764,-344,-12972,-155,105,5
-11708,-404,-12824,-178,130,-1
-11572,-308,-12968,-166,172,28
-11756,-404,-12860,-167,110,17
-11772,-280,-13040,-158,108,7
-11848,-256,-12896,-135,109,5
-11732,-196,-13004,-161,102,23
-11784,-288,-12972,-156,99,2
-11712,-388,-12872,-180,122,23
-11776,-388,-12928,-167,98,29
-11836,-284,-12972,-173,117,9
-11756,-384,-12796,-172,96,25
-11696,-372,-12988,-175,105,16
-11780,-412,-12952,-156,93,27
-11772,-376,-12852,-164,120,23
-11916,-252,-13052,-85,97,-31
-11784,-364,-12896,-160,92,14
-11828,-248,-12892,-178,106,32
-11704,-388,-12916,-162,56,16
-11832,-168,-12816,-167,118,5
-11604,-340,-12852,-156,99,2
-11808,-464,-12868,-159,107,-3
-11668,-308,-12996,-155,65,16
-11796,-404,-12940,-142,24,6
-11700,-280,-13060,-101,-500,-54
-11756,-404,-13192,-187,636,65
-11780,-304,-13192,-100,-159,-55
-11808,-340,-12932,-171,220,13
-11736,-284,-13012,-154,120,32
-11924,-320,-13236,-144,28,-12
-11728,-364,-12860,-149,76,23
-11836,-412,-12724,-160,110,29
-11892,-232,-13756,407,-4211,-638
-12056,-348,-10468,-209,3110,3
-11812,-296,-13480,-111,-81,-52
-11984,-480,-12756,103,-1551,-254
-12108,-348,-13000,-219,115,17
-12224,-344,-12632,-714,-239,-89
-12348,-1064,-11648,-1167,-2748,0
-12232,-272,-12568,-232,-1401,-49
-12524,-352,-12820,-364,-4751,-131
-12548,-452,-11340,-76,-4312,-103
-12768,-396,-11508,-673,-689,18
-13036,-292,-12452,-214,-1153,-38
-12940,-256,-11576,-85,-2620,-62
-12940,-360,-10856,-216,1678,36
-12984,-232,-11476,-137,-723,-5
-12944,-248,-11488,-199,1132,14
-12888,-376,-11312,-212,1470,95
-12908,-404,-11708,-172,284,24
-12872,-240,-11728,-157,-248,40
-12872,-372,-11312,-157,226,10
-12952,-260,-11440,-181,752,25
-12984,-304,-12144,-188,-281,35
-12836,-320,-11112,-111,-1327,-32
-12972,-364,-11468,-187,274,28
-12904,-348,-11156,-218,555,30
-12636,-208,-11268,-414,2073,-9
-20656,-3736,-16572,-5148,12001,-6288
-11624,-172,-13540,-581,-871,-486
-12288,-508,-13096,2730,8490,2569
-11908,-292,-12516,-153,-1047,28
-11968,-412,-12632,-143,-1,-24
-12072,-384,-12676,-136,62,4
-11920,-332,-12784,-153,80,37
-11860,-324,-12880,-160,93,23
-11904,-408,-12720,-140,107,11
-11868,-348,-12768,-155,95,-15
-12008,-420,-12824,-153,9112024,-384
-12008,-420,-12824,-153,9112024,-384
-11940,-300,-12864,-149,129,18
-11936,-304,-12732,-147,94,5
-11940,-272,-12848,-155,128,3
-11852,-208,-12624,-179,119,8
-11944,-364,-12668,-161,100,14
-11888,-284,-12772,-174,85,21
-12012,-332,-12668,-164,112,5
-11944,-384,-12660,-159,97,22
-11796,-492,-12788,-152,106,-7
-11944,-388,-12816,-145,105,24
-11916,-240,-12736,-167,109,16
-11880,-328,-12588,-168,102,20
-11936,-308,-12744,-148,120,1
-11964,-312,-12832,-172,87,-1
-11936,-312,-12932,-182,112,18
-11996,-384,-12728,-185,96,11
-11876,-380,-12780,-178,108,15
-11948,-260,-12660,-147,109,46
-11868,-284,-12736,-155,116,18
-11944,-324,-12828,-138,93,16
-11952,-416,-12684,-170,89,9
-11892,-416,-12676,-173,129,8
-11972,-348,-12728,-162,130,19
-11884,-308,-12712,-150,119,-6
-11916,-276,-12728,-159,113,41
-11892,-352,-12644,-153,133,-10
-11940,-420,-12892,-154,103,14
-11928,-396,-13024,-171,91,2
-12052,-276,-12704,-168,118,13
-11896,-428,-12760,-161,107,10
-11868,-264,-12888,-209,96,13
-11840,-388,-12868,-157,74,17
-11984,-372,-12856,-162,95,30
-11944,-420,-12748,-167,88,17
-11944,-412,-12620,-186,114,2
-11920,-336,-12604,-187,82,48
-12048,-368,-12764,-158,101,-15
-11884,-432,-12684,-167,105,22
-11816,-360,-12696,-151,108,34
-11964,-360,-12620,-144,124,12
-11840,-392,-12724,-168,87,-6
-11956,-324,-12740,-162,100,10
-11992,-432,-12668,-163,92,24
-11900,-396,-12800,-137,116,45
-11956,-360,-12748,-165,96,18
-11916,-332,-12728,-159,96,17
-11916,-344,-12740,-148,105,-2
-11900,-332,-12660,-149,73,2
-11956,-296,-12712,-158,83,28
-11920,-256,-12644,-149,109,13
-11876,-404,-12888,-159,94,34
-11852,-308,-12808,-156,112,24
-11896,-376,-12824,-168,94,27
-11932,-484,-12760,-143,96,15
-11924,-284,-12716,-163,89,40
-11868,-244,-12832,-166,126,-3
-11876,-368,-12628,-154,112,3
-11904,-260,-12664,-157,98,25
-11888,-388,-12740,-167,124,17
-11864,-344,-12760,-153,88,-12
-11876,-352,-12864,-150,123,7
-11956,-312,-12752,-168,123,9
-11920,-364,-12820,-153,109,30
-11868,-332,-12780,-148,113,4
-11864,-324,-12720,-165,118,21
-11936,-328,-12864,-152,70,13
-11884,-300,-12836,-164,105,1
-11956,-356,-12764,-184,126,35
-11960,-376,-12784,-147,110,24
-11872,-332,-12808,-168,105,6
-11876,-408,-13004,-164,85,10
-11904,-388,-12728,-168,128,22
-12040,-308,-12660,-151,112,15
-11992,-360,-12672,-167,112,17
-11868,-380,-12732,-169,97,22
-11892,-324,-12580,-146,111,10
-11852,-360,-12884,-156,95,-16
-11940,-456,-12868,-144,119,-8
-11868,-364,-12764,-161,79,11
-11916,-296,-12780,-169,67,33
-11948,-364,-12920,-148,108,0
-11872,-328,-12788,-181,95,-20
-11960,-268,-12600,-160,124,15
-11828,-308,-12612,-156,110,15
-11956,-304,-12700,-154,107,35
-11968,-212,-12660,-136,88,21
-11840,-360,-12692,-141,65,-9
-11828,-320,-12640,-175,111,-6
-11868,-292,-12732,-163,102,3
-11896,-320,-12696,-151,100,8
-11956,-356,-12804,-161,83,28
-11900,-320,-12756,-179,119,3
-11916,-356,-12704,-173,90,12
-11852,-356,-12596,-175,113,12
-11888,-352,-12900,-174,110,14
-12036,-248,-12704,-175,98,-12
-11936,-368,-12764,-156,113,24
-11928,-384,-12660,-173,122,38
-11920,-384,-12788,-159,61,23
-11888,-364,-12780,-132,79,13
-11960,-284,-12676,-149,103,13
-11944,-428,-12604,-176,130,9
-12036,-328,-12728,-169,105,12
-11936,-360,-12948,-175,127,12
-11968,-380,-12612,-165,98,30
-12052,-372,-12708,-135,65,28
-11932,-304,-12760,-207,108,25
-12008,-364,-12772,-160,127,3
-11984,-324,-12664,-164,112,13
-11816,-504,-12784,-154,138,11
-11904,-376,-12672,-142,69,5
-11888,-316,-12688,-185,129,25
-11884,-376,-12696,-182,120,19
-11896,-304,-12608,-149,89,20
-11952,-412,-12840,-183,81,43
-11976,-392,-12720,-187,101,7
-11980,-356,-12840,-148,109,20
-11944,-280,-12796,-161,91,44
-11920,-336,-12816,-150,110,-1
-11888,-348,-12868,-166,124,12
-11780,-376,-12852,-169,99,-1
-11964,-336,-12748,-170,98,2
-11892,-460,-12860,-154,103,5
-11936,-308,-12800,-158,97,30
-11896,-280,-12744,-160,105,-6
-11888,-308,-12892,-152,112,11
-11876,-392,-12776,-180,58,25
-11948,-324,-12628,-159,102,22
-11984,-388,-12604,-165,124,9
-11804,-340,-12732,-176,90,8
-11916,-392,-12732,-165,102,31
-11868,-368,-12684,-143,59,24
-11768,-304,-12644,-154,125,16
-11908,-340,-12764,-155,95,18
-11968,-300,-12836,-187,115,2
-11976,-400,-12652,-163,100,20
-11820,-268,-12720,-168,102,-13
-11872,-372,-12752,-180,96,18
-11900,-292,-12624,-153,82,6
-11976,-368,-12836,-165,96,14
-11884,-324,-12728,-168,134,24
-11948,-368,-12760,-164,87,17
-11892,-360,-12772,-185,106,11
-11920,-412,-13020,-151,103,-8
-11844,-288,-12744,-142,71,9
-11868,-340,-12772,-157,127,15
-11848,-276,-12732,-172,81,-7
-11932,-380,-12648,-167,94,9
-11960,-324,-12896,-122,93,9
-11788,-400,-12724,-183,79,-8
-11856,-288,-12680,-137,88,18
-11892,-324,-12744,-182,100,21
-11916,-328,-12888,-162,103,36
-12008,-312,-12720,-172,100,15
-11868,-280,-12832,-172,133,13
-11928,-360,-12848,-160,69,13
-11860,-256,-12588,-163,116,-3
-11844,-308,-12920,-169,98,-13
-11928,-344,-12612,-167,81,8
-11904,-300,-12680,-165,103,20
-11920,-304,-12816,-163,125,16
-11868,-280,-12872,-148,104,11
-11768,-328,-12728,-136,103,41
-12000,-392,-12652,-175,127,21
-11924,-352,-12740,-171,80,32
-11960,-312,-12712,-168,97,14
-11976,-336,-12708,-166,120,0
-11904,-288,-12876,-169,111,2
-11904,-288,-12832,-167,84,16
-11900,-380,-12696,-159,116,40
-11952,-344,-12720,-158,89,3
-11988,-432,-12800,-135,73,18
-11952,-284,-12720,-175,114,2
-11904,-348,-12788,-174,101,23
-11924,-464,-12544,-175,116,42
-11972,-284,-12672,-170,116,10
-11884,-300,-12820,-151,103,29
-11948,-364,-12824,-173,99,-11
-11856,-220,-12624,-165,90,5
-11956,-324,-12748,-167,94,7
-11908,-392,-12912,-167,94,-3
-11936,-380,-12652,-167,74,17
-11856,-280,-12792,-159,104,20
-11976,-320,-12808,-155,57,4
-11888,-376,-12812,-159,96,22
-11836,-320,-12604,-175,145,12
-11932,-248,-12872,-183,132,12
-11936,-288,-12840,-160,101,12
-11936,-360,-12836,-157,108,-9
-11860,-288,-12816,-140,77,24
-11908,-372,-12856,-166,105,14
-11972,-304,-12776,-147,113,24
-12012,-264,-12768,-154,80,-2
-12024,-280,-12776,-158,119,19
-11884,-468,-12700,-131,111,2
-11996,-312,-12764,-177,45,9
-11920,-376,-12636,-166,117,28
-11960,-416,-12768,-149,79,-2
-11908,-248,-12628,-148,140,3
-11944,-336,-12836,-135,103,22
-11872,-312,-12808,-161,88,7
-11924,-360,-12820,-166,84,12
-11940,-296,-12896,-156,82,5
-11948,-340,-12668,-166,91,2
-11920,-340,-12832,-166,77,-5
-11896,-340,-12820,-171,103,26
-11832,-344,-12812,-154,97,4
-11888,-364,-12736,-146,82,-6
-11968,-356,-12752,-141,74,-12
-11880,-356,-12736,-173,115,13
-11896,-392,-12836,-175,111,7
-11940,-340,-12788,-162,109,23
-11948,-412,-12776,-166,82,-15
-11932,-396,-12728,-162,93,27
-11928,-272,-12708,-190,95,19
-11988,-208,-12656,-165,95,23
-11960,-328,-12844,-163,116,1
-11840,-364,-13016,-140,109,9
-11964,-360,-12720,-150,126,28
-11816,-400,-12760,-172,79,31
-11932,-408,-12836,-156,100,-9
-11988,-240,-12876,-149,103,6
-11912,-272,-12864,-156,106,36
-11868,-320,-12684,-168,84,27
-12016,-268,-12764,-147,99,13
-11912,-272,-12880,-168,117,19
-11928,-324,-12924,-147,85,12
-11888,-324,-12820,-159,126,-1
-11976,-260,-12792,-156,113,-4
-11932,-384,-12792,-165,102,7
-11940,-352,-12916,-142,106,-6
-11924,-284,-12800,-154,125,10
-11936,-320,-12884,-166,88,16
-11936,-408,-12820,-157,93,-11
-11884,-368,-12904,-167,105,11
-11928,-368,-12572,-171,107,-19
-12004,-244,-12760,-138,106,43
-11928,-384,-12780,-170,99,13
-11864,-320,-12740,-169,101,17
-11956,-340,-12760,-161,124,14
-11948,-396,-12748,-164,119,28
-11892,-392,-12724,-187,75,12
-11900,-300,-12756,-155,113,18
-12024,-272,-12740,-149,73,16
-11852,-324,-12780,-159,111,30
-11948,-288,-12668,-161,97,38
-11888,-384,-12668,-163,89,20
-11948,-324,-12748,-158,110,14
-11880,-360,-12920,-152,92,24
-11888,-384,-12808,-148,103,10
-11860,-432,-12708,-170,98,19
-11900,-344,-12852,-151,112,9
-12012,-360,-12896,-159,100,32
-11976,-328,-12828,-159,104,19
-11840,-376,-12840,-173,79,3
-,-12776,-111868,-34867,94,23
-11876,-328,-12696,-160,94,6
-11964,-388,-12620,-147,112,20
-12016,-296,-12852,-147,145,2
-11828,-328,-12708,-171,110,15
-11880,-348,-12912,-168,121,13
-11868,-320,-12848,-158,113,6
-11836,-340,-12828,-162,49,26
-11920,-316,-12832,-167,111,-14
-11952,-276,-12768,-157,90,18
-11980,-328,-12672,-178,95,24
-11884,-316,-12884,-132,79,33
-11932,-340,-13052,-158,106,7
-11940,-392,-12852,-160,88,0
-11924,-348,-12848,-173,108,-1
-11900,-336,-12848,-174,120,26
-11896,-360,-12584,-176,103,26
-11836,-324,-12812,-163,80,21
-11900,-260,-12668,-184,98,21
-11952,-372,-12812,-162,107,18
-11888,-444,-12696,-151,115,3
-12036,-360,-12724,-153,70,10
-11908,-304,-12788,-158,114,19
-11928,-320,-12812,-173,125,36
-11876,-272,-12596,-167,96,31
-11844,-368,-12928,-153,101,-10
-11980,-400,-12764,-165,92,36
-11920,-432,-12864,-158,110,16
-11996,-384,-12980,-146,83,15
-12004,-356,-12688,-164,112,29
-11868,-356,-12772,-159,118,3
-11852,-392,-12804,-164,127,30
-11844,-384,-12728,-177,85,23
-11892,-328,-12572,-178,100,22
-11916,-324,-12912,-160,96,19
-12048,-348,-12800,-147,81,-2
-11984,-360,-12736,-169,99,25
-11988,-284,-12864,-177,111,0
-12024,-340,-12764,-155,107,39
-11908,-452,-12616,-159,84,14
-11860,-340,-12828,-140,103,-3
-11872,-316,-12656,-157,94,16
-11880,-332,-12764,-148,101,1
-11868,-380,-12744,-164,128,27
-11916,-348,-12740,-156,117,41
-11856,-280,-12572,-173,110,31
-11864,-296,-12768,-138,104,6
-11964,-360,-12956,-157,88,6
-11988,-212,-12808,-153,104,27
-11932,-392,-12704,-157,99,17
-11904,-396,-12744,-154,126,30
-11940,-264,-12752,-154,113,37
-11904,-404,-12660,-171,82,15
-11928,-384,-12796,-163,114,23
-11856,-376,-12684,-148,92,15
-11836,-320,-12748,-184,87,-6
-11944,-392,-12620,-163,112,13
-11912,-208,-12816,-167,94,25
-11892,-392,-12792,-164,99,11
-12004,-300,-12808,-147,97,2
-11980,-260,-12816,-165,82,34
-11948,-344,-12816,-166,125,-1
-12032,-392,-12836,-148,117,34
-11976,-396,-12720,-169,102,30
-11932,-320,-12688,-180,114,20
-11928,-380,-12820,-168,120,17
-11880,-288,-12992,-178,73,5
-11836,-448,-12828,-152,124,9
-11836,-300,-12592,-177,67,20
-11860,-356,-12752,-166,92,14
-11828,-336,-12728,-153,108,17
-12004,-272,-12920,-164,87,17
-11900,-476,-12704,-172,102,-2
-11836,-408,-12852,-155,100,15
-11920,-292,-12660,-192,84,14
-11928,-364,-12808,-161,95,4
-11992,-316,-12812,-156,117,29
-11908,-372,-12940,-167,87,41
-11908,-312,-12744,-159,80,21
-11936,-352,-12784,-184,78,-3
-11940,-384,-12796,-160,111,-4
-12044,-400,-12740,-144,102,9
-12004,-308,-12680,-160,97,2
-11912,-432,-12680,-170,99,29
-11972,-412,-12648,-174,83,39
-12000,-284,-12816,-151,90,1
-11932,-312,-12752,-148,77,22
-12028,-380,-12936,-151,106,27
-11884,-344,-12780,-155,136,-4
-11968,-308,-12844,-175,134,14
-11928,-448,-12920,-170,107,6
-11904,-352,-12648,-169,108,15
-11900,-336,-12904,-156,88,16
-11948,-296,-12772,-142,84,-2
-11940,-320,-12644,-150,116,4
-11948,-340,-12848,-185,92,5
-11892,-420,-12548,-169,104,17
-11984,-252,-12728,-170,91,8
-11880,-284,-12856,-169,77,11
-11964,-312,-12680,-164,112,41
-11804,-356,-12860,-158,63,-16
-11816,-420,-12804,-169,99,16
-11848,-332,-12780,-180,95,14
-11920,-308,-12636,-152,96,14
-11880,-316,-12956,-175,101,5
-11940,-328,-12840,-151,83,21
-11932,-292,-12744,-161,95,-6
-11828,-272,-12780,-179,116,3
-11880,-352,-12868,-139,81,11
-11920,-412,-12804,-160,97,42
-11912,-332,-12892,-158,106,-2
-11952,-336,-12628,-162,99,3
-11976,-320,-12904,-155,67,11
-11900,-280,-12564,-167,101,10
-11964,-372,-12756,-175,152,10
-11952,-404,-12772,-161,72,22
-11880,-260,-12824,-169,90,7
-11848,-380,-12724,-175,83,13
-11836,-280,-12812,-156,85,-9
-11856,-344,-12776,-180,100,18
-11972,-268,-12900,-160,115,7
-11880,-360,-12808,-169,86,15
-11880,-324,-12784,-159,86,-2
-11888,-276,-12772,-171,112,15
-11868,-228,-12768,-149,63,6
-11960,-404,-12692,-149,116,19
-11820,-364,-12784,-149,114,-2
-11952,-336,-12816,-171,76,21
-11924,-412,-12836,-163,109,-7
-11884,-292,-12824,-164,82,10
-11976,-328,-12940,-180,79,32
-11792,-344,-12676,-156,108,7
-11876,-312,-12776,-157,107,14
-11840,-296,-12768,-152,111,-2
-11880,-352,-12852,-149,98,15
-11944,-360,-12712,-150,94,17
-11948,-392,-12700,-134,99,26
-11776,-344,-12732,-138,92,22
-11904,-336,-12660,-155,96,2
-11944,-340,-12796,-164,101,3
-11908,-252,-12756,-153,87,-5
-11904,-384,-12680,-146,72,15
-11948,-356,-12700,-162,90,31
-11956,-304,-12680,-129,115,14
-11932,-320,-12792,-156,112,14
-11952,-224,-12800,-171,126,31
-11872,-320,-12608,-164,96,-12
-12004,-308,-12976,-187,106,28
-11904,-416,-12788,-157,65,8
-11912,-296,-12652,-158,124,0
-11944,-360,-12732,-150,111,21
-11988,-356,-12884,-149,96,12
-11876,-408,-12700,-149,107,17
-11976,-344,-12720,-155,116,5
-11920,-336,-12824,-161,117,26
-11908,-352,-12652,-165,114,24
-11904,-248,-12704,-163,88,54
-12008,-324,-12904,-164,89,6
-11916,-336,-12748,-149,110,2
-11960,-340,-12680,-159,83,5
-11816,-212,-12940,-186,90,-7
-11904,-264,-12704,-146,104,20
-11936,-260,-12776,-176,76,30
-12012,-324,-12868,-159,78,9
-11860,-340,-12652,-179,109,8
-11912,-360,-12824,-166,108,9
-11940,-280,-12888,-175,117,20
-11896,-296,-12756,-147,96,42
-11908,-232,-12920,-175,90,18
-11912,-280,-12840,-176,73,-1
-11880,-332,-12716,-159,119,5
-11844,-388,-12620,-145,114,15
-11900,-356,-12800,-167,101,6
-11884,-348,-12848,-153,102,11
-11872,-368,-12840,-161,112,26
-11820,-380,-12812,-146,87,21
-11876,-360,-12756,-143,101,13
-12016,-308,-12876,-131,121,23
-11932,-392,-12648,-154,113,23
-11896,-312,-12808,-157,108,16
-11836,-260,-12808,-176,108,6
-11944,-316,-12792,-174,98,3
-11848,-336,-12636,-161,70,-4
-11916,-296,-12856,-152,87,13
-11860,-356,-12840,-135,101,15
-11912,-328,-12832,-148,115,10
-12020,-364,-12784,-158,69,9
-11876,-352,-12740,-169,107,-2
-11932,-344,-12816,-168,77,15
-11916,-356,-12676,-168,118,26
-11928,-412,-12764,-156,91,11
-11904,-340,-12852,-183,90,28
-11880,-412,-12664,-145,98,-1
-11904,-348,-12728,-145,110,21
-11920,-308,-12908,-151,95,-11
-11804,-284,-12840,-159,81,9
-11856,-400864,-177,1,-1204,36
-11836,-300,-12728,-160,94,23
-11980,-296,-12848,-175,111,27
-11864,-344,-12792,-153,102,18
-11764,-368,-12684,-166,82,12
-11864,-348,-12780,-168,104,28
-11808,-272,-12620,-167,85,15
-11864,-380,-12892,-163,117,18
-11948,-424,-12676,-164,88,22
-11868,-352,-12576,-160,95,16
-11948,-308,-12844,-156,105,18
-11944,-348,-12744,-154,123,41
-12004,-320,-12872,-173,61,4
-11924,-356,-12708,-155,108,9
-11924,-188,-12776,-157,108,5
-11960,-312,-12704,-159,97,42
-11832,-412,-12672,-171,115,13
-11944,-440,-12716,-154,106,23
-1112644976,-372,-,-155,101,19
-11908,-324,-12676,-150,81,8
-11868,-376,-12924,-151,136,25
-11944,-316,-12724,-161,101,8
-11808,-340,-12680,-152,143,25
-11876,-376,-12824,-153,109,43
-11940,-360,-12996,-120,60,-3
-11972,-332,-12824,-160,117,6
-11976,-292,-12600,-176,75,1
-11868,-364,-12720,-168,94,-12
-11848,-312,-12940,-142,84,-5
-11880,-364,-12808,-150,120,26
-11952,-388,-12840,-144,71,44
-11944,-388,-12712,-152,99,5
-11976,-284,-12852,-138,57,5
-11908,-360,-12784,-164,135,20
-11884,-380,-12792,-170,108,10
-11972,-292,-12896,-181,124,2848
-11972,-292,-12896,-181,124,2848
-11972,-292,-12896,-181,124,2848
-11864,-384,-12780,-156,63,37
-11944,-344,-12868,-145,102,14
-11916,-364,-12712,-155,98,27
-11972,-340,-12808,-166,103,-7
-11884,-280,-12872,-153,93,26
-11892,-292,-12756,-163,89,-15
-11960,-328,-12616,-157,97,9
-11900,-384,-12760,-140,101,17
-11832,-332,-12724,-155,98,-2
-11948,-352,-12800,-162,77,-4
-11904,-400,-12800,-162,111,15
-11888,-320,-12688,-175,119,3
-11916,-384,-12724,-159,127,20
-12004,-420,-12660,-166,117,-17
-11912,-416,-12784,-157,58,-4
-11904,-360,-12876,-155,88,25
-11904,-348,-12896,-141,92,14
-11948,-208,-12712,-146,102,18
-11884,-332,-12904,-163,100,-6
-11832,-376,-12628,-191,135,12
-11892,-356,-12728,-160,92,19
-11900,-392,-12812,-144,72,6
-11916,-328,-12700,-167,61,-1
-11788,-304,-12708,-155,95,-5
-12000,-356,-12912,-153,96,12
-11840,-340,-12788,-145,83,7
-12000,-368,-12784,-166,100,6
-12004,-404,-12676,-147,72,30
-11888,-340,-12804,-157,107,19
-12020,-360,-12824,-167,80,27
-11896,-364,-12808,-174,110,-17
-11976,-208,-12744,-145,97,19
-11932,-388,-12800,-150,105,23
-11888,-272,-12656,-169,99,6
-11940,-384,-12728,-158,81,30
-11916,-320,-12788,-176,95,13
-11892,-376,-12660,-162,120,18
-11992,-364,-12764,-193,105,17
-12104,-388,-12880,-139,134,12
-11880,-400,-12740,-164,72,5
-11908,-380,-12644,-167,94,15
-11840,-256,-12848,-177,97,10
-11876,-248,-12868,-171,73,12
-11792,-396,-12832,-173,107,14
-11964,-396,-12612,-161,120,17
-11944,-300,-12744,-141,101,0
-11908,-324,-12700,-169,120,35
-11944,-312,-12884,-166,97,-6
-11956,-336,-12868,-160,104,-14
-11964,-308,-12824,-158,131,14
-11988,-368,-12876,-155,67,-7
-11984,-252,-12792,-155,88,39
-11960,-316,-12696,-157,124,10
-11880,-328,-12916,-145,102,15
-11932,-328,-12744,-162,76,0
-11904,-312,-12740,-157,99,13
-11892,-232,-12736,-191,119,12
-11864,-424,-12724,-147,116,16
-11824,-372,-12784,-194,65,13
-12008,-284,-12724,-138,97,-2
-11948,-296,-12684,-167,111,19
-11952,-276,-12896,-180,74,18
-12004,-360,-12632,-163,91,15
-11892,-276,-12652,-173,104,8
-11948,-316,-12824,-188,114,35
-11868,-392,-12764,-158,130,11
-11960,-348,-12740,-162,75,36
-11912,-396,-12684,-150,114,-4
-11828,-344,-12712,-140,81,9
-11952,-308,-12852,-147,98,7
-11912,-324,-12812,-162,122,14
-11980,-424,-12904,-154,83,2
-11792,-296,-12728,-153,84,11
-11980,-288,-12800,-190,101,3
-11972,-348,-12816,-157,64,10
-11908,-332,-12700,-157,94,17
-11928,-372,-12808,-172,114,2
-11940,-348,-12844,-156,123,-5
-11920,-272,-12848,-153,73,16
-11900,-388,-12740,-164,56,5
-12004,-304,-12828,-157,93,13
-11932,-288,-12800,-164,125,35
-11804,-380,-12724,-162,112,-13
-11948,-304,-12788,-158,115,12
-11976,-472,-12712,-143,130,17
-12012,-336,-12880,-179,90,24
-11888,-352,-12760,-156,63,-4
-11904,-272,-12676,-154,117,-7
-11936,-328,-12636,-159,74,31
-11912,-372,-12724,-154,110,13
-11840,-364,-12724,-160,100,16
-11924,-420,-12672,-134,90,23
-11932,-320,-12720,-143,121,38
-11928,-356,-12836,-174,124,8
-11960,-332,-12824,-149,76,11
-11912,-360,-12740,-176,109,0
-11900,-332,-12880,-165,101,44
-11916,-344,-12888,-151,126,11
-12004,-372,-12644,-161,115,-3
-11948,-268,-12968,-141,93,29
-11900,-288,-12656,-168,87,35
-11904,-344,-12876,-158,109,34
-11888,-356,-12632,-157,85,29
-11972,-392,-12888,-151,111,17
-11852,-380,-12652,-150,89,-13
-11884,-388,-12724,-163,103,15
-11896,-324,-12700,-159,97,12
-11872,-424,-12764,-146,111,1
-12020,-300,-12700,-160,108,1
-11828,-376,-12748,-159,89,3
-11824,-336,-12856,-166,86,24
-11956,-312,-12764,-162,117,10
-11860,-408,-12788,-172,107,-5
-11956,-352,-12760,-156,79,23
-11932,-376,-12816,-143,97,6
-11872,-220,-12748,-180,107,0
-11852,-260,-12864,-187,100,4
-11840,-416,-12764,-167,111,17
-11992,-232,-12772,-135,115,20
-11880,-316,-12540,-135,93,21
-11876,-320,-12756,-163,84,21
-11832,-300,-12872,-156,112,-2
-11948,-280,-12844,-171,105,20
-11848,-328,-12968,-169,116,7
-11904,-296,-12852,-165,98,17
-11972,-416,-12692,-141,114,4
-11832,-316,-12796,-173,91,15
-11848,-308,-12688,-182,88,-3
-12004,-284,-12864,-150,55,16
-11968,-384,-12704,-165,106,21
-11908,-412,-12776,-159,105,5
-1192576,-149,08,-352,-191,32
-11964,-332,-12772,-155,94,12
-11924,-400,-12720,-179,103,20
-11872,-252,-12680,-189,115,27
-11964,-376,-12784,-163,88,8
-11892,-356,-12708,-153,82,4
-11960,-272,-12792,-175,106,0
-11940,-424,-12700,-157,84,-11
-11944,-376,-12816,-167,107,11
-11836,-412,-12848,-174,97,17
-11904,-280,-12912,-177,90,-2
-11932,-312,-12652,-160,92,34
-11936,-372,-12916,-144,134,-5
-11892,-220,-12696,-186,115,4
-11900,-428,-12868,-145,94,28
-11904,-332,-12852,-161,116,-3
-11908,-276,-12764,-178,82,26
-11848,-352,-12836,-144,137,34
-11920,-304,-12788,-171,110,-7
-11932,-364,-12840,-163,97,5
-11812,-424,-12748,-149,94,5
-11940,-328,-12696,-181,95,16
-11912,-364,-12852,-161,75,12
-12028,-272,-12836,-143,113,7
-11908,-240,-12640,-162,110,2
-11928,-272,-12920,-135,92,13
-11924,-400,-12748,-153,96,7
-11928,-304,-12688,-148,86,21
-11964,-360,-13032,-162,101,37
-11888,-360,-12844,-161,157,22
-11984,-404,-12928,-161,130,2
-12000,-352,-12800,-159,75,19
-11944,-332,-12676,-147,92,12
-11996,-272,-12872,-168,99,16
-11992,-324,-12716,-154,114,17
-11800,-224,-12672,-183,83,27
-11916,-400,-12652,-153,94,32
-11936,-424,-12836,-165,93,28
-11948,-344,-12724,-164,103,30
-11956,-380,-12644,-151,105,-2
-11944,-340,-12748,-160,103,-4
-11904,-204,-12592,-179,99,24
-11960,-356,-12844,-168,96,-9
-11808,-400,-12772,-176,81,15
-11888,-420,-12728,-134,94,4
-11932,-376,-12756,-155,103,-14
-11924,-260,-12656,-179,81,7
-12000,-304,-12572,-154,91,22
-11956,-328,-12720,-168,80,23
-11896,-344,-12764,-159,86,8
-11920,-352,-12644,-178,97,13
-12008,-400,-12860,-154,90,8
-11856,-308,-12632,-177,87,22
-11956,-324,-12740,-162,100,15
-11976,-332,-12896,-170,110,46
-11852,-312,-12772,-186,122,15
-12012,-304,-12668,-147,95,18
-11928,-304,-12848,-150,93,12
-11988,-300,-12776,-144,89,14
-11972,-260,-12740,-171,66,4
-11812,-380,-12736,-172,106,19
-11928,-352,-12588,-151,115,13
-11900,-372,-12716,-148,90,-12
-11916,-352,-12808,-161,118,6
-11944,-392,-12912,-149,78,0
-12000,-356,-12964,-168,97,8
-11868,-344,-12708,-173,122,35
-11928,-280,-12552,-155,92,-15
-11968,-384,-12816,-161,115,10
-11876,-392,-12792,-170,101,32
-11992,-384,-12780,-163,80,-9
-11960,-364,-12916,-162,97,15
-12024,-424,-12788,-196,84,48
-12004,-320,-12916,-168,93,13
-11840,-324,-12752,-170,125,15
-11964,-368,-12836,-144,110,21
-11864,-412,-12664,-158,108,5
-11924,-464,-12844,-141,58,-2
-11928,-288,-12704,-147,96,40
-11800,-328,-12752,-169,96,27
-11772,-364,-12764,-160,110,4
-11956,-280,-12800,-160,98,0
-11872,-408,-12740,-162,110,13
-11876,-240,-12776,-149,81,6
-11888,-384,-12872,-163,80,26
-11964,-268,-12636,-172,105,25
-11804,-252,-12912,-146,123,-15
-11876,-376,-12804,-171,68,13
-11936,-296,-12692,-171,106,17
-11864,-348,-12840,-157,104,22
-11984,-292,-12692,-160,106,12
-11900,-372,-12748,-167,105,4
-11928,-332,-12816,-155,94,14
-11984,-160,-12852,-148,98,1
-11904,-332,-12868,-174,109,12
-11840,-172,-12868,-152,113,25
-11788,-412,-12772,-175,86,37
-11896,-292,-12712,-149,99,29
-11924,-384,-12688,-144,97,10
-11940,-324,-12624,-142,87,3
-11980,-332,-12800,-157,110,34
-11900,-332,-12680,-174,90,9
-11920,-380,-12704,-172,130,27
-11948,-428,-12856,-174,111,16
-11912,-284,-12864,-181,103,13
-11888,-340,-12784,-153,115,15
-11916,-352,-12764,-153,89,40
-11900,-264,-12888,-173,85,13
-11876,-320,-12744,-156,102,41
-11972,-380,-12764,-155,105,10
-11820,-332,-12652,-169,98,13
-11884,-324,-12716,-141,104,31
-12040,-344,-12648,-165,126,5
-11812,-312,-12716,-159,89,29
-11864,-236,-12688,-173,61,19
-11880,-316,-12800,-156,80,24
-11900,-424,-12632,-185,84,17
-11928,-360,-12836,-164,106,-3
-12032,-480,-12728,-146,76,15
-11916,-340,-12764,-166,90,16
-11884,-392,-12772,-170,108,27
-11968,-404,-12728,-138,87,1
-11860,-380,-12924,-159,81,16
-11792,-356,-12792,-171,90,2
-11872,-412,-12700,-157,98,-1
-11916,-336,-12776,-156,112,25
-11948,-384,-12720,-165,85,15
-11916,-256,-12712,-177,107,20
-11956,-400,-12636,-164,87,13
-11908,-420,-12800,-172,102,15
-11932,-372,-12740,-155,103,23
-11948,-388,-12672,-146,120,9
-11900,-364,-12712,-176,96,24
-11944,-360,-12812,-154,90,15
-11908,-356,-12892,-157,91,5
-11912,-296,-12748,-152,92,0
-11940,-240,-12836,-157,69,11
-11948,-436,-12760,-169,118,1
-11972,-344,-12656,-148,123,22
-11788,-360,-12752,-158,102,8
-11956,-296,-12696,-146,94,19
-11884,-344,-12712,-156,114,17
-11860,-284,-12776,-172,79,22
-11808,-332,-12800,-157,125,-2
-11936,-312,-12768,-180,80,18
-12024,-332,-12684,-159,86,23
-11952,-408,-12676,-143,90,31
-11900,-328,-12760,-163,96,16
-11896,-408,-12708,-166,106,11
-11984,-324,-12728,-163,89,-1
-11896,-364,-12788,-146,107,13
-11948,-400,-12724,-143,125,8
-11928,-276,-12732,-159,95,2
-11904,-376,-12864,-172,81,14
-11880,-292,-12816,-150,126,30
-12008,-448,-12596,-166,119,21
-11936,-360,-12796,-161,111,10
-11884,-304,-12768,-169,111,7
-11912,-396,-12668,-146,83,-1
-11956,-268,-12756,-151,110,5
-11980,-280,-12788,-187,74,1
-11812,-368,-12704,-164,113,26
-11920,-360,-12672,-165,95,-12
-11908,-412,-12804,-156,112,-10
-11864,-360,-12756,-164,70,3
-11984,-400,-12712,-167,79,28
-11988,-364,-12612,-160,96,25
-11920,-344,-12772,-169,115,26
-11956,-364,-12764,-144,85,17
-11892,-332,-12836,-154,90,4
-11932,-292,-12640,-177,86,7
-11920,-372,-12748,-182,141,34
-11864,-344,-12932,-160,85,9
-11928,-308,-12604,-182,91,10
-11880,-292,-12708,-162,107,0
-11976,-388,-12716,-168,88,5
-11988,-300,-12876,-188,117,32
-11920,-368,-12796,-159,81,28
-11796,-368,-12804,-159,93,23
-12020,-352,-12636,-167,106,15
-11832,-352,-12772,-158,104,18
-11836,-352,-12848,-158,103,3
-11976,-296,-12724,-183,124,5
-11848,-364,-12752,-158,110,-3
-11840,-340,-12752,-158,125,6
-11900,-328,-12692,-155,94,2
-11944,-252,-12816,-181,101,22
-11976,-324,-12852,-135,130,14
-11936,-316,-12788,-163,106,14
-11884,-336,-12704,-174,95,16
-11896,-384,-12668,-155,92,-6
-11892,-304,-12672,-157,86,34
-11904,-272,-12628,-163,103,15
-11944,-304,-12712,-159,108,17
-11864,-336,-12792,-162,91,8
-11852,-344,-12784,-160,100,31
-11916,-320,-12572,-154,106,43
-11924,-300,-12840,-154,77,10
-11936,-352,-12772,-169,107,24
-11904,-420,-12696,-145,102,1
-11876,-292,-12676,-151,90,4
-11912,-320,-12624,-153,98,22
-11984,-280,-12692,-141,113,-11
-11912,-372,-12760,-177,122,37
-11988,-340,-12800,-152,114,11
-11908,-392,-12772,-175,90,-4
-11896,-444,-12824,-175,76,32
-11824,-340,-12872,-177,88,-1
-11900,-380,-12824,-168,111,-10
-11968,-280,-12568,-178,108,20
-11928,-392,-12640,-161,95,14
-11848,-372,-12852,-153,94,3
-11944,-400,-12748,-159,92,28
-12000,-320,-12864,-174,78,14
-11928,-296,-12840,-162,75,19
-11912,-308,-12712,-172,135,5
-11864,-272,-12688,-179,87,16
-11884,-304,-12736,-148,100,-19
-11932,-300,-12800,-153,108,12
-11948,-268,-12776,-159,100,14
-11960,-396,-12832,-143,129,0
-11868,-272,-12832,-156,59,18
-11928,-380,-12712,-174,94,40
-11972,-476,-12756,-154,99,24
-11824,-240,-12740,-168,123,3
-11836,-392,-12756,-158,77,17
-11964,-296,-12688,-177,97,23
-11768,-208,-12664,-161,96,27
-11912,-396,-12672,-156,88,0
-12000,-360,-12900,-141,115,14
-11956,-376,-12872,-143,88,24
-11888,-272,-12772,-144,95,17
-11832,-264,-12792,-159,102,21
-11864,-372,-12780,-177,97,33
-11900,-372,-12704,-158,137,3
-11860,-372,-12768,-149,87,9
-11968,-320,-12660,-141,72,13
-11964,-312,-12704,-163,110,2
-11880,-408,-12636,-155,96,7
-11948,-248,-12608,-166,138,23
-11836,-304,-12752,-128,90,9
-11908,-432,-12796,-160,89,-1
-11912,-320,-12664,-158,115,12
-11804,-264,-12676,-166,113,13
-12000,-360,-12716,-153,105,20
-11976,-408,-12716,-167,81,27
-11944,-332,-12728,-159,74,23
-11948,-380,-12816,-162,124,21
-11940,-404,-12912,-153,143,15
-11972,-444,-12712,-169,87,16
-11916,-344,-12600,-151,81,6
-12000,-288,-12736,-149,106,11
-11976,-292,-12772,-160,96,13
-11852,-408,-12840,-154,96,25
-11972,-292,-12672,-165,96,25
-11992,-384,-12828,-162,92,30
-11948,-372,-12700,-145,107,3
-11928,-240,-12736,-159,81,8
-11896,-276,-12804,-145,97,9
-11964,-360,-12776,-145,103,37
-12012,-380,-12740,-188,96,11
-11944,-384,-12792,-160,84,17
-11880,-304,-12488,-174,93,15
-11868,-392,-12764,-158,114,18
-11960,-312,-12744,-176,108,-3
-11964,-364,-12824,-164,87,-23
-11940,-348,-12740,-160,83,13
-11912,-308,-12892,-145,103,20
-11964,-380,-12784,-152,108,25
-11972,-264,-12760,-148,128,-8
-11872,-264,-12660,-148,89,13
-11948,-424,-12876,-169,76,-2
-11860,-292,-12668,-174,116,24
-11828,-320,-12728,-155,82,18
-12040,-372,-12792,-171,108,8
-11852,-332,-12792,-137,78,20
-11884,-244,-12688,-187,117,-3
-11896,-376,-12752,-150,104,2
-11964,-328,-12788,-174,120,-2
-11920,-424,-12884,-142,86,16
-11968,-248,-12792,-153,92,23
-11916,-316,-12800,-152,87,9
-11888,-368,-12756,-179,124,20
-11900,-380,-12780,-151,102,3
-11820,-396,-12828,-164,96,11
-11960,-280,-12876,-157,117,12
-11924,-340,-12600,-169,98,18
-11848,-324,-12752,-166,131,3
-11840,-456,-12788,-158,89,27
-11988,-328,-12844,-152,110,10
-11840,-360,-12800,-149,103,11
-11848,-280,-12800,-159,93,-10
-11824,-300,-12736,-167,123,28
-11880,-332,-12856,-175,99,4
-11928,-304,-12736,-174,77,22
-11920,-332,-12720,-145,118,12
-11912,-316,-12728,-164,101,-2
-11868,-380,-12852,-191,114,22
-11852,-236,-12816,-165,89,38
-12000,-344,-12912,-165,89,8
-11936,-312,-12668,-173,87,37
-11868,-320,-12764,-143,121,21
-11844,-376,-12784,-166,125,-3
-12024,-280,-12728,-170,84,19
-11948,-408,-12776,-167,81,9
-11900,-268,-12888,-154,89,44
-11936,-356,-12740,-146,86,16
-11824,-376,-12840,-156,99,12
-11888,-376,-12652,-158,128,29
-11900,-200,-12788,-141,95,-6
-11864,-316,-12716,-176,94,32
-11908,-368,-12816,-172,90,5
-11940,-356,-12852,-177,83,14
-11832,-340,-12892,-149,109,28
-12000,-292,-12604,-156,54,11
-11956,-348,-12548,-160,100,0
-11860,-348,-12632,-167,119,0
-11908,-332,-12712,-169,63,21
-11972,-280,-12784,-151,141,-9
-11932,-404,-12628,-136,73,-4
-11920,-376,-12804,-151,109,3
-11908,-316,-12824,-163,109,8
-11928,-292,-12680,-153,92,30
-11908,-324,-12808,-177,93,20
-11896,-352,-12708,-194,114,32
-11784,-352,-12716,-172,111,46
-11876,-324,-12812,-170,97,16
-11888,-284,-12864,-159,72,-1
-11916,-252,-12824,-159,118,11
-11952,-276,-12860,-158,131,18
-11832,-340,-12692,-177,86,14
-11964,-460,-12876,-151,89,11
-11840,-380,-13072,-166,98,-1
-11972,-364,-12848,-145,114,1
-11876,-360,-12672,-168,123,8
-11916,-312,-12676,-145,98,49
-11916,-332,-12648,-139,97,19
-11964,-372,-12800,-156,110,3
-11892,-360,-12860,-178,98,4
-11924,-276,-12908,-160,100,40
-11892,-364,-12704,-174,118,9
-11960,-328,-12664,-168,101,20
-11968,-340,-12716,-156,100,8
-11952,-380,-12732,-146,99,9
-11900,-392,-12772,-173,116,26
-11872,-424,-12776,-178,117,22
-11948,-312,-12868,-188,163,21
-11772,-240,-12788,-158,89,21
-11876,-328,-12784,-148,65,-19
-11892,-376,-12720,-175,91,16
-11884,-192,-12624,-171,112,26
-11884,-344,-12688,-132,112,17
-12044,-280,-12776,-184,108,32
-11916,-420,-12760,-148,107,3
-11928,-332,-12764,-158,122,33
-12056,-324,-12704,-165,83,10
-11920,-412,-12800,-149,85,8
-11928,-292,-13000,-147,117,16
-11784,-296,-12928,-168,89,28
-11892,-280,-12824,-151,76,4
-11968,-216,-12696,-156,92,6
-11948,-296,-12840,-160,107,11
-12052,-348,-12992,-140,77,20
-11992,-252,-12636,-168,89,40
-11908,-240,-12788,-162,132,7
-11960,-320,-12740,-164,102,32
-11968,-472,-12820,-161,83,33
-11856,-400,-12764,-169,85,25
-12004,-216,-12932,-172,110,8
-11856,-284,-12752,-161,83,-9
-11848,-296,-12824,-161,104,22
-12020,-344,-12764,-153,107,7
-12004,-348,-12592,-169,80,14
-11992,-324,-12872,-169,122,27
-11812,-396,-12720,-164,93,19
-11876,-288,-12872,-140,77,28
-11932,-344,-12780,-146,94,19
-11920,-304,-12728,-176,128,16
-11896,-392,-12772,-162,99,18
-11892,-364,-12804,-160,105,14
-11880,-300,-12608,-159,90,21
-11836,-300,-12880,-150,91,12
-11896,-316,-12728,-163,99,13
-11912,-256,-12720,-175,100,-2
-11920,-284,-12668,-171,83,16
-11952,-404,-12704,-156,87,2
-11884,-392,-12568,-163,103,22
-11980,-392,-12852,-166,77,9
-11912,-224,-12772,-181,99,-2
-11980,-252,-12648,-141,100,27
-11932,-308,-12804,-167,113,0
-11964,-292,-12760,-162,106,31
-11932,-380,-12844,-154,97,26
-11888,-340,-12740,-147,84,28
-11960,-180,-12580,-128,119,-8
-11916,-304,-12760,-150,129,14
-11968,-288,-12816,-146,114,11
-11852,-384,-12816,-165,111,42
-11908,-324,-12728,-150,110,-9
-11932,-320,-12728,-153,74,-1
-11848,-308,-12648,-183,57,2
-11904,-308,-12672,-169,87,24
-11908,-296,-12828,-166,99,21
-12016,-368,-12796,-144,112,19
-11928,-276,-12584,-163,53,0
-11884,-264,-12824,-170,88,22
-11956,-416,-12748,-168,100,25
-11984,-400,-12780,-164,100,21
-11960,-388,-12876,-150,111,1
-11868,-356,-12668,-183,94,13
-11848,-412,-12776,-154,98,14
-118980,-2,-404,-127163,98,31
-11924,-316,-12768,-172,87,-1
-11944,-400,-12628,-156,88,17
-11992,-336,-12660,-166,111,36
-11972,-284,-12796,-156,113,5
-11892,-316,-12880,-173,114,20
-11944,-420,-12708,-149,82,1
-11852,-368,-12764,-176,115,-5
-11928,-336,-12848,-176,113,9
-11904,-392,-12744,-164,113,6
-11796,-480,-12604,-190,97,25
-11904,-384,-12772,-163,106,-4
-12004,-408,-12512,-163,63,16
-11880,-328,-12736,-162,68,19
-11924,-404,-12840,-164,75,29
-11924,-284,-12736,-140,102,24
-11888,-380,-12752,-151,94,15
-11976,-452,-12828,-167,114,0
-11940,-380,-12764,-184,80,-8
-11940,-272,-12680,-155,80,38
-11980,-324,-12852,-151,62,30
-11892,-304,-12784,-160,100,-1
-11920,-288,-12696,-163,120,0
-11900,-392,-12724,-156,91,5
-11928,-360,-12520,-153,114,28
-11928,-276,-12684,-172,108,18
-11940,-240,-12584,-182,117,22
-11908,-260,-12648,-174,100,1
-11872,-248,-12776,-159,101,37
-11892,-312,-12628,-163,106,32
-11896,-300,-12624,-166,87,9
-11892,-340,-12884,-159,78,19
-11856,-340,-12860,-156,123,29
-11864,-316,-12932,-172,78,2
-11912,-320,-12816,-173,95,-3
-11908,-364,-12764,-162,107,-4
-11800,-356,-12868,-165,116,10
-11856,-304,-12884,-152,99,22
-11924,-364,-12732,-168,125,-6
-11940,-312,-12660,-143,131,20
-11912,-420,-12672,-151,127,11
-11808,-388,-12888,-155,69,1
-11848,-384,-12564,-168,94,14
-11948,-280,-12796,-154,85,33
-11960,-348,-12832,-175,135,39
-11928,-292,-12788,-163,129,21
-11976,-292,-12784,-200,94,14
-12004,-364,-12820,-159,114,9
-11852,-308,-12792,-179,93,-6
-11936,-324,-12688,-144,99,21
-11972,-380,-12696,-164,95,29
-11952,-332,-12804,-162,81,38
-11812,-380,-12816,-148,74,3
-11912,-384,-12832,-155,89,18
-11864,-328,-12704,-149,111,5
-11880,-316,-12900,-160,95,31
-11952,-352,-12808,-149,103,28
-11932,-320,-12868,-142,123,11
-11972,-312,-12860,-189,81,14
-11932,-268,-12856,-161,91,14
-11948,-292,-12812,-165,101,10
-11988,-324,-12688,-145,92,8
-11900,-460,-12736,-159,123,31
-12004,-364,-12744,-197,97,-1
-11924,-340,-12740,-179,104,-11
-11980,-384,-12736,-162,103,10
-11972,-332,-12724,-188,103,23
-12004,-356,-12780,-136,112,19
-11984,-408,-12716,-146,85,15
-11844,-212,-12760,-182,103,6
-11876,-360,-12676,-156,103,-2
-11880,-372,-12676,-156,132,6
-11804,-304,-12868,-183,75,13
-11948,-352,-12740,-159,99,33
-11976,-372,-12876,-160,67,18
-11936,-412,-12704,-181,100,20
-11952,-408,-12860,-167,85,6
-11932,-340,-12708,-155,95,44
-11972,-308,-12660,-174,90,22
-11928,-236,-12868,-147,83,7
-11924,-344,-12740,-160,102,11
-11816,-328,-12740,-150,101,22
-11872,-368,-12824,-152,116,6
-11796,-348,-12784,-173,95,25
-11908,-340,-12800,-156,86,25
-11904,-292,-12580,-169,113,5
-11956,-360,-12948,-144,109,11
-11892,-424,-12716,-160,91,22
-11968,-272,-12844,-161,54,16
-11884,-308,-12772,-184,113,20
-11876,-272,-12888,-156,68,-4
-12028,-316,-12840,-170,123,16
-11892,-356,-12740,-155,94,20
-11804,-304,-12932,-164,95,-1
-11984,-236,-12912,-156,117,42
-11932,-344,-12712,-157,86,4
-11960,-400,-12896,-167,98,4
-11960,-308,-12740,-170,91,-6
-11836,-368,-12684,-164,83,19
-11944,-300,-12708,-157,110,11
-11876,-348,-12676,-141,75,10
-12040,-420,-12832,-154,72,21
-11904,-332,-12768,-147,83,-3
-11868,-356,-12716,-174,102,11
-11900,-424,-12828,-177,107,29
-11924,-352,-12704,-174,128,32
-11924,-280,-12600,-144,102,19
-11844,-348,-12824,-158,94,-16
-11904,-308,-12800,-148,88,21
-11840,-292,-12808,-161,105,3
-11928,-308,-12732,-147,113,25
-11952,-304,-12716,-168,101,25
-11916,-464,-12752,-141,104,40
-11860,-432,-12860,-184,124,1
-11944,-384,-12608,-149,76,7
-11892,-400,-12736,-169,100,4
-11920,-348,-12780,-167,99,12
-11960,-340,-12772,-172,106,1
-11900,-372,-12908,-173,103,24
-11880,-292,-12680,-159,88,24
-12040,-272,-12772,-140,85,-7
-11924,-276,-12704,-158,79,-13
-11928,-312,-12848,-170,125,29
-11948,-304,-12792,-158,118,33
-11872,-392,-12724,-176,90,25
-11872,-276,-12900,-164,92,12
-11828,-320,-12756,-161,108,3
-11948,-324,-12664,-162,94,40
-11860,-268,-12672,-136,100,48
-11908,-320,-12864,-180,118,32
-11928,-392,-12652,-188,107,20
-11888,-372,-12812,-166,113,15
-11952,-252,-12680,-172,55,22
-11908,-368,-12860,-143,136,-6
-11924,-284,-12784,-156,98,-4
-11908,-356,-12868,-144,123,23
-11836,-440,-12924,-166,95,2
-11872,-356,-12932,-153,82,5
-11872,-304,-12732,-166,132,2
-11876,-360,-12672,-193,78,-12
-11948,-448,-12868,-171,148,16
-11876,-300,-12988,-161,91,9
-11904,-408,-12792,-145,54,14
-11940,-380,-12740,-158,76,8
-11944,-352,-12712,-157,89,24
-11908,-340,-12844,-164,121,2
-11832,-356,-12792,-149,86,7
-11832,-324,-12736,-174,104,4
-11952,-292,-12796,-139,144,10
-11948,-344,-12740,-144,96,16
-11888,-364,-12732,-132,116,6
-11928,-344,-12868,-161,128,16
-11824,-316,-12756,-176,99,11
-11864,-268,-12760,-163,122,10
-11904,-284,-12804,-186,62,9
-11856,-312,-12764,-158,100,24
-11960,-372,-12868,-187,101,5
-11920,-336,-12796,-191,107,10
-11924,-272,-12712,-147,92,-1
-11876,-404,-12688,-171,81,15
-11976,-292,-12808,-157,89,16
-11868,-364,-12812,-148,107,24
-11928,-216,-12932,-141,149,-6
-11832,-360,-12792,-147,126,12
-11884,-324,-12868,-164,134,31
-11856,-384,-12616,-158,97,16
-11952,-348,-12836,-183,75,5
-12000,-288,-12768,-156,89,30
-11816,-436,-12812,-158,114,-5
-11924,-236,-12764,-173,128,31
-11960,-420,-12716,-164,128,36
-11908,-344,-12668,-179,102,18
-11912,-352,-12868,-138,81,20
-11972,-280,-12852,-159,97,20
-11948,-364,-12784,-151,95,7
-11916,-404,-12668,-181,108,37
-11880,-400,-12644,-169,129,23
-11884,-304,-12812,-155,105,6
-11936,-340,-12676,-162,80,23
-11960,-292,-12832,-150,103,-3
-11888,-320,-12744,-180,103,39
-11856,-272,-12832,-168,85,27
-11884,-324,-12800,-172,106,16
-11820,-384,-12836,-144,133,9
-11920,-304,-12648,-159,96,17
-11952,-364,-12784,-170,117,29
-11912,-408,-12656,-169,107,-2
-11892,-304,-12656,-165,96,17
-11908,-260,-12888,-156,117,20
-11924,-404,-12692,-179,137,11
-11900,-336,-12816,-148,93,-18
-11876,-408,-12740,-160,100,13
-11984,-384,-12664,-157,102,-1916
-11984,-384,-12664,-157,102,-1916
-11984,-384,-12664,-157,102,-1916
-11948,-300,-12804,-174,84,12
-11968,-336,-12628,-170,109,-1
-11920,-384,-12972,-168,111,61
-11880,-356,-12740,-186,127,21
-11900,-352,-12684,-165,79,-2
-11928,-400,-12800,-163,92,-3
-11888,-388,-12764,-162,82,26
-11928,-252,-12660,-155,96,-2
-11888,-360,-12724,-153,87,12
-11900,-424,-12728,-176,117,24
-11916,-300,-12660,-168,83,3
-11884,-264,-12852,-149,106,13
-11952,-376,-12728,-160,105,21
-11940,-284,-12732,-139,92,21
-11860,-308,-12744,-174,109,22
-11892,-264,-12824,-155,101,-5
-11904,-204,-12720,-165,104,30
-11852,-312,-12784,-158,103,36
-12032,-324,-12660,-170,102,4
-11872,-412,-12756,-183,92,3
-11888,-256,-12752,-167,124,17
-11844,-292,-12772,-164,99,15
-11932,-340,-12860,-145,100,44
-11928,-348,-12772,-174,106,20
-11948,-424,-12652,-147,69,12
-11908,-344,-12720,-161,111,-1
-11936,-336,-12740,-158,124,26
-11904,-340,-12828,-159,102,-6
-12044,-344,-12736,-177,99,6
-11980,-336,-12676,-145,81,10
-11892,-368,-12740,-161,71,3
-11880,-376,-12728,-154,85,6
-11864,-320,-12792,-185,136,25
-12032,-284,-12808,-182,99,28
-11924,-444,-12808,-141,101,4
-11960,-324,-12828,-128,126,8
-11856,-240,-12664,-172,48,-2
-11972,-248,-12712,-164,122,26
-11880,-256,-12872,-174,116,14
-11960,-336,-12676,-152,109,27
-11836,-440,-12932,-174,103,5
-11880,-332,-12816,-181,90,5
-12052,-312,-12716,-166,100,27
-11940,-288,-13028,-156,94,10
-11848,-340,-12804,-158,128,-1
-11748,-332,-12620,-170,86,17
-11896,-312,-12748,-149,109,-14
-11988,-332,-12736,-164,79,19
-11840,-320,-12848,-174,59,-12
-11848,-324,-12784,-178,78,-7
-11876,-360,-12704,-173,92,-9
-11932,-304,-12724,-167,120,35
-11904,-380,-12812,-157,117,23
-11960,-416,-12812,-172,83,9
-11976,-352,-12820,-159,116,32
-11960,-300,-12740,-173,93,16
-11948,-396,-12816,-142,95,22
-11948,-340,-12844,-153,105,18
-11868,-292,-12724,-161,102,28
-11956,-316,-12696,-160,128,19
-11912,-296,-12912,-158,91,10
-11948,-312,-12644,-171,117,27
-11796,-360,-12748,-163,92,11
-11900,-264,-12728,-173,129,7
-11908,-360,-12876,-169,91,9
-11908,-396,-12760,-158,126,28
-11980,-304,-12760,-150,115,24
-11960,-304,-12768,-152,115,9
-11892,-196,-12724,-175,124,7
-11856,-400,-12876,-155,100,12
-11940,-256,-12864,-173,77,14
-11940,-320,-12724,-164,124,8
-11920,-348,-12788,-156,99,30
-11956,-344,-12808,-158,90,25
-11964,-384,-12904,-142,113,12
-11968,-392,-12764,-185,117,1
-11888,-316,-12796,-158,61,18
-11944,-336,-12796,-149,100,24
-11900,-256,-12732,-179,81,15
-11924,-320,-12808,-149,93,-6
-11952,-320,-12828,-179,84,37
-11920,-344,-12792,-168,125,-3
-11856,-328,-12748,-187,88,-6
-11904,-312,-12832,-161,79,26
-12068,-356,-12884,-172,125,20
-11928,-296,-12924,-185,103,9
-11892,-336,-12808,-181,109,5
-11892,-352,-12740,-164,92,8
-11912,-344,-12772,-153,79,9
-11920,-320,-12888,-162,98,1
-11908,-292,-12720,-161,76,16
-11928,-396,-12816,-149,103,5
-11884,-328,-12732,-159,105,18
-11992,-408,-12752,-163,117,3
-11904,-508,-12828,-167,72,31
-11964,-332,-12916,-189,119,13
-11840,-392,-12780,-162,112,25
-11892,-340,-12740,-141,114,29
-11908,-284,-12852,-168,114,15
-11896,-332,-12744,-176,106,27
-11852,-424,-12732,-153,82,3
-11904,-328,-12844,-153,108,-4
-11936,-376,-12896,-156,124,26
-11848,-244,-12680,-162,113,13
-11984,-288,-12836,-167,116,9
-11960,-416,-12772,-164,112,2
-11952,-332,-12884,-168,99,23
-11880,-284,-12764,-161,99,21
-11896,-316,-12808,-151,99,11
-11880,-304,-12852,-149,91,5
-11836,-332,-12720,-167,79,11
-11924,-272,-12732,-152,116,2
-11896,-380,-12808,-159,90,-8
-11832,-308,-12796,-167,106,30
-11808,-296,-12812,-173,95,1
-11944,-300,-12924,-172,115,15
-11916,-340,-12736,-155,129,26
-11924,-368,-12776,-184,108,4
-11932,-296,-12744,-178,102,5
-11952,-212,-12756,-173,117,17
-11932,-400,-12680,-150,99,-2
-11884,-400,-12860,-156,137,1
-11816,-380,-12720,-159,89,23
-11988,-372,-12652,-153,76,18
-11916,-320,-12836,-148,85,-10
-11912,-376,-12824,-171,122,13
-12028,-380,-12728,-153,102,11
-11912,-384,-12816,-160,105,23
-11940,-296,-12772,-156,115,2
-11844,-388,-12692,-174,106,10
-11960,-340,-12760,-149,86,18
-11980,-336,-12728,-168,99,13
-11844,-304,-12628,-161,82,9
-11968,-424,-12744,-139,96,21
-11908,-324,-12684,-207,98,15
-11916,-272,-12672,-168,84,7
-11880,-280,-12736,-167,74,9
-11884,-360,-12800,-170,103,29
-11804,-388,-12776,-166,109,13
-11880,-324,-12692,-199,87,27
-11988,-388,-12708,-146,80,6
-11988,-344,-12816,-149,110,19
-11956,-296,-12724,-169,103,9
-11844,-272,-12664,-183,68,11
-11916,-320,-12748,-157,104,16
-11836,-368,-12708,-162,76,30
-11960,-412,-12824,-165,107,21
-12020,-308,-13020,-166,114,24
-11868,-396,-12792,-170,68,7
-11844,-320,-12748,-173,94,25
-11940,-392,-12556,-173,130,7
-11876,-348,-12776,-173,121,23
-11824,-400,-12872,-168,102,28
-11912,-316,-12816,-140,102,22
-11824,-272,-12648,-155,87,-11
-11844,-348,-12756,-169,86,4
-11876,-380,-12896,-158,122,-2
-11888,-268,-12572,-142,96,27
-11840,-416,-12756,-152,77,17
-11928,-392,-12704,-180,65,13
-11876,-388,-12664,-162,92,23
-11972,-224,-12692,-141,99,30
-11936,-376,-12752,-159,103,14
-11900,-340,-12720,-166,130,9
-11940,-248,-12772,-145,99,8
-11916,-252,-12736,-187,105,31
-11896,-316,-12748,-165,95,3
-11836,-372,-12908,-166,118,20
-11896,-252,-12796,-161,116,28
-11836,-304,-12720,-170,84,33
-11872,-348,-12648,-158,121,12
-12080,-284,-12640,-156,87,20
-11892,-376,-12732,-148,87,30
-11796,-304,-12712,-163,116,30
-11892,-400,-12980,-177,91,7
-11936,-236,-12764,-172,102,10
-11884,-304,-12764,-150,82,23
-11956,-316,-12800,-174,89,12
-11888,-240,-12784,-159,93,17
-11948,-348,-12732,-150,113,22
-11932,-292,-12760,-178,93,34
-11924,-380,-12976,-160,123,30
-11916,-436,-12768,-178,113,17
-11868,-396,-12672,-159,94,28
-11932,-272,-12732,-160,107,19
-11928,-352,-12852,-159,119,12
-11928,-232,-12880,-149,94,18
-11984,-296,-12652,-172,110,25
-11868,-352,-12664,-163,68,14
-11820,-420,-12692,-160,77,35
-11860,-336,-12636,-140,91,36
-11960,-348,-12700,-166,79,0
-11948,-416,-12704,-188,102,19
-11840,-324,-12692,-146,141,7
-11812,-276,-12924,-158,86,23
-11924,-396,-12784,-170,90,-8
-11940,-328,-12756,-151,83,15
-12072,-284,-12764,-164,124,9
-11872,-360,-12780,-151,101,-4
-11820,-372,-12728,-202,109,21
-11980,-232,-12692,-158,54,30
-11964,-404,-12824,-148,98,4
-11944,-256,-12716,-146,94,3
-11976,-328,-12712,-157,103,21
-11896,-332,-12864,-170,147,27
-11948,-396,-12940,-187,117,23
-11920,-492,-12952,-156,104,0
-11876,-392,-12652,-135,85,5
-11804,-292,-12728,-173,114,29
-11920,-372,-12768,-150,104,24
-11824,-412,-12716,-163,118,-8
-11932,-364,-12828,-152,88,-8
-12,84,1016,-324,-12872,-158
-12,84,1016,-324,-12872,-158
-12,84,1016,-324,-12872,-158
-11924,-272,-12824,-150,71,7
-11892,-304,-12756,-146,103,22
-11908,-372,-12800,-143,96,11
-11908,-324,-12820,-170,95,33
-11908,-204,-12628,-149,205,34
-11936,-372,-12784,-165,100,16
-11932,-340,-12824,-158,90,2
-11864,-316,-12772,-169,121,26
-11804,-540,-12716,-153,78,13
-11944,-252,-12784,-137,92,-9
-11904,-260,-12792,-167,79,-1
-11956,-308,-12808,-157,70,-7
-11928,-404,-12720,-161,100,25
-11964,-392,-12840,-158,124,5
-11888,-312,-12776,-163,97,16
-11880,-340,-12660,-157,85,-5
-11924,-316,-12752,-160,73,13
-11932,-400,-12928,-159,107,12
-11896,-364,-12844,-168,105,8
-11972,-324,-12748,-148,77,22
-11916,-316,-12844,-179,91,15
-11876,-416,-12724,-148,96,43
-11936,-376,-12704,-176,98,3
-12012,-228,-12732,-158,108,-10
-11832,-428,-12628,-161,122,22
-11984,-372,-12948,-174,85,23
-11960,-404,-12756,-155,94,12
-11948,-336,-12816,-177,112,5
-11940,-268,-12780,-160,83,5
-11960,-268,-12784,-171,125,-2
-11984,-408,-12748,-172,103,39
-11932,-332,-12748,-160,113,-4
-11956,-260,-12852,-144,82,26
-11948,-460,-12648,-153,91,10
-11884,-308,-12836,-183,93,4
-11932,-308,-12848,-152,81,6
-11880,-424,-12712,-198,65,36
-11880,-412,-12692,-146,111,24
-11876,-436,-12732,-179,96,29
-11852,-276,-12812,-154,104,-1
-11852,-320,-12720,-151,80,-11
-11848,-320,-12848,-142,162,10
-11916,-308,-12760,-137,84,-12
-11952,-548,-12760,-220,31,66
-11944,-376,-12812,-175,212,15
-11692,-256,-12868,-147,64,-4
-11984,-436,-12840,-189,56,33
-12012,-388,-12736,-149,55,-12
-11880,-368,-12608,-165,132,7
-11960,-340,-12828,-146,135,20
-11888,-376,-12812,-149,62,9
-11936,-364,-12664,-168,127,-6
-11940,-280,-12880,-148,113,19
-11960,-292,-12744,-162,83,1
-11844,-304,-12740,-180,90,20
-11920,-364,-12936,-170,83,21
-11928,-288,-12756,-161,94,15
-12004,-272,-12792,-165,95,18
-11856,-456,-12560,-155,81,28
-11824,-336,-12720,-170,141,9
-11936,-432,-12852,-171,121,-4
-11900,-400,-12652,-138,73,16
-11824,-324,-12740,-163,91,10
-11936,-288,-12868,-151,107,26
-11772,-292,-12720,-182,124,15
-11944,-364,-12732,-146,98,19
-11888,-336,-12856,-154,122,12
-11880,-276,-127492,-161,92,8
-11880,-276,-127492,-161,92,8
-11880,-276,-127492,-161,92,8
-11880,-276,-127492,-161,92,8
-11932,-316,-12872,-155,86,3
-11932,-224,-12728,-162,92,14
-11832,-364,-12788,-158,100,3
-11936,-388,-12768,-160,130,9
-11924,-280,-12652,-163,73,24
-11920,-312,-12796,-180,144,10
-12020,-332,-12700,-177,87,-2
-11972,-344,-12732,-146,81,11
-11888,-304,-12860,-174,92,12
-12012,-348,-12856,-170,85,10
-11888,-408,-12776,-163,128,7
-11816,-312,-12712,-163,81,12
-11856,-372,-12916,-179,106,47
-11944,-320,-12816,-171,120,4
-11992,-300,-12792,-180,74,5
-12000,-392,-12568,-164,85,30
-11936,-328,-12856,-171,100,12
-11940,-384,-12624,-177,130,25
-11832,-388,-12840,-183,76,15
-11880,-296,-12740,-146,128,1
-11952,-348,-12608,-165,77,4
-11832,-360,-12692,-161,102,17
-11892,-292,-12752,-163,91,38
-11948,-264,-12736,-141,116,31
-11784,-340,-12716,-158,131,25
-,-12784,-111904,-32470,96,18
-11908,-304,-12672,-129,113,29
-11852,-340,-12900,-165,94,30
-11832,-372,-12784,-157,84,16
-11916,-364,-12688,-178,117,-3
-11852,-320,-12928,-156,88,23
-11912,-328,-12664,-148,104,12
-11904,-320,-12688,-148,104,-9
-11992,-292,-12936,-146,118,12
-11916,-336,-12888,-142,101,13
-11912,-284,-12784,-186,108,25
-11916,-424,-12792,-176,105,25
-11828,-372,-12840,-153,107,17
-11928,-244,-12712,-161,125,-5
-11924,-400,-12792,-162,105,5
-11900,-356,-12720,-166,43,1
-11916,-332,-12852,-158,85,19
-11948,-400,-12720,-154,100,51
-11868,-304,-12724,-154,102,13
-11900,-264,-12840,-159,92,-2
-11884,-300,-12840,-145,75,3
-11864,-296,-12856,-150,120,46
-11964,-404,-12652,-163,94,33
-11924,-292,-12748,-161,96,13
-11916,-424,-12728,-154,88,2
-11908,-360,-12768,-152,117,-4
-11948,-268,-12792,-150,96,25
-11876,-272,-12792,-161,117,16
-11912,-252,-12700,-148,97,-11
-11868,-248,-12640,-152,80,34
-11936,-376,-12728,-159,75,4
-11904,-380,-12688,-149,117,17
-11820,-308,-12824,-166,104,19
-11864,-344,-12836,-171,64,33
-11944,-396,-12704,-137,82,-11
-11900,-312,-12796,-157,117,21
-11848,-396,-12720,-176,119,-14
-11964,-384,-12624,-160,130,41
-11848,-272,-12688,-166,117,10
-11900,-364,-12768,-157,98,10
-11952,-292,-12844,-184,71,25
-11860,-324,-12852,-161,95,23
-11872,-308,-12816,-177,117,28
-11932,-360,-12632,-180,85,20
-11968,-360,-12728,-169,106,17
-11900,-268,-12836,-166,98,30
-11804,-340,-12836,-160,113,14
-11864,-328,-12820,-155,126,12
-11876,-296,-12648,-196,75,16
-11932,-296,-12836,-160,122,32
-11948,-328,-12552,-148,125,16
-11856,-332,-12676,-172,83,13
-11956,-364,-12788,-145,141,28
-11892,-400,-12932,-154,90,18
-11936,-228,-12804,-135,79,28
-12020,-284,-12812,-173,104,15
-11928,-296,-12920,-163,86,2
-11944,-372,-12684,-162,104,24
-11956,-332,-12716,-185,86,-1
-11832,-356,-12688,-166,114,8
-11912,-392,-12668,-179,76,30
-11932,-364,-12840,-177,87,13
-11960,-328,-12784,-163,69,20
-11840,-332,-12768,-163,87,16
-11888,-384,-12788,-168,52,33
-11924,-356,-12744,-173,135,27
-12008,-252,-12796,-162,125,22
-11892,-352,-12680,-154,76,36
-11868,-364,-12688,-163,104,6
-11884,-280,-12768,-160,126,19
-11908,-368,-12836,-168,75,17
-11776,-356,-12708,-176,69,27
-11972,-376,-12720,-171,109,25
-11868,-324,-12708,-145,109,10
-11940,-364,-12788,-135,74,13
-11832,-308,-12668,-164,97,17
-11824,-284,-12872,-134,89,12
-11836,-352,-12808,-174,92,-19
-11884,-300,-12732,-155,100,25
-11900,-340,-12744,-157,100,10
-11860,-324,-12796,-180,95,16
-11860,-344,-12892,-164,101,7
-11824,-336,-12764,-147,97,12
-11912,-300,-12668,-184,96,20
-11868,-308,-12636,-148,112,3
-11948,-280,-12836,-158,96,11
-11920,-304,-12572,-159,134,32
-11920,-344,-12764,-154,111,12
-11940,-392,-12684,-170,72,-11
-11960,-356,-12800,-148,96,28
-11912,-428,-12756,-176,95,21
-11880,-288,-12596,-186,135,13
-11940,-420,-12756,-166,103,15
-11896,-296,-12716,-162,111,18
-11956,-260,-12808,-163,90,14
-11912,-344,-12576,-176,87,27
-11928,-348,-12772,-167,64,-6
-11964,-316,-12924,-172,107,-10
-12004,-452,-12744,-191,97,6
-11916,-320,-12788,-141,74,4
-11932,-472,-12864,-165,114,23
-11964,-360,-12832,-175,86,13
-11848,-332,-12816,-169,95,40
-11936,-272,-12780,-156,66,-2
-12032,-288,-12652,-168,128,-8
-11908,-320,-12888,-171,68,8
-11872,-324,-12916,-152,71,25
-11932,-352,-12656,-175,60,23
-11836,-312,-12720,-142,122,7
-11848,-372,-12876,-167,101,25
-11920,-348,-12736,-155,82,21
-11912,-320,-12864,-178,63,2
-11908,-436,-12732,-160,110,40
-11908,-340,-12756,-150,89,29
-11952,-352,-12860,-156,101,15
-11844,-284,-12908,-169,114,3
-11956,-304,-12768,-168,148,22
-11944,-320,-12572,-158,87,23
-11972,-364,-12596,-145,120,-5
-11944,-356,-12600,-166,124,4
-11876,-252,-12620,-163,89,14
-11908,-320,-12728,-174,85,13
-11932,-392,-12808,-148,95,26
-11812,-292,-12788,-179,113,24
-11884,-368,-12712,-176,80,1
-12024,-360,-12724,-148,78,26
-11840,-232,-12776,-159,101,2
-11932,-344,-12768,-162,119,5
-11824,-280,-12696,-171,101,30
-11908,-368,-12848,-138,111,18
-11928,-284,-12804,-181,81,1
-11880,-412,-12696,-187,112,13
-11896,-284,-12776,-172,89,-13
-11944,-344,-12924,-172,74,16
-11908,-356,-12760,-155,82,14
-11948,-416,-12628,-141,106,28
-11904,-248,-12836,-160,94,-8
-11996,-348,-12848,-151,81,8
-11968,-284,-12756,-191,125,-1
-11828,-392,-12984,-157,112,11
-11836,-372,-12608,-150,101,16
-11888,-368,-12876,-149,97,4
-11904,-408,-12808,-163,103,22
-11880,-276,-12684,-166,98,30
-11824,-200,-12744,-147,76,34
-11920,-304,-12688,-159,85,15
-11888,-284,-12776,-149,79,14
-11784,-288,-12688,-146,88,8
-11988,-372,-12840,-181,95,33
-11924,-308,-12888,-167,112,-1
-11912,-320,-12696,-149,85,23
-11940,-336,-12808,-153,96,-3
-11824,-244,-12836,-146,89,25
-11848,-360,-12848,-151,84,18
-11880,-372,-12720,-160,100,26
-11888,-436,-12744,-149,125,8
-12044,-348,-12836,-140,139,25
-11904,-388,-12716,-178,77,12
-11904,-272,-12740,-175,92,28
-11908,-276,-12768,-168,86,27
-11892,-328,-12712,-171,84,3
-11880,-284,-12740,-152,113,14
-11860,-348,-12668,-169,72,7
-11828,-332,-12784,-151,98,11
-11892,-412,-12844,-176,96,13
-11936,-256,-12676,-156,116,18
-11916,-440,-12792,-186,109,3
-11892,-264,-12800,-167,135,27
-11776,-420,-12712,-140,88,53
-11940,-536,-12812,-133,79,9
-11928,-376,-12704,-172,83,31
-11880,-328,-12712,-163,106,15
-11864,-316,-12692,-142,101,37
-11888,-320,-12696,-155,122,7
-11916,-344,-12676,-162,73,15
-11856,-344,-12660,-178,124,7
-11872,-336,-12644,-165,96,17
-11964,-268,-12836,-167,72,3
-11952,-348,-12688,-143,103,11
-11884,-344,-12756,-170,122,-11
-11956,-396,-12720,-137,130,25
-11872,-300,-12764,-162,131,22
-11940,-316,-12856,-146,82,16
-11924,-380,-12776,-170,92,21
-11916,-256,-12856,-162,123,46
-11952,-256,-12564,-151,83,20
-11836,-372,-12728,-176,118,31
-11888,-524,-12676,-156,125,27
-11844,-452,-12684,-180,116,7
-11892,-384,-12796,-142,113,14
-12004,-252,-12732,-161,73,11
-11944,-412,-12780,-153,118,-2
-11912,-400,-12728,-183,106,-6
-11892,-412,-12660,-167,126,23
-11972,-376,-12800,-154,101,4
-11940,-332,-12852,-159,113,18
-11848,-316,-12800,-163,95,19
-11928,-268,-12788,-143,83,9
-11840,-380,-12808,-181,121,16
-11928,-424,-12884,-181,124,24
-11836,-316,-12700,-142,81,2
-11904,-216,-12760,-164,92,20
-11844,-304,-12860,-167,96,17
-11836,-264,-12676,-165,96,32
-11952,-256,-12696,-156,99,-3
-11904,-328,-12660,-182,69,51
-11976,-360,-12720,-182,102,0
-12004,-312,-12704,-168,36,33
-11892,-440,-12764,-157,98,15
-11872,-248,-12720,-172,113,21
-11948,-364,-12616,-155,126,18
-11952,-324,-12760,-165,94,31
-11876,-392,-12736,-169,68,11
-11944,-276,-12712,-165,83,20
-11948,-316,-12712,-183,81,12
-11928,-332,-12628,-172,117,7
-11884,-308,-12708,-149,123,-5
-12020,-320,-12636,-178,122,5
-11928,-328,-12720,-173,77,3
-11968,-296,-12856,-140,88,19
-11956,-344,-12740,-166,81,21
-11864,-288,-12844,-177,108,34
-11868,-364,-12700,-160,115,1
-12012,-376,-12736,-163,92,14
-11920,-220,-12980,-145,111,-1
-11944,-340,-12764,-159,86,10
-11844,-260,-12836,-174,125,17
-11876,-372,-12756,-134,115,24
-11880,-352,-12696,-141,102,31
-11892,-392,-12740,-166,79,25
-11856,-424,-12740,-181,99,15
-11944,-324,-12788,-151,86,1
-11944,-380,-12660,-166,110,15
-11880,-376,-12784,-141,96,27
-11964,-336,-12808,-159,91,25
-11832,-440,-12724,-161,95,4
-11984,-332,-12716,-149,76,-14
-11948,-260,-12800,-154,82,13
-11904,-280,-12596,-156,81,3
-11984,-280,-12668,-159,86,30
-11876,-356,-12896,-158,86,-2
-11964,-428,-12720,-137,106,2
-11940,-332,-12724,-155,102,25
-11908,-284,-12660,-134,108,-11
-11912,-316,-12744,-164,120,29
-11840,-428,-12764,-151,110,5
-11912,-272,-12832,-161,45,21
-11852,-300,-12844,-175,85,28
-11952,-364,-12708,-178,92,20
-11912,-372,-12596,-157,95,4
-11852,-396,-12740,-152,98,6
-11856,-284,-12692,-177,127,29
-11980,-380,-12772,-172,88,-2
-11928,-372,-12708,-152,115,-11
-11924,-332,-12712,-186,85,33
-11964,-368,-12748,-163,110,4
-11988,-360,-12600,-163,132,4
-11992,-328,-12704,-162,114,9
-11920,-272,-12796,-158,87,5
-11952,-360,-12688,-167,87,21
-11964,-380,-13016,-170,114,0
-11876,-348,-12672,-158,88,38
-11916,-396,-12776,-153,111,18
-11932,-444,-12724,-166,84,22
-11924,-336,-12888,-174,101,-8
-11876,-344,-12592,-149,101,5
-11984,-308,-12696,-147,98,33
-11852,-356,-12724,-160,112,12
-11880,-280,-12688,-163,122,-4
-11884,-360,-12844,-160,64,16
-11888,-272,-12848,-148,106,1
-11972,-284,-12656,-166,92,-5
-11804,-332,-12612,-170,97,28
-11932,-340,-12772,-163,107,51
-11956,-340,-12864,-163,128,12
-11852,-400,-12688,-189,126,30
-11952,-224,-12760,-171,87,4
-11940,-292,-12580,-157,116,8
-11892,-332,-12872,-183,109,13
-11884,-372,-12664,-170,102,19
-11824,-336,-12684,-168,113,1
-11972,-324,-12624,-163,104,21
-11904,-364,-12808,-170,102,2
-11936,-356,-12760,-143,81,34
-11900,-280,-12732,-156,107,12
-11848,-344,-12572,-162,99,3
-11824,-340,-12780,-165,152,33
-11836,-352,-12708,-136,102,14
-11868,-408,-12652,-156,116,43
-11972,-260,-12856,-164,80,10
-11960,-312,-12740,-160,103,44
-11948,-348,-12924,-157,107,35
-11964,-332,-12672,-171,115,18
-11924,-388,-12824,-158,119,36
-11928,-364,-12844,-157,83,31
-12016,-400,-12808,-182,80,3
-11888,-308,-12676,-146,117,21
-11920,-260,-12748,-160,93,-13
-11908,-352,-12784,-150,114,-7
-11948,-344,-12688,-159,93,20
-11936,-320,-12856,-159,96,20
-11988,-384,-12692,-154,72,36
-12000,-324,-12716,-189,97,-2
-11984,-280,-12640,-149,104,-7
-11948,-360,-12720,-152,86,26
-11892,-424,-12700,-164,106,32
-11752,-292,-12600,-135,118,37
-11876,-392,-12648,-155,78,9
-11920,-296,-12756,-175,110,-2
-11936,-368,-12620,-139,110,11
-11840,-368,-12628,-161,96,48
-11944,-360,-12756,-167,107,-3
-11920,-320,-12816,-157,101,10
-12008,-400,-12800,-165,79,21
-11956,-320,-12724,-151,98,3
-11972,-228,-12960,-178,75,9
-11848,-148,-12816,-159,135,3
-11912,-424,-12800,-161,109,5
-11872,-360,-12636,-169,108,11
-11916,-328,-12628,-131,92,28
-11904,-264,-12792,-171,69,11
-11944,-344,-12672,-163,117,13
-11948,-344,-12548,-157,129,15
-11892,-376,-12844,-178,112,0
-11976,-212,-12784,-160,113,31
-11896,-280,-12644,-176,89,25
-11976,-320,-12764,-159,65,34
-11996,-388,-12784,-161,94,7
-11916,-292,-12592,-160,143,43
-11900,-296,-12704,-158,91,29
-11972,-328,-12820,-175,117,25
-11916,-376,-12904,-143,98,7
-11956,-348,-12776,-169,95,1
-11932,-264,-12796,-134,82,22
-11904,-328,-12704,-162,122,17
-11888,-292,-12756,-151,130,33
-11960,-324,-12856,-150,77,21
-11916,-380,-12724,-155,79,11
-11968,-320,-12844,-164,121,13
-11920,-328,-12716,-158,103,9
-11856,-396,-12688,-171,112,19
-11936,-348,-12920,-173,105,11
-11948,-272,-12824,-152,100,5
-11948,-312,-12772,-169,80,11
-11904,-332,-12704,-176,101,9
-11864,-332,-12856,-170,95,-15
-11900,-328,-12772,-169,91,24
-11904,-308,-12792,-174,84,1
-11880,-392,-12740,-151,95,20
-11972,-328,-12592,-176,103,22
-11944,-300,-12876,-147,54,4
-11800,-352,-12880,-173,77,-7
-11860,-408,-12808,-142,122,3
-12016,-404,-12656,-148,107,13
-11948,-336,-12784,-148,111,17
-11888,-368,-12744,-184,72,-11
-12000,-292,-12652,-152,78,4
-11780,-320,-12640,-200,66,63
-11988,-332,-12748,-165,128,12
-11892,-336,-12864,-162,118,11
-11948,-288,-12648,-188,94,11
-11932,-344,-12580,-159,110,29
-11888,-360,-12600,-170,82,12
-11880,-268,-12864,-184,80,12
-11904,-316,-12760,-155,99,13
-11960,-312,-12664,-168,111,3
-11944,-404,-12764,-172,110,5
-11992,-384,-12556,-167,70,42
-11908,-300,-12804,-133,100,31
-11948,-320,-12896,-170,94,29
-11908,-264,-12712,-146,110,16
-11828,-292,-12712,-155,131,24
-11960,-312,-12652,-189,93,5
-11912,-400,-12844,-168,83,22
-11920,-316,-12808,-166,77,25
-11936,-344,-12708,-147,106,20
-11988,-292,-12804,-167,92,9
-11856,-392,-12808,-170,113,6
-11892,-340,-12748,-163,56,9
-11856,-324,-12836,-156,62,11
-11864,-268,-12548,-193,91,25
-11888,-420,-12628,-154,89,12
-11892,-328,-12940,-159,123,10
-11900,-328,-12796,-143,102,2
-11948,-336,-12640,-170,79,7
-11920,-344,-12748,-168,107,10
-11888,-288,-12852,-171,85,24
-11912,-292,-12612,-152,92,20
-11880,-412,-12940,-170,116,16
-11780,-260,-12732,-166,129,26
-11992,-396,-12836,-133,100,2
-11860,-320,-12608,-133,59,2
-11892,-296,-12852,-150,120,14
-11916,-328,-12732,-157,119,6
-11892,-384,-12632,-144,87,13
-11896,-356,-12848,-167,105,11
-11748,-236,-12852,-169,79,9
-11900,-296,-12692,-158,96,30
-11916,-388,-12784,-150,94,8
-11936,-344,-12872,-161,67,28
-11940,-440,-12720,-165,97,11
-11836,-236,-12900,-162,117,24
-11976,-424,-12744,-159,76,1
-12004,-420,-12680,-176,91,31
-12028,-380,-12816,-175,107,24
-11992,-396,-12728,-164,102,20
-11856,-340,-13004,-161,90,-12
8,-328,-12684,-168,106,16
-11916,-328,-12652,-151,106,15
-11996,-308,-12588,-165,87,3
-11784,-308,-12640,-160,97,36
-11912,-404,-12776,-136,130,1
-11952,-312,-12888,-161,105,23
-11892,-364,-12856,-169,74,17
-11924,-380,-12548,-149,95,-3
-11820,-356,-12776,-177,116,-5
-11960,-308,-12796,-161,122,6
-11956,-344,-12860,-152,99,10
-11884,-368,-12688,-139,58,8
-11920,-276,-12752,-134,69,28
-11984,-268,-12824,-144,58,14
-11792,-280,-12720,-183,81,-2
-11964,-324,-13004,-152,110,18
-11888,-292,-12924,-165,101,21
-11820,-340,-12672,-150,81,24
-11948,-260,-12764,-179,89,22
-11932,-324,-12748,-160,88,16
-11904,-384,-12728,-146,98,37
-11908,-336,-12596,-168,95,14
-11888,-480,-12736,-165,89,0
-11908,-364,-12832,-146,77,3
-11848,-392,-12740,-161,120,8
-11812,-332,-12776,-173,124,13
-11872,-312,-12752,-173,119,21
-11896,-348,-12876,-148,88,4
-11876,-320,-12704,-174,101,-3
-11928,-332,-12852,-155,91,17
-11912,-172,-12764,-163,98,8
-11996,-324,-12616,-139,112,18
-11952,-372,-12872,-166,123,24
-11896,-340,-12596,-136,112,8
-11924,-360,-12784,-161,84,12
-11880,-248,-12840,-146,92,8
-11944,-404,-12852,-163,108,2
-12008,-360,-12788,-166,120,27
-12012,-236,-12668,-159,105,18
-11952,-344,-12676,-166,125,-2
-11944,-292,-12888,-161,101,13
-11904,-368,-12748,-169,73,2
-11904,-308,-12724,-183,92,6
-11896,-328,-12676,-177,107,8
-11916,-384,-12928,-155,100,25
-11968,-380,-12724,-162,76,12
-11912,-332,-12840,-169,80,16
-12012,-312,-12668,-152,89,23
-11960,-332,-12748,-140,102,15
-12032,-312,-12592,-152,114,16
-11908,-356,-12780,-146,102,4
-11828,-416,-12692,-171,95,14
-11968,-276,-12684,-177,96,25
-11864,-380,-12780,-162,91,4
-11952,-352,-12680,-180,97,11
-11840,-292,-12828,-164,109,12
-11952,-340,-12676,-162,82,-7
-11916,-332,-12808,-188,57,4
-11976,-248,-12804,-170,107,9
-11848,-344,-12836,-150,111,35
-11852,-288,-12820,-156,126,27
-11880,-252,-12860,-179,103,3
-11844,-364,-12688,-163,116,30
-11972,-336,-12624,-171,82,27
-11892,-292,-12844,-186,106,-4
-11992,-284,-12808,-158,95,-7
-11960,-280,-12772,-142,110,22
-11832,-316,-12744,-182,99,58
-11884,-364,-12668,-166,109,24
-11948,-360,-12744,-151,104,11
-11904,-380,-12832,-167,73,19
-11936,-368,-12764,-184,86,25
-11964,-268,-12840,-159,107,0
-11904,-408,-12784,-147,88,14
-11916,-268,-12800,-156,93,8
-11856,-300,-12740,-167,113,35
-11904,-300,-12856,-169,93,-8
-11872,-276,-12808,-144,113,-5
-11888,-304,-12860,-161,100,14
-11924,-316,-12792,-162,97,20
-11904,-344,-12772,-170,117,-2
-11984,-356,-12668,-159,124,29
-11988,-316,-12732,-180,93,3
-11844,-280,-12864,-155,117,21
-11900,-392,-12688,-160,106,-6
-11984,-292,-12800,-177,87,3
-11848,-388,-12824,-168,134,4
-11844,-340,-12824,-145,82,31
-11904,-292,-12716,-181,99,18
-11896,-408,-12892,-157,116,46
-11936,-380,-12716,-162,92,27
-11940,-328,-12856,-151,113,4
-11932,-292,-12668,-173,108,-11
-11936,-360,-12648,-157,106,15
-11928,-360,-12800,-152,91,14
-11880,-324,-12752,-128,63,27
-11956,-308,-12736,-160,118,3
-11984,-328,-12828,-166,103,13
-11912,-292,-12648,-160,93,8
-11948,-396,-12616,-163,75,12
-11880,-384,-12824,-160,71,25
-11920,-208,-12696,-160,100,15
-11864,-344,-12732,-159,111,10
-11852,-320,-12652,-141,104,29
-11852,-244,-12680,-169,52,41
-11836,-300,-12836,-165,98,-1
-12060,-276,-12752,-138,128,18
-11940,-240,-12748,-136,114,12
-11948,-348,-12688,-154,89,27
-11912,-420,-12820,-180,73,-12
-11912,-308,-12800,-156,96,12
-11908,-356,-12712,-170,94,24
-11872,-356,-12628,-143,71,23
-11944,-396,-12628,-162,101,38
-11908,-404,-12748,-179,97,6
-11932,-336,-12644,-174,70,28
-11936,-356,-12828,-152,117,6
-11944,-368,-12904,-165,118,2
-11876,-360,-12808,-158,99,27
-11888,-324,-12604,-155,84,7
-11928,-280,-12796,-165,91,32
-11900,-328,-12852,-138,100,18
-11836,-324,-12748,-178,103,18
-12012,-356,-12672,-168,86,22
-11916,-312,-12848,-170,85,25
-11824,-264,-12756,-169,105,21
-12004,-324,-12708,-152,93,1
-11808,-388,-12632,-170,77,4
-11944,-320,-12912,-144,911924,3
-1,-368,-12824,-156,69,13
-11972,-304,-12676,-174,116,23
-11956,-352,-12836,-173,116,2
-11852,-372,-12700,-157,77,18
-11952,-396,-12560,-163,97,17
-11988,-328,-12780,-170,96,22
-11848,-384,-12832,-150,106,-10
-11896,-404,-12828,-163,112,27
-11912,-308,-12868,-148,93,17
-11932,-344,-12636,-170,114,20
-11924,-340,-12864,-177,86,25
-11964,-336,-12764,-173,100,-9
-12000,-380,-12832,-164,91,26
-11884,-272,-12732,-150,66,7
-11968,-276,-12804,-187,81,19
-11900,-316,-12792,-144,128,13
-11948,-380,-12480,-180,93,32
-11876,-356,-12796,-167,135,49
-11864,-340,-12688,-141,87,5
-11908,-348,-12808,-166,,-11125
-11908,-348,-12808,-166,,-11125
-11936,-440,-12788,-149,129,21
-11888,-304,-12816,-165,109,17
-11976,-280,-12808,-157,86,14
-11920,-404,-12756,-148,97,14
-11844,-320,-12660,-141,108,21
-11984,-416,-12836,-178,72,32
-11920,-320,-12824,-173,112,19
-11916,-284,-12768,-182,99,4
-11968,-456,-12792,-177,105,0
-11824,-272,-12720,-142,110,20
-11868,-348,-12732,-182,103,15
-11992,-396,-12788,-160,76,35
-11904,-340,-12748,-168,67,5
-11848,-224,-12904,-153,101,11
-11868,-332,-12812,-173,115,4
-11992,-388,-12696,-158,107,-18
-11992,-292,-12700,-161,91,19
-11868,-248,-12772,-185,105,34
-11844,-400,-12884,-172,78,23
-11912,-360,-12808,-155,107,25
-11860,-384,-12776,-150,106,13
-11884,-300,-12728,-147,95,-8
-12000,-364,-12764,-130,108,24
-11932,-348,-12792,-176,102,34
-11864,-324,-12684,-188,115,7
-11884,-248,-12660,-145,116,-10
-11916,-416,-12740,-181,93,1
-11824,-252,-12808,-158,124,4
-11976,-292,-12720,-144,101,3
-11856,-300,-12892,-176,105,8
-11920,-304,-12792,-133,95,12
-11892,-312,-12764,-174,74,24
-11924,-296,-12720,-118,84,21
-11832,-304,-12844,-153,116,41
-11912,-344,-12712,-191,73,25
-11940,-312,-12720,-169,107,27
-11884,-372,-12784,-155,75,13
-11860,-296,-12756,-153,116,28
-11996,-256,-12772,-162,113,3
-11832,-304,-12784,-164,70,18
-11884,-312,-12600,-147,87,30
-11936,-292,-12736,-186,79,19
-11900,-400,-12656,-159,108,13
-11924,-352,-12656,-152,105,33
-11852,-404,-13000,-146,109,1
-11916,-408,-12736,-149,80,14
-11936,-308,-12700,-171,104,-1
-11992,-400,-12812,-154,86,2
-11920,-348,-12712,-160,93,31
-11912,-288,-12792,-172,90,3
-11988,-316,-12720,-167,88,23
-11928,-332,-12772,-128,99,14
-12020,-252,-12716,-151,105,47
-11948,-356,-12724,-178,101,27
-11856,-384,-12692,-169,92,-14
-11888,-272,-12820,-159,102,10
-11980,-252,-12824,-152,95,19
-11880,-408,-12740,-178,116,22
-11848,-316,-12820,-167,91,10
-11884,-252,-12672,-162,120,11
-11780,-304,-12568,-149,73,2
-1191620,-159,9,-228,-1281,21
-11952,-352,-12836,-163,97,20
-11804,-372,-12740,-160,95,9
-11864,-380,-12880,-166,85,7
-11888,-312,-12660,-168,85,-1
-11936,-244,-12616,-154,64,18
-11908,-364,-12896,-162,123,18
-11912,-324,-12732,-168,115,27
-11932,-404,-12856,-161,124,18
-11888,-280,-12860,-170,76,23
-11944,-352,-12776,-157,63,-5
-11868,-320,-12720,-171,91,24
-11916,-248,-12584,-177,116,19
-11992,-364,-12808,-179,131,21
-12000,-324,-12532,-171,108,5
-12020,-336,-12828,-149,89,9
-11960,-332,-12808,-172,93,12
-11980,-204,-12748,-173,80,6
-11956,-380,-12740,-176,124,-4
-11804,-272,-12656,-157,74,-14
-11908,-332,-12764,-158,87,14
-11664,-1144,-12872,-173,194,76
-11920,-472,-12884,-153,80,36
-11872,-320,-12792,-169,-3,20
-11856,-444,-12708,-149,30,31
-11912,-188,-12784,-150,69,16
-11828,-372,-12700,-173,113,18
-11860,-444,-12724,-183,127,15
-11992,-388,-12724,-171,117,35
-11796,-360,-12692,-143,113,-8
-11912,-412,-12744,-150,116,-1
-11920,-340,-12748,-177,121,-9
-11908,-420,-12804,-168,78,17
-11852,-344,-12660,-163,58,0
-11980,-324,-12844,-155,93,0
-11928,-424,-12676,-166,133,22
-11948,-284,-12756,-160,91,-21
-11864,-372,-12728,-186,80,27
-11880,-452,-12632,-147,62,30
-11944,-332,-12728,-149,144,27
-11944,-288,-12924,-154,89,1
-11868,-232,-12688,-162,133,25
-11820,-332,-12864,-155,106,39
-11884,-224,-12672,-177,133,19
-11908,-352,-12624,-150,88,32
-11888,-308,-12572,-164,111,-16
-11852,-348,-12736,-137,81,15
-12084,-472,-12836,-113,115,-25
-11916,-384,-12700,-197,95,-3
-11948,-320,-12776,-177,77,14
-11932,-328,-12836,-144,117,-4
-11964,-296,-12884,-161,150,10
-11884,-376,-12804,-185,118,11
-11844,-276,-12916,-165,80,28
-11892,-320,-12880,-138,100,23
-11940,-324,-12800,-168,87,-6
-11964,-400,-12892,-179,125,-1
-11888,-324,-12824,-149,105,18
-11884,-284,-12736,-156,114,19
-11952,-400,-12580,-161,93,15
-11932,-372,-12720,-158,78,8
-11928,-252,-12688,-159,90,30
-11868,-356,-12772,-143,88,18
-11908,-340,-12700,-166,118,23
-11876,-384,-12740,-152,112,-3
-11884,-200,-12708,-167,91,14
-12000,-392,-12808,-156,89,38
-11924,-376,-12744,-160,111,21
-11908,-364,-12752,-155,57,-6
-11936,-316,-12680,-167,90,16
-11932,-396,-12772,-164,89,18
-11928,-324,-12856,-153,93,27
-11892,-376,-12824,-168,86,21
-11884,-396,-12748,-161,102,0
-11876,-316,-12768,-146,104,-17
-11936,-328,-12668,-163,87,9
-11920,-360,-12784,-168,98,44
-11964,-376,-12740,-179,88,21
-11852,-432,-12764,-141,120,4
-11948,-208,-12848,-180,118,12
-11896,-380,-12704,-162,83,-15
-11936,-288,-12684,-157,89,8
-11888,-348,-12808,-155,115,13
-11960,-260,-12784,-186,108,27
-11972,-344,-12856,-170,91,10
-11928,-404,-12624,-171,99,-12
-11864,-332,-12932,-181,89,13
-11972,-320,-12788,-136,105,11
-11956,-288,-12832,-154,92,17
-11908,-324,-12696,-176,97,23
-11908,-336,-12724,-172,117,28
-11892,-268,-12808,-153,98,29
-11876,-436,-12692,-172,104,45
-11868,-348,-12632,-165,98,8
-11920,-268,-12776,-186,89,2
-11876,-216,-12796,-136,112,10
-11936,-304,-12856,-158,99,16
-11868,-392,-12700,-173,124,-4
-11944,-244,-12612,-147,103,2
-11772,-376,-12888,-150,68,15
-11924,-284,-12724,-149,84,10
-11904,-300,-12928,-158,109,22
-11964,-304,-12760,-161,111,28
-11892,-332,-12772,-182,106,16
-11956,-324,-12700,-177,107,29
-11876,-308,-12748,-155,79,11
-11920,-436,-12768,-158,105,3
-11876,-328,-12724,-166,98,-2
-11976,-364,-12644,-143,64,25
-11912,-340,-12676,-173,113,1
-12016,-348,-12704,-164,107,22
-11852,-404,-12836,-147,90,18
-11816,-308,-12760,-147,86,30
-11936,-392,-12668,-152,91,12
-11940,-256,-12680,-164,97,8
-11916,-408,-12732,-165,82,12
-11940,-364,-12700,-170,110,-4
-11932,-324,-12632,-148,113,15
-11960,-448,-12704,-149,85,22
-11992,-300,-12860,-177,119,20
-11968,-352,-13000,-152,111,-4
-11928,-400,-12944,-186,83,-1
-11844,-276,-12800,-172,102,23
-12100,-168,-12792,-136,-9,7
-11804,-420,-12676,-159,88,34
-11804,-312,-12704,-172,97,33
-11860,-332,-12780,-141,81,19
-11916,-268,-12852,-160,132,13
-11848,-384,-12836,-136,91,2
-11792,-464,-12644,-159,109,13
-11820,-340,-12944,-160,107,11
-11868,-440,-12724,-185,127,3
-11904,-280,-12872,-164,60,28
-11960,-312,-12676,-178,82,33
-12012,-344,-12908,-162,144,17
-11880,-372,-12752,-135,88,-13
-11832,-312,-12680,-156,84,10
-11980,-384,-12780,-165,141,31
-11952,-300,-12712,-157,67,27
-11904,-368,-12576,-173,103,17
-11896,-400,-12824,-132,63,6
-11868,-336,-12760,-155,98,17
-11848,-280,-12728,-151,131,5
-11896,-316,-12860,-170,86,16
-11960,-320,-12676,-182,99,-2
-11992,-304,-12832,-151,112,16
-11904,-260,-12868,-166,117,7
-11824,-336,-12692,-153,125,4
-11916,-268,-12860,-148,119,15
-11868,-284,-12656,-148,125,12
-11916,-408,-13000,-170,101,10
-11892,-280,-12616,-158,111,5
-11836,-392,-12732,-171,89,17
-11832,-336,-12860,-179,138,21
-12016,-352,-12788,-164,79,7
-11860,-260,-12708,-213,97,22
-11880,-272,-12812,-146,125,4
-11896,-352,-12832,-163,87,-13
-11884,-468,-12744,-195,87,54
-12028,-320,-12864,-168,21,0
-11876,-212,-12884,-174,152,34
-11800,-368,-12728,-175,114,8
-11796,-276,-12604,-151,95,30
-11780,-336,-12568,-148,109,-26
-11844,-304,-12672,-166,86,14
-11900,-336,-12784,-188,76,2
-11936,-264,-12696,-172,114,7
-12024,-332,-12744,-162,108,22
-11916,-372,-12776,-169,81,8
-11932,-336,-12792,-147,100,31
-11916,-380,-12708,-188,93,-1
-12032,-340,-12712,-174,100,15
-11924,-336,-12776,-162,87,7
-11924,-340,-12708,-156,93,0
-11952,-256,-12656,-171,114,27
-11908,-276,-12924,-167,103,27
-11888,-340,-12680,-166,79,-5
-11908,-432,-12744,-152,77,20
-11908,-340,-12816,-171,95,3
-11952,-296,-12684,-158,131,23
-11956,-348,-12744,-163,103,29
-11928,-328,-12788,-172,108,8
-11976,-240,-12760,-163,134,28
-11932,-424,-12756,-177,85,-8
-11920,-364,-12692,-162,89,26
-11892,-292,-12792,-139,107,11
-11940,-272,-12784,-144,113,12
-11964,-364,-12800,-175,102,7
-11984,-360,-12608,-154,91,28
-12020,-380,-12760,-173,99,8
-11920,-380,-12732,-152,106,2
-11940,-380,-12800,-158,86,6
-11900,-364,-12772,-154,87,19
-11924,-420,-12812,-147,70,40
-11952,-372,-12852,-154,128,2
-11900,-340,-12608,-166,96,6
-11860,-420,-12840,-136,79,19
-11936,-316,-12916,-175,96,15
-11880,-364,-12828,-165,90,-6
-11872,-328,-12868,-164,134,21
-11976,-320,-12656,-155,98,3
-11900,-264,-12716,-161,80,20
-11892,-308,-12700,-171,120,16
-11944,-284,-12796,-138,64,1
-11908,-424,-12760,-153,114,16
-11932,-388,-12916,-157,97,27
-11960,-276,-12780,-145,125,11
-11964,-468,-12688,-147,57,1
-11844,-304,-12888,-157,90,37
-11960,-340,-12764,-171,112,34
-11824,-456,-12848,-160,120,8
-11908,-344,-12588,-162,105,20
-11908,-304,-12800,-161,82,15
-11900,-344,-12804,-145,62,20
-11920,-288,-12624,-167,105,22
