-568,-152,-18448,-160,77,11
-520,-256,-18264,-169,94,19
-504,-228,-18476,-159,91,9
-544,-204,-18252,-162,123,13
-520,-192,-18380,-168,104,-6
-608,-184,-18292,-154,92,9
-628,-248,-18160,-163,107,13
-604,-184,-18312,-177,116,1
-540,-232,-18360,-171,89,24
-648,-252,-18424,-174,120,45
-556,-208,-18224,-196,77,29
-636,-268,-18232,-182,100,5
-492,-280,-18296,-169,103,10
-464,-264,-18376,-150,104,37
-592,-288,-18352,-147,115,16
-512,-252,-18320,-165,111,22
-656,-228,-18356,-176,130,15
-580,-252,-18292,-148,129,-7
-640,-208,-18440,-159,96,34
-564,-284,-18372,-175,92,23
-560,-220,-18276,-144,87,22
-544,-332,-18356,-172,105,20
-552,-240,-18492,-175,98,12
-448,-212,-18360,-144,105,38
-604,-208,-18232,-132,93,19
-604,-208,-18432,-146,87,32
-624,-248,-18276,-194,98,17
-576,-212,-18236,-177,81,-13
-564,-244,-18408,-145,94,0
-572,-140,-18340,-183,99,14
-600,-256,-18320,-175,85,9
-564,-196,-18388,-163,104,7
-612,-252,-18204,-164,98,6
-524,-280,-18468,-177,118,23
-552,-216,-18424,-161,129,36
-560,-172,-18328,-169,99,23
-644,-288,-18332,-169,98,31
-644,-292,-18328,-161,111,9
-568,-272,-18320,-156,85,25
-480,-156,-18512,-153,78,15
-600,-284,-18408,-172,113,5
-636,-304,-18384,-172,124,33
-624,-212,-18408,-180,109,17
-536,-160,-18348,-155,92,29
-572,-272,-18304,-181,89,9
-580,-256,-18376,-147,96,37
-612,-332,-18280,-173,84,0
-564,-284,-18404,-165,97,2
-536,-212,-18312,-154,94,25
-612,-316,-18352,-158,88,16
-592,-308,-18420,-176,110,9
-476,-276,-18424,-150,135,26
-596,-152,-18508,-173,93,33
-624,-340,-18276,-159,107,5
-560,-340,-18392,-159,116,31
-564,-232,-18312,-128,84,17
-568,-276,-18392,-162,108,1
-584,-252,-18240,-178,95,15
-588,-168,-18300,-144,115,21
-640,-188,-18352,-159,111,22
-612,-128,-18340,-166,84,-6
-616,-260,-18372,-151,99,48
-616,-148,-18396,-168,81,-13
-568,-268,-18324,-151,101,19
-576,-276,-18400,-140,121,2
-572,-224,-18280,-155,92,-3
-640,-256,-18260,-165,112,14
-520,-192,-18340,-140,89,16
-496,-296,-18228,-163,94,-5
-560,-176,-18292,-185,60,27
-592,-320,-18344,-140,97,7
-464,-128,-18292,-151,100,26
-524,-200,-18316,-150,66,24
-552,-344,-18352,-168,120,14
-580,-164,-18224,-178,109,11
-656,-232,-18236,-163,114,10
-612,-244,-18388,-146,110,28
-628,-168,-18476,-176,61,20
-648,-148,-18272,-180,90,4
-592,-172,-18296,-168,100,12
-520,-252,-18256,-170,77,8
-592,-256,-18380,-147,123,2
-620,-228,-18164,-137,103,48
-576,-268,-18180,-166,99,28
-532,-212,-18212,-156,94,-3
-548,-344,-18376,-170,114,18
-636,-240,-18236,-164,117,12
-492,-244,-18388,-191,91,0
-608,-248,-18200,-158,96,5
-600,-240,-18352,-169,106,15
-580,-256,-18292,-147,81,23
-588,-304,-18304,-164,104,22
-568,-252,-18428,-169,104,19
-628,-272,-18428,-170,89,3
-592,-224,-18472,-148,116,26
-532,-272,-18256,-141,121,12
-500,-240,-18592,-162,106,8
-600,-208,-18376,-168,106,20
-616,-232,-18284,-173,129,12
-620,-264,-18260,-178,117,11
-692,-244,-18116,-158,86,23
-676,-200,-18264,-172,98,22
-628,-200,-18292,-167,77,17
-492,-240,-18372,-164,84,14
-580,-320,-18176,-150,108,8
-620,-268,-18204,-161,82,32
-536,-200,-18304,-176,90,25
-568,-136,-18260,-160,106,10
-484,-208,-18356,-162,84,20
-628,-276,-18460,-165,103,14
-568,-284,-18496,-174,104,12
-600,-228,-18376,-160,86,46
-640,-344,-18280,-147,93,2
-496,-324,-18288,-168,124,26
-644,-368,-18340,-165,106,1
-548,-164,-18476,-166,96,21
-536,-220,-18268,-151,111,23
-600,-252,-18472,-168,96,43
-532,-252,-18272,-150,73,29
-656,-244,-18328,-176,108,16
-588,-292,-18304,-165,88,24
-632,-264,-18364,-159,74,14
-516,-188,-18264,-181,99,39
-544,-244,-18196,-171,92,31
-644,-324,-18444,-175,99,-6
-516,-256,-18396,-186,108,-7
-580,-252,-18240,-175,77,13
-568,-208,-18352,-157,119,15
-656,-304,-18360,-173,111,-1
-536,-160,-18300,-152,90,31
-632,-208,-18468,-163,135,22
-464,-204,-18296,-169,100,5
-612,-244,-18408,-156,92,15
-604,-252,-18352,-154,92,3
-636,-304,-18216,-177,89,20
-596,-248,-18448,-163,80,-10
-584,-236,-18352,-161,100,9
-448,-320,-18512,-154,119,-9
-632,-212,-18268,-148,120,31
-520,-208,-18420,-150,116,21
-620,-196,-18516,-148,102,11
-592,-280,-18196,-160,91,8
-580,-180,-18272,-132,132,2
-648,-276,-18412,-171,93,20
-608,-252,-18336,-146,69,44
-588,-236,-18324,-178,121,13
-640,-280,-18276,-169,77,20
-660,-220,-18240,-167,96,29
-572,-196,-18344,-157,134,27
-532,-368,-18336,-168,115,11
-608,-268,-18360,-180,86,11
-488,-192,-18368,-165,115,21
-644,-256,-18320,-187,98,14
-536,-208,-18296,-160,110,19
-428,-244,-18292,-163,117,4
-608,-232,-18208,-159,62,19
-596,-288,-18368,-169,94,26
-516,-324,-18412,-162,97,28
-588,-260,-18220,-164,95,-4
-588,-232,-18284,-169,73,-10
-604,-160,-18484,-184,113,28
-576,-256,-18400,-146,101,23
-560,-388,-18528,-156,109,19
-560,-188,-18440,-153,122,34
-516,-304,-18312,-171,98,28
-624,-296,-18308,-167,94,11
-624,-316,-18384,-145,112,39
-512,-256,-18360,-148,88,20
-544,-296,-18400,-186,91,13
-544,-196,-18180,-162,129,20
-604,-304,-18404,-150,113,12
-560,-136,-18364,-164,71,17
-480,-268,-18280,-159,73,19
-616,-188,-18364,-171,113,0
-576,-212,-18176,-166,93,11
-612,-148,-18288,-176,117,22
-608,-280,-18240,-168,101,3
-584,-248,-18436,-138,88,45
-524,-324,-18344,-156,91,36
-612,-192,-18276,-143,87,-3
-472,-204,-18284,-154,124,6
-492,-172,-18224,-164,106,29
-584,-224,-18388,-169,105,42
-616,-204,-18292,-142,106,26
-560,-264,-18316,-179,83,2
-660,-248,-18424,-164,103,9
-612,-272,-18252,-174,102,16
-600,-316,-18360,-148,99,16
-588,-284,-18276,-180,108,3
-512,-240,-18304,-159,108,12
-612,-284,-18352,-164,106,-14
-564,-312,-18172,-170,117,19
-468,-312,-18280,-166,102,5
-632,-268,-18444,-143,101,18
-512,-288,-18588,-160,97,36
-596,-228,-18240,-165,102,15
-508,-292,-18264,-154,109,19
-556,-320,-18184,-161,109,24
-536,-292,-18348,-168,129,44
-628,-240,-18332,-156,90,4
-556,-212,-18384,-165,107,14
-440,-232,-18328,-163,136,36
-648,-252,-18188,-172,73,16
-604,-300,-18420,-183,68,21
-504,-264,-18232,-156,108,16
-568,-176,-18328,-154,116,11
-528,-260,-18372,-164,121,9
-544,-284,-18352,-170,106,38
-600,-120,-18524,-165,96,19
-640,-320,-18428,-163,83,21
-652,-296,-18368,-167,112,24
-468,-232,-18304,-166,95,5
-608,-272,-18240,-167,99,-10
-524,-240,-18172,-140,78,18
-548,-268,-18548,-162,87,22
-620,-180,-18272,-161,95,2
-668,-240,-18348,-179,105,21
-584,-268,-18252,-161,108,-11
-660,-300,-18340,-165,110,16
-592,-280,-18412,-151,80,-2
-612,-264,-18364,-181,118,-12
-636,-228,-18212,-173,125,-2
-524,-300,-18176,-169,109,7
-620,-368,-18636,-149,91,11
-580,-260,-18304,-177,114,10
-488,-200,-18344,-150,111,4
-608,-144,-18292,-157,107,26
-544,-172,-18248,-151,105,19
-596,-136,-18676,-131,134,0
-532,-248,-18772,-154,105,11
-548,-328,-18208,-183,115,11
-592,-124,-18112,-147,102,14
-648,-240,-18200,-155,138,31
-548,-248,-18240,-168,98,33
-544,-176,-18660,-178,124,29
-592,-300,-18240,-144,147,-2
-520,-232,-18456,-147,85,44
-496,-304,-18532,-145,73,14
-636,-280,-18296,-173,99,9
-632,-372,-18540,-145,112,16
-520,-216,-18300,-163,96,29
-568,-208,-18364,-145,99,27
-592,-292,-18428,-178,106,18
-584,-248,-18376,-139,101,19
-704,-272,-18468,-178,112,12
-604,-208,-18280,-168,86,-6
-592,-280,-18420,-176,94,34
-612,-288,-18320,-179,84,26
-564,-176,-18464,-177,98,20
-648,-300,-18420,-147,95,-7
-628,-284,-18412,-175,87,0
-524,-224,-18268,-174,63,15
-492,-208,-18400,-198,79,14
-604,-376,-18420,-139,115,10
-572,-160,-18320,-164,125,27
-600,-304,-18540,-161,112,18
-604,-152,-18300,-159,82,12
-584,-252,-18256,-158,102,12
-592,-192,-18264,-181,97,28
-556,-296,-18356,-152,103,33
-552,-248,-18400,-149,103,17
-552,-284,-18208,-171,92,8
-556,-252,-18240,-135,92,16
-556,-256,-18432,-138,107,27
-588,-212,-18440,-161,84,14
-548,-276,-18364,-167,93,5
-508,-200,-18336,-147,113,7
-644,-304,-18248,-178,102,36
-632,-208,-18260,-160,100,4
-532,-228,-18488,-174,84,30
-608,-172,-18264,-164,73,12
-632,-132,-18440,-181,89,22
-548,-164,-18364,-151,112,26
-528,-276,-18428,-154,109,31
-492,-176,-18316,-182,100,28
-616,-312,-18380,-149,113,13
-528,-316,-18468,-146,94,25
-624,-192,-18316,-165,88,7
-568,-304,-18384,-164,92,36
-668,-304,-18264,-173,72,15
-668,-252,-18240,-166,111,37
-548,-244,-18340,-155,127,23
-532,-312,-18324,-165,87,0
-528,-268,-18372,-153,102,35
-516,-148,-18380,-154,52,17
-524,-228,-18292,-170,70,19
-496,-268,-18388,-146,105,7
-640,-264,-18440,-177,122,23
-572,-240,-18304,-173,124,15
-560,-328,-18460,-164,110,18
-520,-260,-18276,-157,112,-6
-640,-276,-18400,-183,89,27
-600,-288,-18416,-153,94,16
-592,-284,-18088,-180,75,48
-592,-316,-18748,-104,107,-61
-584,-292,-18692,-117,74,43
-484,-88,-18160,-159,142,5
-424,-380,-19004,-155,19,70
-512,-196,-18424,-138,83,51
-668,-340,-18460,-177,75,2
-584,-304,-18372,-154,104,25
-600,-284,-18404,-159,126,3
-588,-304,-18364,-164,111,32
-600,-240,-18352,-165,97,29
-536,-240,-18332,-173,130,1
-572,-224,-18360,-158,102,35
-564,-332,-18232,-165,70,50
-552,-240,-18352,-151,92,10
-604,-200,-18260,-155,106,23
-572,-204,-18284,-156,95,16
-536,-252,-18368,-186,106,30
-588,-260,-18280,-162,89,6
-560,-264,-18224,-172,106,16
-684,-356,-18424,-181,91,12
-624,-268,-18264,-183,106,9
-540,-328,-18428,-174,88,16
-644,-208,-18332,-158,90,18
-588,-300,-18300,-157,111,13
-460,-284,-18280,-154,99,40
-612,-288,-18332,-145,101,19
-604,-280,-18396,-167,109,27
-576,-304,-18316,-173,87,1
-604,-228,-18408,-178,98,16
-532,-160,-18420,-156,79,36
-552,-240,-18200,-155,80,23
-492,-340,-18580,-171,65,21
-584,-220,-18288,-169,113,36
-528,-172,-18244,-158,106,28
-620,-228,-18272,-159,109,22
-568,-252,-18260,-172,84,-11
-628,-200,-18452,-149,95,18
-640,-240,-18484,-167,116,-1
-608,-284,-18380,-178,111,14
-544,-204,-18488,-167,117,5
-392,-260,-18204,-143,107,18
-600,-292,-18292,-160,102,8
-660,-352,-18360,-143,117,32
-584,-232,-18216,-148,94,18
-624,-236,-18376,-183,108,12
-440,-324,-18248,-154,88,18
-456,-240,-18240,-174,101,-2
-660,-280,-18376,-177,112,32
-496,-312,-18356,-155,101,34
-484,-272,-18416,-163,111,15
-516,-272,-18272,-162,119,13
-584,-212,-18048,-173,72,33
-536,-208,-18360,-169,108,15
-552,-188,-18424,-168,102,14
-672,-180,-18388,-150,85,11
-560,-300,-18280,-173,107,31
-560,-228,-18304,-180,95,41
-544,-232,-18392,-182,62,14
-596,-272,-18280,-165,111,3
-532,-312,-18336,-162,126,4
-560,-264,-18252,-184,123,26
-592,-256,-18376,-155,81,26
-656,-260,-18272,-175,93,16
-632,-272,-18316,-175,90,9
-588,-192,-18296,-170,69,22
-536,-280,-18304,-188,82,36
-580,-276,-18476,-173,114,31
-636,-228,-18352,-172,99,12
-552,-272,-18316,-168,102,30
-536,-256,-18380,-177,98,9
-564,-212,-18384,-191,90,28
-556,-168,-18272,-170,71,27
-548,-272,-18388,-165,95,21
-564,-272,-18528,-156,114,39
-580,-248,-18180,-191,124,26
-532,-252,-18328,-172,94,29
-648,-184,-18300,-151,103,22
-628,-224,-18484,-137,118,31
-528,-292,-18220,-176,135,-2
-588,-336,-18312,-162,89,38
-576,-284,-18384,-180,115,5
-548,-168,-18428,-159,120,2
-552,-244,-18356,-170,110,6
-568,-276,-18392,-184,124,18
-572,-208,-18308,-165,104,25
-696,-316,-18352,-154,99,18
-620,-188,-18380,-185,103,12
-612,-384,-18232,-160,89,16
-560,-300,-18248,-188,124,22
-496,-260,-18436,-166,112,17
-636,-184,-18268,-147,89,15
-564,-120,-18364,-165,87,25
-568,-264,-18312,-166,109,15
-548,-268,-18404,-196,96,12
-632,-292,-18388,-162,105,-6
-664,-336,-18352,-168,117,27
-616,-280,-18276,-155,98,16
-588,-328,-18004,-159,108,39
-516,-212,-18380,-181,103,5
-644,-292,-18336,-143,102,29
-520,-328,-18352,-160,114,21
-652,-288,-18236,-167,101,17
-544,-244,-18384,-172,109,18
-568,-188,-18324,-168,120,19
-508,-356,-18268,-153,109,43
-572,-268,-18432,-173,120,2
-572,-252,-18404,-167,84,6
-616,-228,-18244,-180,113,9
-484,-240,-18272,-154,102,15
-588,-236,-18324,-164,94,30
-648,-252,-18300,-172,113,22
-616,-184,-18424,-176,109,29
-580,-296,-18452,-170,83,14
-576,-172,-18276,-161,101,17
-564,-300,-18460,-178,116,23
-552,-276,-18204,-154,85,20
-500,-192,-18380,-165,104,39
-724,-244,-18240,-164,92,14
-480,-192,-18368,-169,116,5
-488,-236,-18240,-176,102,7
-448,-228,-18320,-179,102,-11
-604,-188,-18340,-172,92,29
-512,-276,-18308,-151,118,4
-532,-252,-18372,-173,128,11
-536,-320,-18324,-149,108,35
-604,-288,-18336,-168,52,25
-644,-164,-18216,-167,109,20
-592,-340,-18420,-154,107,-6
-540,-228,-18360,-170,133,23
-640,-80,-18216,-163,106,9
-508,-232,-18172,-181,86,16
-548,-208,-18196,-174,113,6
-640,-288,-18472,-155,93,12
-636,-296,-18408,-165,113,26
-672,-244,-18320,-152,98,-3
-544,-284,-18208,-160,95,-5
-516,-288,-18452,-156,112,10
-496,-300,-18476,-161,92,7
-636,-228,-18304,-174,98,23
-452,-284,-18212,-170,107,16
-612,-284,-18396,-145,97,26
-552,-256,-18516,-165,63,47
-604,-176,-18432,-166,117,8
-672,-192,-18432,-145,86,23
-616,-288,-18480,-149,100,6
-492,-176,-18376,-176,127,6
-568,-216,-18276,-154,101,27
-556,-280,-18328,-155,101,18
-564,-136,-18184,-158,64,13
-496,-236,-18424,-164,95,9
-524,-188,-18372,-151,118,38
-432,-224,-18344,-185,105,4
-496,-228,-18304,-165,87,-15
-580,-204,-18232,-166,114,9
-576,-208,-18336,-172,94,11
-580,-304,-18324,-159,112,27
-580,-256,-18572,-173,91,24
-564,-112,-18248,-152,93,-1
-468,-232,-18480,-163,85,12
-604,-144,-18424,-153,74,8
-584,-296,-18356,-83,53,33
-548,-280,-18236,-172,100,28
-624,-172,-18304,-146,93,5
-524,-228,-18256,-175,113,28
-620,-336,-18468,-164,102,22
-568,-248,-18332,-172,94,17
-588,-188,-18236,-145,99,13
-584,-180,-18320,-152,117,52
-532,-224,-18372,-164,113,29
-612,-228,-18332,-149,111,35
-576,-188,-18456,-174,86,30
-600,-248,-18336,-157,85,7
-620,-316,-18460,-174,97,25
-656,-260,-18292,-165,108,7
-580,-192,-18388,-148,93,17
-540,-152,-18296,-163,112,-2
-636,-260,-18332,-174,108,29
-620,-240,-18308,-164,84,8
-548,-300,-18392,-139,106,-1
-652,-328,-18352,-169,123,-8
-600,-352,-18352,-151,107,8
-544,-220,-18308,-165,104,13
-456,-256,-18324,-144,90,19
-532,-272,-18620,-148,162,18
-500,-172,-17764,-166,124,29
-412,-240,-18104,-151,136,29
-544,-260,-18100,-148,128,32
-500,-272,-18220,-149,80,42
-644,-356,-18196,-170,106,34
-564,-316,-18248,-169,72,45
-660,-180,-18424,-180,122,30
-588,-152,-18284,-152,115,21
-612,-148,-18368,-160,108,-6
-532,-280,-18364,-134,80,26
-560,-228,-18268,-175,82,18
-612,-132,-18204,-161,97,35
-516,-192,-18312,-171,119,5
-592,-316,-18212,-166,107,29
-612,-296,-18408,-170,106,21
-480,-288,-18316,-158,95,10
-544,-228,-18376,-158,103,42
-592,-192,-18512,-165,112,2
-564,-232,-18400,-153,90,15
-580,-256,-18440,-172,104,14
-588,-260,-18232,-148,95,14
-596,-268,-18172,-159,109,10
-620,-320,-18500,-173,101,18
-568,-208,-18264,-176,69,36
-524,-416,-18412,-142,100,19
-632,-284,-18232,-167,99,24
-552,-252,-18348,-141,125,21
-548,-256,-18340,-173,130,14
-512,-248,-18384,-164,101,26
-648,-172,-18544,-169,108,9
-564,-240,-18216,-162,109,22
-604,-284,-18224,-153,119,25
-512,-268,-18336,-156,94,12
-612,-304,-18360,-154,98,13
-596,-284,-18360,-152,96,4
-636,-228,-18292,-167,132,13
-672,-212,-18288,-180,102,24
-476,-292,-18272,-158,118,2
-468,-200,-18440,-169,87,16
-604,-224,-18412,-146,120,32
-588,-192,-18308,-159,102,6
-496,-252,-18260,-166,97,6
-556,-356,-18388,-153,102,2
-560,-212,-18212,-161,81,1
-508,-196,-18416,-165,121,3
-520,-240,-18392,-183,107,17
-480,-260,-18248,-168,87,32
-536,-248,-18468,-162,114,25
-520,-224,-18284,-150,92,49
-640,-220,-18392,-167,112,17
-668,-216,-18544,-182,103,23
-508,-308,-18424,-154,84,7
-512,-168,-18508,-150,81,15
8292,-157,-556,-304,-18220,-178
8292,-157,-556,-304,-18220,-178
8292,-157,-556,-304,-18220,-178
-536,-232,-18400,-147,74,42
-516,-196,-18296,-152,90,24
-556,-216,-18324,-156,130,19
-484,-280,-18440,-173,92,15
-608,-304,-18300,-145,81,45
-620,-180,-18228,-164,83,30
-660,-204,-18416,-129,94,7
-472,-244,-18348,-153,105,21
-512,-316,-18336,-142,106,27
-660,-284,-18272,-168,89,36
-604,-232,-18460,-162,108,38
-564,-324,-18436,-146,96,-2
-576,-272,-18352,-155,110,23
-648,-144,-18476,-169,128,33
-668,-292,-18292,-175,123,18
-572,-272,-18348,-146,122,11
-532,-276,-18088,-158,107,15
-692,-256,-18268,-172,101,3
-604,-216,-18296,-173,110,26
-548,-232,-18484,-150,101,15
-524,-336,-18340,-175,85,18
-532,-232,-18424,-156,140,-5
-584,-168,-18332,-142,118,11
-604,-300,-18392,-170,76,5
-648,-364,-18284,-159,98,11
-612,-332,-18316,-165,136,35
-576,-272,-18272,-173,109,9
-644,-244,-18252,-146,100,29
-536,-268,-18508,-125,113,21
-532,-256,-18508,-167,101,21
-640,-256,-18324,-164,108,11
-652,-300,-18404,-144,140,34
-536,-208,-18332,-142,118,7
-652,-284,-18436,-188,99,47
-536,-320,-18196,-177,92,2
-584,-236,-18312,-169,92,18
-628,-188,-18284,-178,73,17
-528,-324,-18512,-171,134,20
-572,-272,-18232,-156,102,27
-456,-252,-18424,-159,123,20
-544,-128,-18328,-164,89,-5
-440,-268,-18456,-159,99,4
-608,-180,-18396,-186,135,32
-592,-196,-18324,-170,106,10
-452,-248,-18276,-163,103,35
-516,-152,-18444,-186,103,15
-528,-220,-18384,-158,134,8
-604,-232,-18260,-158,109,28
-584,-240,-18376,-167,96,30
-656,-296,-18328,-161,114,14
-616,-340,-18388,-177,113,-4
-656,-204,-18460,-158,110,1
-536,-220,-18560,-166,80,16
-548,-320,-18464,-176,96,19
-648,-276,-18220,-170,134,33
-596,-264,-18572,-150,76,34
-560,-240,-18372,-168,107,-7
-624,-248,-18364,-176,106,-3
-628,-244,-18468,-160,106,33
-520,-340,-18400,-156,126,16
-536,-248,-18292,-180,110,49
-668,-368,-18296,-149,140,-5
-552,-276,-18184,-174,93,14
-656,-208,-18352,-163,109,11
-664,-232,-18400,-162,99,22
-572,-256,-18380,-161,101,4
-552,-236,-18396,-162,87,16
-556,-188,-18328,-157,99,30
-532,-328,-18452,-156,112,13
-632,-220,-18236,-158,109,7
-640,-252,-18332,-159,111,20
-632,-288,-18400,-155,107,13
-644,-216,-18172,-173,87,23
-644,-264,-18316,-156,75,28
-592,-164,-18296,-158,104,-5
-668,-240,-18348,-146,70,21
-556,-176,-18336,-138,96,30
-576,-224,-18404,-176,102,2
-520,-320,-18396,-185,104,26
-580,-212,-18176,-150,85,20
-608,-268,-18268,-166,102,29
-536,-276,-18388,-138,78,11
-572,-256,-18284,-164,81,26
-636,-216,-18312,-170,93,6
-568,-280,-18200,-172,118,21
-528,-192,-18408,-169,115,0
-508,-312,-18288,-168,120,33
-584,-168,-18348,-166,117,20
-540,-212,-18292,-152,112,18
-532,-252,-18348,-190,90,8
-616,-264,-18412,-181,112,28
-640,-248,-18368,-176,102,37
-516,-224,-18476,-175,93,25
-492,-348,-18388,-145,106,15
-540,-248,-18512,-165,89,15
-604,-276,-18220,-170,99,-22
-632,-328,-18272,-160,81,20
-592,-256,-18292,-148,108,16
-576,-268,-18268,-167,141,-1
-536,-196,-18348,-158,86,0
-572,-248,-18324,-167,93,15
-648,-208,-18224,-143,110,42
-552,-244,-18412,-166,109,26
-552,-292,-18292,-158,112,-10
-592,-232,-18340,-156,118,-4
-600,-252,-18120,-170,95,23
-512,-296,-18388,-157,114,24
-632,-304,-18392,-148,83,18
-480,-192,-18440,-171,91,26
-472,-292,-18244,-178,82,11
-648,-260,-18528,-163,90,13
-536,-280,-18272,-153,83,19
-612,-212,-18284,-177,105,-10
-604,-276,-18372,-177,91,20
-508,-184,-18428,-149,96,-3
-500,-180,-18384,-183,96,6
-496,-304,-18488,-168,106,9
-572,-216,-18300,-161,131,22
-652,-196,-18460,-182,107,16
-636,-304,-18336,-155,84,6
-624,-284,-18336,-170,92,15
-640,-228,-18344,-157,118,14
-644,-188,-18232,-161,93,21
-580,-284,-18380,-167,121,29
-564,-252,-18416,-160,112,13
-588,-284,-18320,-154,90,26
-564,-220,-18436,-147,123,10
-544,-232,-18340,-177,118,18
-572,-300,-18296,-171,101,18
-476,-252,-18336,-150,88,11
-576,-260,-18420,-166,106,10
-516,-172,-18336,-149,94,35
-572,-104,-18408,-167,79,14
-632,-268,-18420,-171,95,37
-540,-256,-18320,-166,131,20
-588,-236,-18300,-156,102,3
-500,-244,-18344,-164,96,31
-552,-268,-18264,-163,80,33
-568,-332,-18320,-172,92,33
-636,-240,-18224,-158,114,26
-572,-196,-18336,-178,118,8
-492,-192,-18344,-158,105,2
-604,-284,-18372,-160,111,26
-628,-136,-18480,-147,113,-15
-660,-300,-18416,-172,95,21
-532,-244,-18412,-168,94,15
-672,-212,-18460,-155,94,16
-584,-156,-18268,-151,111,23
-648,-212,-18360,-168,94,-4
-576,-248,-18252,-154,71,6
-528,-204,-18448,-172,101,10
-536,-228,-18364,-148,109,26
-632,-344,-18372,-133,117,11
-572,-228,-18372,-174,86,2
-568,-260,-18388,-163,81,8
-516,-228,-18364,-145,124,18
-552,-204,-18268,-180,121,-6
-632,-272,-18320,-149,106,3
-628,-304,-18460,-158,68,12
-600,-272,-18208,-162,82,26
-640,-292,-18408,-181,94,11
-504,-280,-18240,-188,115,26
-612,-284,-18336,-157,72,24
-564,-192,-18548,-166,102,22
-568,-232,-18136,-162,113,8
-512,-308,-18292,-154,100,-7
-640,-364,-18332,-154,87,28
-584,-332,-18364,-158,87,1
-568,-220,-18396,-167,81,7
-600,-272,-18284,-166,99,-6
-552,-280,-18300,-155,97,20
-552,-148,-18388,-158,121,20
-580,-176,-18284,-143,101,13
-448,-284,-18252,-146,76,28
-572,-232,-18376,-167,84,-4
-588,-208,-18204,-156,101,2
-468,-236,-18472,-164,107,18
-564,-200,-18276,-151,96,7
-584,-208,-18332,-172,91,-3
-620,-200,-18188,-173,103,6
-572,-220,-18392,-153,85,12
-612,-300,-18280,-152,114,-5
-592,-224,-18472,-164,75,25
-612,-292,-18292,-160,96,20
-580,-248,-18224,-163,106,-9
-444,-292,-18332,-158,97,4
-524,-260,-18424,-186,85,31
-656,-148,-18420,-184,95,10
-612,-196,-18340,-159,86,19
-564,-308,-18312,-183,115,5
-576,-232,-18252,-169,125,9
-592,-240,-18324,-184,113,39
-544,-284,-18292,-160,111,18
-516,-264,-18400,-168,69,13
-600,-260,-18296,-145,116,20
-536,-220,-18304,-151,87,23
-580,-320,-18344,-150,87,5
-524,-256,-18472,-156,113,11
-628,-224,-18416,-163,96,25
-548,-184,-18328,-135,127,18
-552,-184,-18216,-167,102,15
-564,-264,-18368,-135,99,37
-704,-252,-18396,-148,91,21
-616,-292,-18424,-177,89,19
-452,-200,-18328,-151,122,25
-596,-336,-18164,-149,114,-15
-556,-344,-18408,-156,92,43
-664,-220,-18360,-164,111,29
-484,-228,-18280,-151,124,11
-592,-212,-18308,-172,106,15
-692,-360,-18260,-154,88,4
-576,-328,-18480,-164,71,19
-588,-224,-18224,-165,125,24
-504,-244,-18232,-162,131,6
-708,-204,-18404,-169,101,2
-552,-292,-18568,-163,103,17
-524,-308,-18236,-181,81,11
-576,-224,-18400,-148,84,8
-572,-268,-18260,-167,121,6
-720,-204,-18528,-183,100,9
-676,-228,-18216,-159,98,1
-540,-336,-18284,-154,120,27
-620,-232,-18388,-156,119,-6
-512,-164,-18112,-144,102,23
-572,-176,-18360,-186,117,35
-668,-296,-18284,-165,103,19
-496,-248,-18436,-161,103,3
-608,-164,-18300,-170,111,3
-632,-240,-18464,-155,108,-3
-520,-220,-18344,-173,105,-5
-556,-276,-18296,-180,91,5
-584,-252,-18416,-171,70,16
-564,-264,-18520,-184,115,7
-592,-276,-18468,-166,118,11
-576,-248,-18292,-166,110,31
-532,-328,-18464,-156,130,32
-548,-280,-18272,-163,97,23
-600,-240,-18408,-165,110,10
-552,-320,-18432,-150,86,16
-488,-332,-18492,-157,107,22
-644,-252,-18224,-170,98,34
-600,-240,-18288,-181,95,24
-552,-224,-18440,-162,129,25
-568,-240,-18336,-161,109,8
-532,-260,-18416,-157,135,36
-576,-128,-18428,-160,116,25
-492,-144,-18396,-164,98,-10
-604,-248,-18440,-162,104,21
-592,-244,-18428,-172,78,35
-532,-208,-18204,-156,89,24
-580,-368,-18408,-186,88,31
-496,-280,-18188,-160,97,23
-584,-244,-18260,-171,112,8
-572,-228,-18472,-177,113,5
-520,-300,-18364,-170,125,24
-600,-288,-18292,-153,96,15
-464,-232,-18476,-160,94,3
-472,-196,-18232,-158,94,33
-628,-188,-18256,-160,66,32
-500,-252,-18292,-146,115,24
-652,-312,-18428,-173,103,16
-620,-264,-18248,-145,99,12
-580,-236,-18396,-144,94,2
-592,-192,-18292,-186,88,6
-556,-368,-18380,-157,99,22
-436,-252,-18284,-156,105,22
-520,-172,-18160,-158,136,3
-704,-332,-18256,-153,73,28
-564,-288,-18548,-164,86,41
-492,-308,-18452,-147,66,28
-584,-260,-18344,-158,93,30
-576,-264,-18376,-150,119,26
-540,-284,-18328,-178,119,36
-584,-268,-18264,-141,109,13
-700,-240,-18296,-167,127,8
-604,-268,-18352,-187,97,2
-548,-344,-18220,-165,121,23
-692,-332,-18308,-168,110,16
-568,-232,-18300,-155,97,5
-632,-248,-18328,-168,83,17
-568,-232,-18252,-169,107,10
-596,-304,-18368,-180,119,-6
-676,-304,-18384,-166,82,6
-532,-204,-18256,-153,106,12
-516,-284,-18344,-160,107,31
-468,-256,-18156,-147,106,-9
-588,-272,-18196,-169,114,17
-628,-264,-18320,-178,99,26
-532,-260,-18316,-155,129,-9
-524,-304,-18348,-170,102,-2
-588,-248,-18316,-159,94,0
-572,-248,-18408,-146,96,4
-584,-212,-18336,-166,91,21
-568,-220,-18404,-152,111,2
-612,-292,-18188,-177,100,13
-640,-224,-18420,-180,117,30
-660,-248,-18320,-168,105,24
-488,-252,-18308,-180,79,-4
-516,-272,-18280,-144,84,23
-536,-140,-18240,-128,75,19
-568,-164,-18240,-169,98,8
-472,-300,-18452,-148,104,11
-564,-232,-18416,-162,92,13
-600,-324,-18316,-171,72,20
-520,-256,-18524,-165,115,-2
-604,-148,-18372,-151,79,25
-608,-172,-18416,-187,120,9
-600,-268,-18340,-163,94,27
-644,-332,-18216,-160,116,5
-608,-228,-18296,-183,100,4
-552,-268,-18404,-136,104,25
-520,-224,-18352,-165,117,20
-556,-212,-18204,-141,125,23
-604,-284,-18308,-172,59,7
-564,-284,-18320,-154,101,6
-592,-180,-18316,-158,121,7
-488,-256,-18248,-142,85,0
-592,-280,-18484,-164,88,10
-524,-252,-18252,-157,102,12
-552,-188,-18212,-190,114,4
-548,-100,-18340,-161,115,4
-536,-252,-18276,-162,109,9
-588,-260,-18268,-171,106,42
-468,-228,-18260,-162,98,27
-552,-292,-18336,-149,125,24
-564,-252,-18392,-181,98,7
-608,-312,-18304,-174,55,17
-548,-212,-18292,-151,101,18
-560,-216,-18436,-157,119,16
-580,-252,-18400,-174,109,18
-568,-284,-18276,-155,104,31
-592,-296,-18240,-157,103,53
-724,-264,-18488,-146,114,16
-496,-220,-18268,-174,102,15
-628,-284,-18332,-162,88,25
-636,-196,-18356,-156,118,26
-632,-232,-18404,-169,131,6
-536,-220,-18304,-166,98,25
-600,-236,-18328,-168,108,42
-608,-296,-18360,-180,100,16
-560,-180,-18228,-153,106,11
-604,-280,-18476,-165,121,25
-552,-160,-18456,-167,101,4
-596,-228,-18328,-170,115,7
-612,-236,-18276,-176,72,15
-524,-240,-18408,-184,98,15
-456,-216,-18340,-135,86,30
-644,-260,-18360,-180,106,30
-652,-296,-18224,-139,94,5
-560,-248,-18328,-177,76,28
-536,-248,-18172,-163,102,-8
-540,-268,-18352,-170,85,14
-544,-184,-18380,-163,116,5
-668,-180,-18368,-165,82,24
-520,-276,-18416,-169,110,27
-496,-248,-18444,-168,90,13
-628,-308,-18204,-172,83,36
-496,-268,-18428,-180,54,23
-560,-228,-18332,-161,110,19
-588,-240,-18532,-133,113,36
-536,-176,-18372,-130,86,5
-584,-260,-18320,-173,125,14
-572,-292,-18416,-157,118,26
-524,-288,-18292,-158,93,20
-512,-280,-18484,-162,96,9
-528,-256,-18336,-179,85,28
-564,-248,-18308,-178,115,-9
-604,-316,-18344,-171,127,15
-560,-240,-18444,-180,128,36
-580,-164,-18152,-171,90,27
-536,-300,-18344,-156,81,30
-532,-296,-18284,-159,116,15
-656,-320,-18460,-166,95,9
-584,-268,-18292,-179,106,6
-612,-276,-18248,-162,78,-4
-552,-340,-18344,-182,124,46
-560,-320,-18188,-175,100,16
-640,-264,-18292,-162,89,31
-612,-252,-18300,-168,101,18
-496,-212,-18424,-146,79,44
-544,-304,-18400,-175,99,17
-548,-364,-18268,-148,82,18
-568,-280,-18396,-152,89,-3
-460,-156,-18308,-185,113,18
-632,-300,-18296,-152,124,6
-536,-256,-18284,-179,117,6
-560,-264,-18276,-176,110,21
-596,-348,-18508,-151,120,-9
-508,-272,-18312,-189,121,2
-536,-212,-18416,-183,131,15
-552,-220,-18308,-185,132,8
-536,-260,-18332,-171,64,17
-520,-312,-18284,-151,47,11
-516,-196,-18372,-189,119,5
-512,-272,-18280,-170,94,16
-564,-192,-18408,-139,102,30
-660,-224,-18388,-160,116,35
-544,-264,-18172,-175,92,20
-564,-272,-18356,-174,93,33
-552,-228,-18368,-142,93,15
-584,-228,-18416,-168,100,20
-604,-300,-18456,-184,93,12
-604,-276,-18360,-178,105,20
-560,-224,-18360,-164,103,7
-684,-312,-18376,-168,56,26
-608,-216,-18524,-160,100,14
-648,-252,-18424,-154,98,12
-580,-164,-18372,-168,124,39
-564,-312,-18236,-161,90,6
-624,-196,-18320,-187,84,21
-436,-232,-18392,-159,87,29
-572,-308,-18504,-168,125,11
-528,-180,-18224,-181,115,-1
-492,-232,-18288,-162,105,28
-476,-276,-18352,-142,103,35
-648,-200,-18216,-186,96,29
-584,-156,-18324,-170,100,28
-560,-268,-18408,-138,96,14
-636,-188,-18316,-177,75,39
-576,-288,-18580,-180,96,32
-548,-192,-18396,-161,93,17
-540,-180,-18252,-151,99,-7
-556,-196,-18416,-143,92,7
-584,-296,-18400,-155,104,14
-492,-248,-18236,-173,100,27
-596,-160,-18344,-171,94,16
-548,-168,-18180,-167,90,39
-648,-248,-18236,-171,104,29
-604,-104,-18284,-163,116,18
-616,-216,-18404,-184,96,4
-524,-316,-18336,-156,111,4
-536,-196,-18448,-161,98,30
-576,-200,-18372,-168,120,9
-488,-280,-18364,-172,78,42
-612,-260,-18388,-190,90,0
-532,-280,-18472,-185,122,16
-524,-308,-18408,-174,87,36
-740,-276,-18468,-145,107,12
-556,-284,-18356,-153,113,15
-660,-240,-18432,-160,104,18
-576,-252,-18332,-145,101,31
-616,-248,-18392,-155,107,16
-552,-260,-18284,-186,140,7
-532,-156,-18168,-199,102,19
-520,-228,-18168,-148,110,25
-576,-264,-18248,-151,81,5
-592,-260,-18352,-180,112,5
-576,-200,-18360,-161,72,8
-536,-200,-18256,-176,92,39
-544,-160,-18288,-155,82,-2
-552,-212,-18328,-171,110,10
-596,-228,-18392,-131,84,18
-616,-212,-18468,-146,107,0
-628,-256,-18488,-169,81,20
-620,-284,-18320,-166,82,2
-592,-212,-18196,-164,81,19
-656,-320,-18488,-163,92,-4
-572,-304,-18372,-148,79,8
-540,-132,-18408,-191,114,-5
-524,-232,-18408,-161,100,35
-588,-148,-18344,-161,106,27
-480,-264,-18328,-159,113,4
-596,-252,-18364,-172,85,28
-672,-192,-18444,-190,82,29
-588,-232,-18420,-172,97,19
-500,-260,-18244,-184,103,30
-524,-300,-18308,-155,116,23
-628,-216,-18352,-176,83,17
-568,-264,-18300,-151,113,15
-632,-212,-18228,-145,91,-6
-656,-156,-18372,-161,130,4
-592,-212,-18432,-184,112,7
-572,-304,-18432,-175,97,30
-504,-316,-18440,-176,96,28
-620,-272,-18468,-154,105,24
-548,-284,-18328,-169,84,15
-544,-220,-18400,-172,103,35
-536,-148,-18300,-180,91,32
-492,-204,-18280,-158,122,4
-516,-300,-18268,-157,89,26
-580,-240,-18376,-188,93,26
-620,-184,-18264,-212,89,5
-540,-316,-18268,-158,87,29
-596,-312,-18480,-148,120,23
-592,-276,-18344,-165,94,9
-620,-216,-18420,-127,95,14
-564,-272,-18324,-162,113,-16
-544,-216,-18392,-171,119,15
-576,-216,-18476,-164,120,34
-512,-220,-18232,-162,94,10
-548,-196,-18508,-161,46,31
-592,-280,-18252,-189,116,15
-548,-356,-18144,-175,91,16
-580,-140,-18224,-151,71,22
-544,-312,-18260,-140,77,22
-524,-204,-18292,-171,103,-5
-628,-300,-18408,-188,92,47
-620,-216,-18292,-158,113,17
-584,-180,-18272,-176,110,6
-620,-272,-18296,-172,110,26
-544,-268,-18428,-156,108,29
-524,-292,-18504,-159,67,10
-632,-216,-18076,-167,110,16
-592,-260,-18244,-165,118,-5
-604,-188,-18420,-171,100,2
-652,-196,-18376,-169,94,9
-560,-256,-18332,-167,95,39
-656,-272,-18256,-150,96,19
-572,-244,-18312,-149,103,43
-532,-148,-18460,-165,89,23
-476,-292,-18380,-158,104,-2
-556,-192,-18260,-146,81,29
-472,-200,-18388,-179,110,30
-560,-300,-18352,-152,71,44
-688,-188,-18260,-151,109,12
-708,-304,-18388,-149,115,18
-492,-204,-18352,-169,87,18
-488,-224,-18420,-162,100,30
-628,-200,-18380,-151,97,19
-656,-280,-18344,-163,119,4
-592,-308,-18348,-159,127,4
-608,-224,-18332,-171,115,31
-532,-372,-18456,-175,77,3
-608,-336,-18432,-157,103,-4
-576,-176,-18404,-163,106,3
-612,-328,-18420,-179,92,19
-524,-244,-18244,-169,108,18
-552,-320,-18248,-152,91,40
-532,-284,-18404,-182,101,18
-672,-248,-18352,-150,88,26
-632,-192,-18188,-168,122,23
-632,-200,-18292,-166,103,5
-576,-168,-18340,-157,93,11
-592,-264,-18376,-158,85,44
-544,-324,-18320,-169,98,19
-508,-304,-18300,-165,104,40
-668,-268,-18400,-159,95,25
-620,-168,-18392,-157,80,29
-580,-212,-18356,-176,94,17
-284,-296,-15260,70,283,-23
-252,76,-16508,-106,53,28
-536,-536,-16860,-87,102,-1
-756,-496,-18612,-200,70,27
-772,-376,-18920,-171,98,22
-716,-160,-18472,-200,39,-3
-668,-276,-18620,-153,87,31
-532,-204,-18136,-167,65,19
-644,-260,-18628,-159,72,23
-548,-368,-18252,-176,97,2
-508,-132,-18472,-153,128,12
-696,-196,-18320,-165,120,19
-616,-224,-18404,-155,115,31
-640,-160,-18516,-147,84,6
-552,-268,-18564,-178,95,35
-576,-312,-18200,-167,91,-12
-524,-104,-18248,-163,98,36
-492,-272,-18308,-167,119,17
-568,-232,-18268,-162,102,1
-660,-184,-18092,-157,117,11
-604,-192,-18256,-162,100,10
-632,-300,-18388,-158,90,23
-640,-276,-18276,-150,87,26
-476,-240,-18464,-175,97,18
-592,-228,-18372,-170,134,14
-652,-244,-18508,-166,89,18
-600,-248,-18312,-181,98,-2
-572,-244,-18244,-179,137,13
-524,-204,-18268,-157,105,30
-580,-280,-18416,-167,97,4
-560,-276,-18188,-153,86,29
-608,-300,-18400,-159,96,19
-612,-272,-18240,-150,77,27
-520,-268,-18332,-162,103,21
-452,-264,-18240,-157,105,20
-468,-292,-18300,-181,94,38
-584,-272,-18336,-152,93,31
-516,-212,-18448,-150,97,20
-576,-224,-18392,-146,113,-4
-612,-276,-18248,-149,124,28
-576,-300,-18220,-160,98,17
-536,-152,-18348,-163,100,36
-536,-264,-18244,-159,120,5
-496,-208,-18192,-156,78,-4
-544,-208,-18324,-159,78,43
-588,-156,-18284,-165,108,17
-556,-240,-18352,-172,99,-5
-544,-212,-18304,-142,98,15
-488,-260,-18416,-154,90,12
-556,-92,-18460,-183,104,1
-508,-164,-18432,-157,101,37
-620,-280,-18416,-169,94,19
-588,-344,-18376,-174,105,27
-584,-264,-18320,-158,110,48
-604,-148,-18192,-179,122,-19
-632,-284,-18416,-186,108,27
-652,-208,-18300,-157,86,10
-544,-216,-18288,-176,108,28
-560,-292,-18448,-180,105,27
-460,-96,-18460,-169,84,14
-500,-196,-18236,-191,108,-12
-520,-156,-18200,-167,89,17
-612,-292,-18348,-167,98,34
-600,-192,-18284,-169,97,16
-620,-328,-18348,-155,115,29
-564,-236,-18216,-144,110,15
-476,-312,-18308,-184,115,10
-668,-232,-18288,-177,97,10
-604,-220,-18388,-170,67,45
-528,-280,-18480,-161,90,15
-632,-200,-18300,-161,111,4
-524,-216,-18340,-171,103,25
-524,-152,-18280,-152,112,41
-572,-260,-18408,-138,90,33
-660,-248,-18284,-158,87,15
-520,-208,-18256,-171,146,37
-592,-268,-18332,-153,108,-4
-568,-240,-18252,-167,109,15
-648,-172,-18440,-152,92,1
-604,-148,-18448,-158,127,-2
-688,-144,-18476,-160,86,20
-640,-236,-18432,-157,78,15
-560,-320,-18252,-146,114,13
-572,-136,-18212,-149,94,3
-560,-304,-18344,-169,63,1
-572,-216,-18376,-155,108,18
-528,-260,-18216,-198,91,4
-552,-240,-18396,-182,121,11
-636,-224,-18408,-155,114,7
-660,-296,-18292,-161,95,13
-700,-232,-18300,-166,82,13
-656,-180,-18376,-173,110,-9
-648,-292,-18148,-159,117,10
-576,-200,-18344,-163,130,15
-584,-268,-18424,-191,125,31
-596,-136,-18372,-153,97,8
-652,-252,-18276,-146,104,8
-552,-224,-18180,-163,68,31
-584,-292,-18400,-160,131,18
-596,-304,-18360,-161,106,45
-504,-236,-18268,-170,72,19
-608,-240,-18276,-180,114,22
-612,-192,-18432,-168,91,24
-492,-304,-18484,-173,92,23
-588,-316,-18368,-181,108,17
-544,-284,-18268,-176,78,8
-468,-308,-18376,-166,104,-10
-664,-264,-18300,-153,95,31
-556,-192,-18464,-157,85,21
-636,-228,-18340,-190,99,14
-604,-320,-18332,-179,111,10
-628,-292,-18320,-170,111,22
-580,-184,-18224,-147,110,8
-676,-252,-18444,-198,116,24
-580,-192,-18320,-144,115,8
-632,-188,-18240,-147,96,10
-584,-176,-18312,-178,111,23
-552,-288,-18324,-164,128,19
-576,-124,-18416,-166,83,32
-568,-172,-18324,-162,96,32
-576,-264,-18360,-166,114,11
-560,-224,-18404,-168,104,4
-704,-220,-18368,-153,96,15
-520,-212,-18484,-153,99,21
-676,-120,-18188,-178,106,17
-596,-308,-18380,-162,83,21
-604,-260,-18212,-147,105,26
-608,-240,-18356,-160,108,10
-596,-148,-18236,-164,126,30
-528,-324,-18136,-165,99,24
-516,-332,-18488,-157,95,22
-524,-252,-18352,-154,117,8
-548,-312,-18596,-201,96,-2
-536,-228,-18192,-157,83,0
-580,-200,-18300,-173,95,2
-644,-208,-18372,-162,109,6
-608,-224,-18284,-167,84,18
-536,-228,-18304,-183,98,32
-572,-248,-18352,-161,94,24
-560,-248,-18512,-153,88,18
-648,-176,-18388,-154,98,6
-516,-268,-18396,-179,80,0
-616,-220,-18328,-165,133,27
-532,-128,-18312,-173,126,0
-556,-248,-18292,-188,88,26
-576,-260,-18372,-135,100,23
-548,-260,-18392,-158,116,-5
-596,-204,-18276,-171,94,11
-616,-308,-18440,-166,79,29
-616,-284,-18276,-181,125,15
-516,-264,-18336,-168,79,21
-448,-268,-18260,-157,105,18
-632,-208,-18536,-169,104,23
-572,-284,-18264,-172,93,28
-548,-236,-18336,-148,85,14
-612,-260,-18428,-152,109,26
-516,-256,-18344,-147,98,21
-596,-192,-18448,-184,103,5
-532,-284,-18324,-171,80,20
-584,-292,-18408,-155,104,18
-648,-212,-18288,-166,113,31
-568,-212,-18396,-147,88,5
-544,-292,-18308,-179,99,45
-580,-264,-18496,-164,100,25
-588,-244,-18216,-182,91,17
-584,-180,-18236,-159,125,14
-576,-228,-18480,-163,115,34
-560,-268,-18388,-180,110,25
-468,-276,-18328,-181,89,28
-584,-276,-18440,-159,109,29
-472,-292,-18308,-162,102,1
-556,-308,-18272,-157,112,26
-468,-220,-18284,-145,137,40
-612,-292,-6,-167,124,24
-552,-240,-18348,-155,102,26
-624,-172,-18260,-144,82,20
-548,-148,-18084,-128,107,20
-572,-160,-18216,-150,84,16
-620,-148,-18356,-172,93,41
-652,-188,-18328,-161,110,28
-608,-284,-18472,-176,84,50
-516,-272,-18424,-157,110,28
-588,-240,-18196,-174,73,33
-536,-260,-18260,-154,104,2
-600,-112,-18248,-166,111,26
-616,-196,-18344,-158,110,2
-484,-276,-18348,-172,95,28
-520,-440,-18780,-127,-7,68
-432,-324,-19060,-157,101,27
-536,-264,-18572,-158,70,6
-552,-232,-18344,-194,124,-8
-484,-228,-18304,-143,75,-1
-536,-224,-18164,-188,118,2
-592,-236,-18440,-155,102,26
-556,-212,-18192,-183,68,19
-508,-304,-18300,-146,116,24
-572,-200,-18180,-179,65,0
-564,-260,-18316,-157,103,22
-636,-272,-18204,-171,103,-21
-512,-224,-18140,-153,98,-3
-640,-212,-18260,-161,81,13
-648,-208,-18364,-165,86,33
-564,-208,-18232,-157,130,12
-580,-308,-18320,-178,107,39
-596,-208,-18304,-172,106,9
-592,-152,-18288,-138,103,14
-584,-224,-18336,-162,121,20
-644,-140,-18208,-181,74,24
-556,-272,-18404,-158,76,1
-560,-272,-18360,-175,109,6
-596,-240,-18392,-153,101,13
-564,-168,-18200,-169,115,16
-668,-292,-18436,-153,86,16
-584,-228,-18252,-166,102,4
-528,-280,-18412,-177,106,5
-612,-272,-18404,-153,106,34
-612,-284,-18072,-159,81,6
-552,-192,-18448,-142,88,9
-588,-252,-18288,-189,95,9
-556,-272,-18340,-169,82,9
-612,-216,-18352,-163,99,23
-612,-272,-18184,-166,106,14
-592,-332,-18408,-175,137,31
-584,-152,-18420,-147,102,15
-580,-320,-18412,-159,100,6
-628,-204,-18336,-167,107,21
-560,-300,-18280,-159,97,26
-612,-260,-18464,-162,86,23
-660,-220,-18200,-183,135,22
-532,-176,-18400,-151,82,10
-604,-184,-18168,-154,93,9
-548,-108,-18344,-157,71,25
-560,-228,-18376,-184,102,-5
-544,-176,-18228,-201,112,6
-620,-324,-18296,-167,118,14
-652,-268,-18272,-154,121,2
-520,-256,-18336,-146,109,15
-548,-268,-18252,-165,125,19
-684,-420,-18920,-165,62,29
-708,-456,-19092,-183,121,43
-548,-180,-18676,-145,86,19
-644,-316,-18316,-165,135,6
-524,-84,-18380,-146,105,19
-524,-196,-18152,-152,117,1
-532,-236,-18544,-164,116,5
-624,-304,-18456,-142,117,16
-484,-192,-18272,-197,100,45
-532,-272,-18144,-171,127,14
-572,-300,-18304,-164,125,19
-608,-220,-18360,-182,87,7
-504,-176,-18192,-160,103,15
-588,-80,-18292,-155,98,13
-592,-192,-18248,-163,91,27
-696,-200,-18284,-171,100,14
-560,-260,-18360,-181,70,32
-568,-256,-18520,-176,95,5
-500,-292,-18236,-157,113,32
-640,-284,-18240,-144,114,29
-524,-216,-18464,-170,89,17
-580,-168,-18580,-171,113,8
-528,-260,-18416,-154,107,14
-544,-228,-18344,-173,91,3
-568,-252,-18436,-146,85,-18
-588,-220,-18336,-154,95,24
-512,-216,-18392,-159,87,21
-608,-212,-18240,-171,108,21
-552,-180,-18376,-172,117,45
-584,-188,-18356,-161,86,16
-592,-252,-18436,-176,111,16
-520,-164,-18080,-150,94,23
-624,-268,-18336,-187,103,19
-564,-324,-18400,-175,93,38
-552,-188,-18264,-179,118,11
-524,-248,-18360,-162,114,26
-560,-180,-18312,-154,110,1
-676,-292,-18504,-165,82,6
-576,-224,-18224,-163,122,31
-568,-292,-18312,-152,97,9
-616,-360,-18192,-173,86,-2
-608,-284,-18436,-167,101,15
-604,-208,-18388,-158,92,25
-532,-324,-18320,-179,143,20
-592,-280,-18416,-148,109,10
-440,-160,-18444,-159,105,24
-512,-324,-18380,-152,119,15
-540,-260,-18408,-182,91,0
-480,-244,-18468,-179,105,23
-564,-204,-18532,-146,90,17
-592,-280,-18356,-149,78,32
-564,-148,-18384,-159,106,29
-592,-312,-18288,-162,113,18
-568,-264,-18280,-151,89,10
-564,-260,-18128,-146,111,8
-448,-280,-18340,-171,104,9
-544,-176,-18328,-174,83,23
-680,-280,-18272,-172,87,32
-476,-148,-18336,-146,85,30
-528,-244,-18160,-169,86,-5
-620,-204,-18252,-152,118,3
-568,-128,-18384,-176,87,5
-520,-176,-18536,-152,100,22
-616,-224,-18240,-157,80,24
-592,-136,-18256,-154,103,11
-572,-292,-18232,-166,88,26
-652,-300,-18336,-195,95,12
-612,-248,-18376,-164,64,27
-532,-148,-18304,-147,96,6
-748,-320,-18120,-158,86,-4
-564,-320,-18320,-183,120,16
-592,-252,-18464,-149,83,18
-616,-320,-18340,-156,73,29
-596,-236,-18336,-157,83,24
-560,-324,-18272,-164,120,5
-464,-280,-18356,-171,80,-9
-524,-192,-18532,-174,90,33
-524,-124,-18364,-151,95,22
-544,-188,-18336,-193,127,4
-520,-288,-18440,-158,91,14
-604,-316,-18244,-149,110,18
-544,-280,-18316,-157,97,14
-516,-236,-18340,-155,103,-5
-684,-184,-18432,-159,131,23
-564,-164,-18452,-142,107,10
-448,-248,-18376,-167,80,20
-536,-292,-18412,-156,99,21
-488,-220,-18300,-195,116,31
-688,-212,-18328,-164,85,48
-604,-232,-18392,-142,113,2
-548,-216,-18284,-174,111,4
-588,-264,-18396,-188,103,26
-624,-260,-18228,-171,95,32
-532,-308,-18232,-170,100,7
-564,-268,-18260,-166,108,21
-736,-240,-18452,-158,99,16
-592,-260,-18256,-148,111,17
-592,-256,-18456,-159,65,-19
-600,-256,-18296,-178,86,19
-580,-224,-18344,-175,107,31
-516,-272,-18368,-178,113,20
-520,-280,-18536,-173,92,30
-536,-212,-18376,-150,100,28
-612,-292,-18224,-170,117,-5
-476,-216,-18292,-154,103,26
-588,-220,-18432,-182,72,25
-620,-304,-18220,-154,112,15
-596,-172,-18260,-162,119,49
-584,-288,-18356,-177,86,12
-576,-272,-18304,-158,76,10
-588,-148,-18172,-165,109,-19
-676,-240,-18296,-140,87,35
-564,-188,-18244,-176,100,28
-564,-260,-18240,-156,90,7
-612,-272,-18204,-163,69,14
-568,-272,-18412,-169,114,23
-484,-284,-18276,-176,123,31
-520,-304,-18240,-160,101,26
-608,-232,-18240,-169,106,21
-560,-248,-18184,-161,107,53
-616,-196,-18396,-174,103,2
-504,-288,-18316,-156,94,4
-672,-240,-18344,-172,113,17
-604,-224,-18256,-180,99,19
-624,-148,-18384,-177,93,43
-596,-268,-18484,-163,86,40
-464,-252,-18324,-149,95,30
-648,-304,-18268,-161,97,7
-584,-284,-18304,-144,93,10
-592,-212,-18280,-166,88,42
-572,-252,-18156,-166,95,13
-592,-324,-18228,-165,98,8
-612,-136,-18292,-161,98,11
-576,-236,-18372,-174,95,13
-588,-392,-18356,-185,126,16
-604,-224,-18460,-156,61,7
-640,-96,-18336,-172,90,13
-596,-132,-18464,-151,118,10
-536,-280,-18292,-176,83,22
-624,-196,-18312,-164,97,19
-616,-220,-18352,-176,93,22
-572,-272,-18388,-159,128,22
-596,-240,-18356,-149,101,16
-552,-252,-18372,-150,103,22
-580,-208,-18332,-173,97,25
-560,-188,-18348,-203,79,18
-556,-152,-18376,-138,94,29
-532,-284,-18360,-161,122,8
-632,-332,-18428,-152,102,27
-648,-264,-18444,-160,115,41
-668,-140,-18404,-185,86,-1
-572,-168,-18292,-172,76,1
-664,-248,-18468,-178,121,23
-660,-292,-18456,-158,124,4
-540,-272,-18164,-146,98,11
-604,-220,-18280,-164,107,2
-552,-260,-18184,-184,82,13
-556,-188,-18452,-150,94,24
-632,-252,-18400,-161,108,30
-564,-284,-18388,-168,129,37
-548,-308,-18228,-161,98,19
-516,-244,-18260,-143,101,18
-540,-128,-18564,-160,93,27
-512,-308,-18504,-163,107,24
-632,-272,-18372,-159,89,3
-620,-248,-18284,-176,80,35
-556,-240,-18304,-145,97,-1
-564,-140,-18328,-162,63,7
-688,-240,-18324,-153,105,29
-492,-388,-18468,-156,89,23
-556,-272,-18432,-164,100,50
-600,-220,-18312,-152,93,16
-596,-232,-18456,-163,88,14
-532,-184,-18344,-156,107,17
-612,-188,-18304,-157,74,4
-608,-172,-18540,-172,91,4
-636,-244,-18260,-176,89,1
-576,-212,-18300,-153,91,33
-536,-164,-18300,-155,100,9
-672,-276,-18248,-167,104,10
-616,-272,-18244,-157,88,23
-524,-232,-18460,-156,109,7
-668,-200,-18340,-171,109,15
-640,-228,-18344,-136,113,4
-512,-248,-18428,-147,100,9
-648,-240,-18268,-160,64,11
-532,-96,-18472,-173,101,17
-520,-220,-18492,-165,89,-5
-560,-168,-18364,-170,106,-20
-560,-240,-18376,-148,95,29
-544,-280,-18376,-167,104,12
-576,-264,-18400,-170,101,9
-592,-272,-18440,-165,109,10
-572,-252,-18384,-143,94,29
-648,-160,-18296,-161,106,10
-540,-204,-18256,-163,135,39
-508,-136,-18376,-138,126,6
-516,-208,-18288,-165,98,22
-564,-208,-18176,-157,103,16
-536,-208,-18264,-140,103,33
-596,-204,-18292,-166,87,-15
-508,-256,-18312,-174,92,27
-580,-320,-18364,-166,105,12
-540,-224,-18268,-160,89,17
-624,-348,-18360,-166,100,19
-556,-224,-18392,-154,128,3
-468,-292,-18300,-130,105,-3
-524,-248,-18368,-201,103,6
-576,-216,-18268,-178,114,24
-508,-276,-18368,-148,109,12
-676,-268,-18272,-158,101,-1
-536,-56,-18352,-157,90,24
-508,-328,-18452,-152,133,14
-652,-184,-18332,-180,87,4
-580,-212,-18352,-166,93,24
-684,-304,-18376,-154,82,22
-556,-224,-18516,-180,91,27
-520,-336,-18308,-169,107,5
-536,-144,-18352,-166,100,24
-520,-248,-18348,-175,102,16
-556,-336,-18264,-171,120,26
-644,-216,-18352,-167,64,14
-560,-320,-18288,-185,83,6
-540,-252,-18316,-181,106,12
-600,-252,-18292,-173,106,33
-628,-240,-18360,-133,118,21
-576,-312,-18296,-159,121,20
-512,-212,-18180,-193,92,16
-516,-188,-18372,-144,93,27
-548,-244,-18308,-180,116,3
-608,-220,-18184,-148,83,4
-536,-312,-18344,-133,81,21
-612,-228,-18300,-158,84,1
-516,-292,-18412,-153,125,28
-528,-196,-18320,-183,109,7
-632,-148,-18476,-173,112,47
-624,-300,-18308,-174,102,39
-536,-232,-18208,-151,85,9
-596,-236,-18280,-157,118,14
-516,-188,-18360,-174,69,22
-588,-228,-18332,-165,93,15
-560,-272,-18304,-158,99,29
-568,-292,-18304,-202,82,21
-608,-228,-18240,-161,93,23
-628,-276,-18248,-158,91,14
-552,-256,-18384,-177,96,34
-660,-252,-18388,-169,100,12
-572,-240,-18360,-169,85,13
-660,-188,-18260,-170,89,25
-588,-200,-18160,-157,117,7
-572,-292,-18436,-156,89,13
-496,-192,-18324,-149,114,17
-612,-268,-18272,-158,118,20
-676,-232,-18384,-160,109,29
-540,-280,-18216,-162,84,-18
-628,-260,-18852,-157,69,18
-588,-336,-18452,-171,117,27
-540,-148,-18372,-159,100,9
-684,-228,-18180,-138,79,-5
-508,-256,-18280,-179,112,24
-404,-268,-18344,-176,81,27
-624,-276,-18332,-173,99,-13
-576,-256,-18468,-157,95,0
-616,-140,-18352,-168,99,-2
-496,-160,-18344,-139,89,8
-604,-116,-18376,-154,115,20
-652,-212,-18388,-163,106,5
-688,-220,-18320,-178,119,25
-472,-212,-18356,-189,108,14
-540,-228,-18296,-156,95,-6
-716,-244,-18248,-176,115,2
-584,-172,-18380,-148,82,23
-660,-272,-18416,-155,110,14
-588,-268,-18288,-172,104,-2
-588,-344,-18412,-163,116,8
-572,-300,-18420,-146,96,31
-604,-344,-18328,-145,99,12
-524,-188,-18260,-159,109,23
-476,-284,-18436,-160,91,8
-624,-204,-18260,-149,85,7
-672,-232,-18300,-151,94,13
-524,-284,-18292,-178,98,19
-640,-244,-18452,-166,88,23
-548,-300,-18464,-175,118,29
-632,-260,-18528,-163,117,16
-488,-216,-18416,-170,122,28
-536,-256,-18388,-167,109,32
-608,-308,-18348,-157,121,23
-576,-224,-18452,-150,92,26
-648,-312,-18420,-165,103,13
-640,-224,-18260,-152,79,11
-536,-284,-18240,-169,99,21
-564,-316,-18232,-160,87,32
-520,-144,-18344,-156,108,4
-540,-240,-18352,-161,96,17
-556,-280,-18376,-170,106,18
-628,-224,-18568,-151,76,-1
-576,-292,-18384,-181,115,25
-636,-240,-18320,-169,131,2
-568,-264,-18404,-172,105,22
-548,-224,-18488,-177,115,32
-584,-284,-18212,-185,113,-1
-628,-268,-18372,-154,106,2
-640,-244,-18356,-171,78,18
-656,-224,-18336,-191,105,11
-632,-248,-18500,-178,104,20
-532,-220,-18420,-166,98,1
-716,-244,-18492,-169,108,40
-488,-260,-18500,-169,100,23
-496,-184,-18376,-173,103,33
-600,-240,-18516,-146,77,26
-620,-260,-18440,-178,94,23
-532,-196,-18212,-165,94,2
-568,-280,-18140,-151,78,16
-676,-236,-18336,-168,89,19
-600,-224,-18332,-172,89,3
-556,-212,-18276,-157,108,35
-520,-212,-18432,-152,96,32
-488,-244,-18344,-160,99,21
-636,-272,-18244,-168,112,6
-588,-224,-18332,-172,80,27
-716,-252,-18280,-161,83,16
-568,-284,-18336,-173,119,36
-628,-204,-18432,-165,96,35
-532,-184,-18300,-155,113,12
-580,-228,-18412,-171,102,19
-572,-232,-18308,-147,76,5
-520,-220,-18160,-158,128,37
-608,-212,-18324,-171,113,10
-584,-208,-18284,-170,111,19
-584,-316,-18248,-173,131,31
-480,-284,-18272,-144,108,13
-620,-168,-18336,-172,95,14
-564,-228,-18396,-162,77,-3
-484,-276,-18164,-169,93,13
-600,-312,-18352,-168,101,19
-620,-188,-18376,-159,114,6
-644,-276,-18368,-161,74,-2
-632,-228,-18408,-168,92,26
-548,-284,-18364,-166,116,-2
-520,-236,-18408,-151,110,41
-620,-196,-18328,-184,88,-6
-616,-336,-18272,-166,129,27
-612,-208,-18352,-164,90,-9
-592,-156,-18320,-163,113,29
-596,-292,-18364,-162,121,15
-492,-268,-18384,-139,90,0
-584,-184,-18284,-177,97,50
-676,-228,-18356,-145,106,47
-644,-292,-18424,-154,115,4
-560,-280,-18360,-165,101,14
-676,-204,-18388,-175,85,14
-668,-196,-18332,-166,96,4
-576,-324,-18316,-138,95,-12
-552,-200,-18288,-193,94,20
-616,-212,-18272,-162,73,28
-552,-264,-18360,-148,109,26
-684,-252,-18324,-157,91,20
-576,-248,-18416,-159,127,22
-552,-244,-18396,-182,107,19
-572,-228,-18232,-160,83,22
-564,-280,-18396,-168,100,13
-584,-196,-18244,-178,103,22
-512,-216,-18364,-176,103,20
-628,-248,-18448,-177,110,17
-572,-264,-18464,-146,112,16
-568,-136,-18240,-157,95,38
-600,-284,-18568,-174,91,10
-532,-220,-18460,-165,86,36
-672,-236,-18360,-153,83,16
-556,-264,-18256,-180,79,35
-564,-284,-18400,-165,119,9
-624,-256,-18156,-160,91,10
-504,-200,-18300,-172,95,22
-628,-216,-18244,-170,108,22
-580,-292,-18192,-146,79,7
-504,-224,-18308,-153,114,29
-548,-208,-18400,-162,130,23
-652,-216,-18264,-136,110,32
-588,-296,-18328,-160,112,27
-596,-268,-18344,-161,119,14
-540,-248,-18404,-173,88,4
-536,-208,-18412,-153,97,24
-588,-180,-18272,-132,111,31
-640,-292,-18352,-161,90,5
-540,-252,-18264,-182,136,19
-588,-276,-18352,-179,94,17
-580,-268,-18396,-159,94,8
-640,-212,-18356,-184,103,24
-648,-280,-18360,-168,103,14
-576,-236,-18492,-159,106,24
-460,-256,-18352,-174,106,13
-632,-272,-18368,-176,101,16
-672,-260,-18204,-169,114,45
-572,-268,-18456,-175,132,31
-564,-284,-18320,-179,118,28
-588,-200,-18396,-173,91,33
-668,-216,-18372,-164,95,20
-560,-240,-18396,-158,96,20
-692,-236,-18416,-159,96,19
-536,-268,-18432,-157,99,15
-524,-228,-18416,-149,112,38
-524,-296,-18284,-173,69,13
-572,-272,-18308,-138,104,24
-616,-200,-18504,-165,108,-9
-604,-284,-18416,-161,110,25
-592,-272,-18300,-139,114,21
-600,-280,-18312,-141,98,13
-500,-168,-18416,-167,77,20
-568,-240,-18372,-149,79,10
-556,-308,-18312,-155,126,6
-668,-324,-18432,-144,96,14
-568,-212,-18500,-154,88,11
-544,-272,-18308,-152,115,-12
-576,-264,-18228,-160,86,16
-548,-220,-18252,-135,130,35
-528,-236,-18396,-165,121,28
-568,-240,-18424,-159,102,17
-572,-320,-18520,-159,102,27
-656,-320,-18416,-163,102,15
-668,-180,-18292,-152,116,-3
-568,-348,-18120,-173,128,2
-604,-216,-18292,-178,85,26
-580,-268,-18300,-161,95,11
-604,-212,-18352,-159,115,33
-600,-236,-18336,-163,116,4
-608,-288,-18440,-143,86,9
-552,-312,-18324,-153,100,24
-676,-232,-18476,-162,108,25
-600,-60,-18364,-169,131,20
-584,-268,-18376,-181,110,28
-500,-296,-18276,-155,132,5
-488,-272,-18452,-161,80,-2
-480,-200,-18376,-152,99,22
-520,-280,-18296,-170,103,-8
-600,-220,-18404,-163,111,33
-540,-280,-18328,-176,67,25
-640,-248,-18364,-164,111,10
-508,-260,-18420,-181,88,31
-568,-232,-18384,-182,114,29
-524,-188,-18296,-165,122,27
-544,-284,-18288,-136,101,28
-580,-196,-18240,-157,94,21
-536,-264,-18276,-154,124,15
-548,-284,-18396,-168,125,22
-536,-236,-18260,-172,100,8
-588,-372,-18240,-156,112,5
-600,-308,-18244,-175,94,25
-536,-316,-18244,-159,116,27
-512,-212,-18304,-136,112,13
-592,-152,-18412,-155,93,36
-612,-156,-18336,-170,103,3
-588,-272,-18268,-164,95,16
-560,-328,-18248,-145,106,13
-540,-220,-18332,-159,102,11
-512,-228,-18320,-165,97,5
-504,-232,-18344,-169,100,17
-620,-284,-18272,-138,96,18
-616,-192,-18228,-144,51,16
-616,-252,-18252,-177,85,1
-552,-192,-18324,-167,123,13
-492,-240,-18448,-181,110,27
-648,-340,-18416,-171,108,16
-552,-288,-18304,-149,105,16
-600,-188,-18328,-144,96,10
-612,-136,-18320,-167,77,22
-584,-168,-18404,-176,103,16
-616,-228,-18348,-161,90,8
-584,-200,-18344,-137,89,37
-656,-264,-18500,-150,86,23
-628,-256,-18316,-171,95,22
-488,-272,-18268,-180,113,47
-592,-168,-18260,-159,111,12
-576,-188,-18288,-147,81,12
-500,-128,-18192,-150,100,22
-540,-220,-18140,-167,98,27
-624,-220,-18224,-176,99,22
-552,-240,-18224,-194,79,16
-584,-236,-18496,-168,78,-6
-620,-148,-18308,-167,83,31
-600,-244,-18280,-162,77,33
-524,-260,-18500,-186,94,6
-568,-216,-18404,-170,102,21
-756,-240,-18244,-165,117,14
-672,-132,-18344,-161,91,15
-552,-332,-18436,-183,113,21
-588,-200,-18216,-175,95,31
-500,-204,-18468,-158,124,25
-600,-132,-18392,-147,95,14
-688,-280,-18212,-152,75,10
-552,-256,-18368,-174,97,11
-572,-292,-18444,-140,113,9
-604,-212,-18240,-141,86,-3
-512,-160,-18360,-153,85,15
-668,-192,-18328,-152,132,29
-608,-260,-18148,-144,94,20
-576,-272,-18316,-177,64,33
-624,-304,-18340,-149,90,9
-600,-248,-18204,-146,102,6
-600,-256,-18200,-179,115,10
-588,-316,-18276,-172,109,26
-520,-236,-18284,-159,106,9
-604,-84,-18332,-159,102,3
-496,-220,-18324,-140,106,24
-640,-272,-18440,-162,89,41
-580,-176,-18336,-144,87,10
-580,-184,-18344,-167,119,6
-544,-304,-18412,-166,106,7
-444,-212,-18484,-138,93,34
-620,-300,-18196,-166,98,14
-624,-260,-18240,-162,127,6
-596,-256,-18032,-161,90,3
-524,-236,-18332,-177,123,30
-580,-76,-18268,-138,87,19
-568,-164,-18260,-175,134,22
-564,-204,-18268,-165,118,-7
-496,-208,-18224,-193,89,4
-524,-200,-18248,-173,88,18
-572,-260,-18236,-157,109,34
-660,-256,-18248,-179,107,21
-496,-304,-18156,-167,112,34
-604,-324,-18428,-175,103,8
-544,-112,-18128,-186,67,5
-504,-272,-18352,-160,84,21
-576,-316,-18504,-169,77,17
-568,-152,-18236,-204,85,24
-616,-300,-18388,-156,120,24
-644,-276,-18544,-169,95,5
-612,-108,-18276,-141,88,16
-476,-344,-18280,-188,123,25
-632,-244,-18428,-159,114,4
-620,-224,-18408,-146,96,26
-584,-184,-18204,-147,83,23
-584,-260,-18340,-171,92,9
-616,-176,-18388,-135,100,10
-636,-292,-18332,-166,102,21
-528,-208,-18172,-154,107,6
-560,-192,-18268,-147,119,6
-564,-256,-18316,-177,98,21
-616,-212,-18332,-165,92,20
-496,-260,-18196,-158,103,21
-508,-124,-18460,-155,85,19
-600,-300,-18308,-163,112,12
-524,-192,-18292,-149,100,30
-604,-248,-18352,-192,97,20
-588,-212,-18628,-163,113,11
-572,-168,-18388,-150,104,18
-584,-120,-18332,-180,90,-5
-620,-328,-18160,-151,99,14
-636,-112,-18356,-160,110,3
-480,-240,-18412,-158,104,19
-624,-256,-18364,-174,108,32
-676,-320,-18316,-192,117,7
-480,-280,-18372,-159,108,7
-656,-208,-18380,-192,113,8
-580,-324,-18284,-160,124,-9
-560,-244,-18300,-165,100,7
-544,-252,-18456,-166,95,16
-492,-256,-18232,-155,108,18
-608,-240,-18440,-159,124,31
-692,-236,-18332,-146,96,16
-640,-240,-18292,-152,96,17
-560,-280,-18244,-147,92,14
-656,-188,-18236,-168,96,16
-560,-168,-18364,-165,81,24
-576,-192,-18420,-159,127,9
-500,-168,-18300,-169,65,25
-556,-132,-18292,-164,94,-8
-624,-268,-18264,-156,134,4
-600,-176,-18196,-161,112,41
-524,-220,-18160,-137,88,8
-668,-240,-18300,-133,95,25
-512,-216,-18300,-156,57,24
-648,-156,-18240,-175,117,8
-548,-260,-18264,-156,76,-4
-484,-332,-18336,-173,122,18
-620,-176,-18492,-141,111,26
-624,-232,-18360,-157,79,26
-600,-312,-18324,-170,88,-7
-604,-284,-18292,-170,108,27
-512,-288,-18204,-149,86,16
-508,-176,-18340,-165,105,31
-556,-208,-18276,-168,92,7
-628,-344,-18392,-170,69,27
-536,-216,-18328,-157,90,34
-560,-188,-18268,-147,85,7
-600,-248,-18240,-157,114,10
-608,-304,-18176,-156,88,15
-580,-296,-18276,-150,128,7
-520,-232,-18408,-181,132,12
-616,-292,-18228,-168,92,21
-684,-244,-18304,-156,83,19
-560,-260,-18360,-166,100,36
-628,-236,-18256,-171,105,35
-612,-268,-18276,-182,110,32
-560,-256,-18284,-174,107,-5
-656,-248,-18152,-151,84,34
-624,-300,-18332,-157,105,22
-540,-180,-18328,-167,109,22
-584,-320,-18336,-174,122,-1
-544,-308,-18268,-150,101,14
-520,-188,-18172,-171,104,15
-612,-312,-18260,-183,119,24
-580,-184,-18288,-169,89,8
-612,-280,-18204,-148,81,9
-580,-256,-18384,-162,88,10
-620,-252,-18316,-176,97,29
-620,-224,-18408,-165,96,14
-628,-176,-18268,-177,64,8
-568,-172,-18300,-149,82,29
-564,-244,-18188,-148,85,3
-604,-244,-18260,-158,83,38
-608,-300,-18408,-153,66,29
-628,-240,-18176,-156,92,27
-584,-252,-18312,-154,137,16
-532,-180,-18372,-158,103,21
-664,-228,-18300,-171,97,19
-568,-228,-18248,-157,89,-7
-664,-176,-18304,-150,88,7
-596,-236,-18388,-172,95,42
-476,-240,-18400,-160,109,20
-616,-240,-18236,-185,121,13
-604,-128,-18384,-159,115,15
-624,-320,-18408,-159,101,27
-632,-228,-18484,-140,87,-3
-576,-236,-18316,-169,103,16
-584,-340,-18272,-185,88,10
-660,-240,-18400,-168,109,16
-492,-240,-18316,-152,98,1
-648,-200,-18484,-155,93,31
-548,-252,-18352,-155,102,29
-616,-136,-18292,-169,111,-14
-520,-228,-18396,-162,102,37
-524,-276,-18316,-158,81,34
-584,-164,-18276,-166,110,27
-604,-208,-18248,-180,150,3
-396,-344,-18308,-177,120,30
-532,-196,-18360,-160,84,12
-572,-268,-18372,-170,98,19
-564,-228,-18268,-183,97,19
-512,-152,-18328,-140,96,11
-576,-192,-18284,-166,97,5
-560,-292,-18468,-146,72,19
-560,-292,-18340,-140,99,28
-620,-264,-18472,-201,102,25
-536,-128,-18468,-180,96,-2
-684,-252,-18396,-158,66,-2
-608,-228,-18332,-164,127,23
-572,-224,-18388,-169,104,19
-656,-252,-18224,-146,84,24
-560,-216,-18440,-187,99,19
-576,-260,-18356,-177,111,4
-556,-228,-18268,-165,85,30
-608,-248,-18400,-160,95,20
-592,-240,-18424,-173,93,15
-664,-276,-18376,-176,110,6
-560,-152,-18396,-141,102,-3
-604,-240,-18444,-167,75,21
-596,-348,-18448,-162,138,9
-588,-256,-18248,-151,90,-4
-584,-268,-18344,-162,108,10
-544,-228,-18376,-147,83,13
-512,-220,-18424,-162,94,21
-612,-180,-18280,-165,97,4
-496,-208,-18128,-160,119,33
-656,-212,-18384,-172,123,14
-616,-288,-18372,-143,83,23
-676,-260,-18224,-156,111,19
-616,-184,-18412,-170,144,7
-628,-268,-18184,-167,97,8
-588,-252,-18312,-175,91,7
-556,-324,-18296,-168,119,23
-572,-232,-18308,-176,89,4
-628,-196,-18228,-158,89,33
-588,-312,-18248,-173,82,3
-636,-320,-18204,-141,81,8
-568,-228,-18432,-163,101,3
-576,-192,-18264,-160,112,26
-564,-156,-18444,-128,120,2
-604,-184,-18352,-155,115,15
-636,-208,-18444,-169,89,30
-500,-192,-18308,-168,81,14
-660,-252,-18336,-181,85,25
-644,-196,-18312,-149,93,13
-600,-300,-18220,-178,118,37
-692,-300,-18252,-161,113,10
-512,-192,-18296,-156,97,14
-544,-292,-18372,-181,112,27
-584,-240,-18268,-173,104,4
-564,-260,-18480,-172,81,8
-608,-276,-18344,-172,111,27
-564,-208,-18288,-172,107,13
-564,-296,-18244,-171,89,49
-696,-188,-18376,-168,87,7
-624,-188,-18312,-152,108,16
-468,-212,-18276,-166,102,30
-532,-280,-18356,-173,112,21
-576,-180,-18408,-169,92,4
-604,-220,-18336,-172,105,28
-572,-180,-18320,-123,102,22
-580,-208,-18220,-142,82,-5
-616,-240,-18252,-176,132,11
-512,-252,-18396,-151,107,-5
-604,-296,-18336,-156,111,27
-540,-260,-18300,-170,97,-3
-544,-240,-18252,-155,99,18
-508,-312,-18352,-170,84,0
-560,-296,-18292,-161,109,25
-628,-264,-18364,-159,89,18
-632,-244,-18268,-146,103,-17
-500,-228,-18284,-158,97,13
-684,-216,-18360,-168,82,13
-700,-212,-18352,-157,120,7
-680,-244,-18264,-156,103,-10
-516,-212,-18316,-152,88,17
-600,-176,-18272,-161,97,24
-564,-192,-18216,-141,99,4
-524,-288,-18300,-171,95,19
-584,-252,-18424,-153,80,2
-544,-248,-18412,-157,117,42
-764,-184,-18340,-160,125,-7
-680,-160,-18208,-167,96,6
-560,-248,-18396,-153,51,22
-524,-324,-18248,-150,91,29
-560,-308,-18404,-144,127,26
-564,-284,-18420,-149,136,8
-552,-120,-18356,-155,85,22
-640,-200,-18284,-170,105,37
-616,-320,-18204,-152,87,23
-576,-280,-18340,-169,106,-6
-516,-224,-18368,-176,97,21
-620,-288,-18320,-173,98,17
-656,-296,-18168,-167,126,18
-624,-264,-18328,-181,98,13
-524,-188,-18172,-171,114,11
-584,-260,-18548,-190,97,0
-564,-220,-18240,-162,109,31
-612,-240,-18300,-174,88,19
-552,-304,-18372,-157,110,0
-576,-180,-18276,-173,79,1
-480,-240,-18476,-170,106,-5
-496,-280,-18276,-186,118,9
-516,-228,-18308,-158,107,36
-540,-244,-18248,-163,97,1
-564,-240,-18376,-141,130,-6
-532,-260,-18240,-168,103,32
-572,-320,-18256,-173,96,25
-604,-280,-18420,-161,75,13
-600,-280,-18396,-150,102,37
-560,-116,-18284,-139,90,18
-592,-252,-18356,-152,97,38
-644,-268,-18372,-158,77,26
-648,-232,-18440,-197,129,2
-656,-260,-18324,-158,120,6
-544,-212,-18268,-170,99,25
-656,-236,-18476,-145,76,35
-580,-212,-18580,-171,117,15
-576,-272,-18328,-145,108,20
-576,-272,-18252,-141,103,26
-712,-164,-18464,-173,82,5
-584,-300,-18496,-167,94,32
-588,-188,-18348,-173,70,16
-552,-180,-18380,-133,116,19
-748,-272,-18512,-143,120,16
-620,-212,-18356,-156,115,19
-588,-276,-18404,-175,118,13
-620,-224,-18368,-166,76,29
-496,-348,-18220,-184,98,38
-528,-216,-18292,-173,81,25
-552,-260,-18336,-178,104,17
-496,-280,-18260,-176,74,-5
-624,-336,-18508,-148,77,12
-708,-224,-18344,-144,127,-9
-636,-180,-18552,-169,99,30
-604,-284,-18276,-178,88,20
-556,-252,-18412,-154,107,17
-620,-280,-18260,-164,132,16
-588,-248,-18288,-161,86,10
-604,-228,-18280,-170,108,7
-612,-260,-18320,-162,82,17
-632,-240,-18392,-144,88,4
-548,-192,-18316,-165,126,21
-572,-224,-18428,-181,106,8
-536,-240,-18448,-180,100,16
748,128,-14880,-3831,4242,-32768
-880,-1304,-18172,-2366,1048,-28676
-720,-916,-18228,-1907,1874,11079
-704,-228,-18448,756,-399,14890
116,404,-18644,1902,-1186,7344
-580,-36,-18328,446,-417,-52
-552,-200,-18216,-170,82,-1
-608,-152,-18260,-1144,1012,79
-468,-112,-18292,711,-757,9
-448,-180,-18588,-226,197,53
952,800,-17512,-663,180,9693
-636,-840,-17176,241,-1100,630
-1636,-3760,-15796,-1552,106,-11968
-1552,236,-17564,6213,969,730
-1864,-1020,-18636,1322,436,1665
1100,-6528,-17044,19562,4185,20724
688,-1980,-19308,-6152,821,6553
532,-4264,-17008,420,1761,12129
-468,-2332,-21380,-7622,-876,7585
-1536,-4260,-15148,-2271,-588,-3188
-104,-1648,-18452,5190,369,-5455
-720,-2364,-17324,-12907,-1263,2820
-3144,-1460,-17456,-3198,-46,4622
7624,-4704,-17404,-369,-275,-5114
-676,-124,-19316,-2681,6941,2074
-2416,-1180,-19172,107,3527,-4937
708,-1008,-22468,-51,-1680,3724
-888,196,-24080,9635,-3879,3059
1216,-1048,-21732,6020,6605,-3756
-2128,-2512,-22244,9387,-2285,-6726
812,356,-21768,1734,1405,-5884
120,-2324,-18976,822,6097,-4783
-2176,-3676,-18256,-1672,9197,1246
2400,3652,-12252,4452,1456,1107
984,-2196,-12720,2180,-491,5027
-152,-1924,-12512,4130,-4518,2335
-1796,-848,-9788,2870,-7227,3123
-3652,-1788,-10412,2157,-5465,-172
-5760,-100,-10396,441,-8543,-3338
-5000,-1944,-14564,-4383,-11019,-4756
-3536,-3744,-18652,-4040,-6585,-6049
-4856,-4056,-23060,-1470,-4802,-4176
-3704,-3532,-20212,1775,-8882,-2185
-3188,-4392,-21552,-1721,-5185,-354
-2164,-4624,-22256,-6035,-4485,850
-644,-5452,-25328,-8155,-1616,-967
-3796,-5688,-24116,-5429,5409,-6641
-4436,-4556,-24172,2472,5257,-11203
796,5768,-14816,174,4612,-9183
1896,10928,-10644,4923,3705,-11576
1324,4296,-17244,-2435,3540,-6292
-4408,3660,-18440,11722,486,4707
-5600,5884,-11096,4611,4483,2813
-3556,5484,-12088,3206,-5755,5827
-3456,2984,-13484,2365,-4642,7776
-5252,1532,-12660,723,-5615,9174
-6816,132,-15296,-10,-3980,11307
-7836,-1440,-15616,2424,-8819,13049
-7504,-2456,-18904,22,-7137,13409
-9100,-5100,-24684,-2011,-3821,12684
-11368,-6144,-32768,-6543,4019,10341
-10856,-8464,-32768,3329,7062,7237
-7860,-3524,-27952,4170,17117,3091
-8492,-6216,-21712,12443,16978,2974
-8800,-8032,-16448,14460,15987,1681
-5676,-4348,-8516,11146,13313,-2006
-1400,-3556,-3648,9181,2539,-4555
392,-1684,-788,1633,-2231,-3870
-96,-2140,-3972,-4351,-4093,-4657
36,444,-6312,-6443,-9690,-5304
472,624,-10024,-8267,-15443,-1410
-1712,16,-12680,-7877,-17617,2843
-6744,-356,-17496,-10665,-14073,5482
-9128,-868,-25372,-10131,-14327,3933
-8404,1412,-32720,-14160,-9808,1705
-9520,1776,-32768,-5787,2250,-1360
-9540,480,-32768,2449,8862,1037
-8536,464,-26904,9920,10527,778
-6704,684,-18008,11830,12056,533
-6064,-1436,-12516,8766,12926,-200
-5944,-1820,-9040,7486,9811,-2793
-3808,-1948,-6384,4607,3851,-3911
-1184,-1528,-6108,-160,-2250,-5739
-988,-1316,-9028,-2254,-3649,-2978
-820,1048,-8476,-1502,-7555,-2787
-1996,172,-12112,-1257,-7464,189
-2536,724,-14896,4061,-9857,2073
-5748,-788,-18252,5923,-10682,3183
-6476,-4296,-22780,-12019,-12941,9516
-9016,-3332,-26260,-6515,-6031,4824
-6048,188,-27540,-8570,-3253,13567
-9816,-2988,-32768,-2861,7977,537
-9844,-2092,-27432,5340,7103,326
-8480,-2580,-21696,5738,13563,-1501
-7488,-3212,-18784,15324,12334,-3571
-5112,-988,-11172,10534,8343,-5146
-3504,-2216,-9860,6349,6100,-5769
-1248,-1848,-9292,3832,2358,-6416
2600,-560,-8952,1860,87,-4497
1632,-312,-8616,-1505,-1877,274
-608,144,-9972,-5776,-716,2365
-1640,-276,-11872,-8561,-3776,5751
-3348,1156,-10380,-12151,-5993,4023
-6000,-352,-15832,-18785,-10131,5123
-4576,-444,-21640,-17795,-8665,6123
-7008,1016,-27136,-11381,-6085,2757
-7284,3296,-28964,-4943,-4226,728
-6696,3136,-32732,-1209,1282,-20
-6308,2632,-31356,6828,5530,1340
-5996,2124,-25676,13207,6576,1051
-5100,1764,-17416,14714,7311,1086
-4632,1112,-12268,9677,9400,-904
-3616,-320,-9684,4607,6939,-1156
-3076,60,-7012,1233,1142,-3131
-1904,1612,-5764,-4161,-3254,-3409
-2484,3076,-4964,-11632,-7499,-3935
-3468,2928,-10312,-19808,-5152,1166
-4552,1296,-15996,-15749,-8480,-611
-5308,4252,-18088,-11572,-15049,4037
-8564,5648,-22644,-9483,-5316,2452
-8240,5672,-30872,-3915,-5028,3015
-7028,8012,-31800,4691,974,-370
-6732,6480,-31048,7858,12160,868
-6064,4988,-26492,17872,12123,2303
-6796,5016,-15432,16378,15211,3838
-6752,1380,-12112,10408,13136,1262
-4088,512,-9896,8314,6738,-1774
-2464,496,-6532,4769,-870,-3769
-1232,792,-4936,-200,-5645,-5631
1124,3236,-3900,-4578,-11283,-4817
956,3960,-7524,-16377,-8455,1715
-2324,3736,-14428,-18861,-7052,8555
-7976,2864,-23316,-15690,-4406,4843
-10528,6520,-29336,-6988,-3943,324
-10320,7468,-32768,217,698,-1769
-7816,6252,-32768,10111,4259,-2072
-4544,5984,-26192,20481,5095,-2163
-3940,4484,-16012,17330,9243,-463
-4332,1688,-12972,12512,10239,-224
-3068,292,-11008,9588,6906,-1736
-1792,-120,-8340,6280,3507,-3174
360,868,-6676,-229,577,-3647
1472,1260,-8096,-5669,-2247,-803
-1032,708,-11436,-9499,-4132,1037
-1320,1504,-15076,-11024,-8261,2035
-4316,2260,-21156,-12779,-4556,1922
-4944,2748,-32768,-13172,2207,2280
-3904,3100,-32300,5939,501,1496
-2936,3492,-24576,8901,2746,3568
-2836,2040,-19744,9555,4663,3742
-2744,980,-15544,8200,5524,3138
-2212,216,-12436,5445,4966,3093
-2484,-140,-9700,2276,3142,1100
-2092,84,-8324,-1716,-1310,-1324
-1604,1852,-7652,-7026,-5486,-3594
-4000,2936,-9808,-18783,-5780,-2459
-3192,2948,-23688,-17395,-9420,1310
-2052,3980,-32768,-3855,1511,599
-3776,5420,-31404,14222,2089,1018
-3908,4696,-20620,14194,2593,1510
-2168,1460,-17032,11931,2379,4017
-1888,1056,-11964,9471,1955,2291
-2928,284,-8288,1602,2547,182
-3112,116,-9992,-3033,-1215,-1388
-1800,596,-14592,-4703,-3071,-661
-2784,1040,-18448,-4459,-1664,-72
-4008,1572,-21744,-1962,-1207,934
-5720,1312,-19588,-1255,-2056,-388
-4232,136,-23912,-1752,-1176,-1354
-388,1124,-24584,5018,-2861,-1077
-20,1700,-18728,5075,2194,1537
-2400,4,-17116,5123,3385,3000
-2676,928,-12488,3631,1349,1231
-2396,1120,-7984,-3915,1210,1939
-3932,1468,-10448,-10760,-4348,1547
-4848,532,-20408,-12070,-2678,1357
-5644,836,-26428,-1995,-1553,-1478
-5580,2104,-21728,3530,-1375,-180
-4080,2192,-19032,2834,-2319,-736
-2480,1804,-17808,1727,-1389,-1682
-2044,1964,-16344,-77,-1787,276
-3476,972,-19536,-496,2841,867
-4076,884,-18788,1932,902,1007
-4368,1272,-17888,225,2181,359
-3476,1280,-17564,-439,2816,-212
-1892,2084,-14180,-797,1419,-32
-1688,3004,-9804,-5426,2252,300
-2332,4504,-6032,-16104,-2709,-1865
-4988,3464,-15712,-22170,-10775,2781
-5704,4108,-27548,-8295,-4463,-2723
-5376,3988,-32768,6179,5971,2740
-6092,6120,-25332,23749,563,1153
-1088,6660,-10196,18204,-2868,3413
312,5660,-980,-3649,7892,3707
-8972,5156,-6356,-20434,4183,-3531
-7576,1548,-32768,-10025,-200,765
-4712,4780,-32768,24377,10150,3801
-7468,8592,-11676,32767,2385,-6441
5884,1704,5248,10852,-12558,-6561
2712,2008,3740,-26620,-4723,-4375
-4668,-1252,-32052,-22814,12439,1790
-5128,2828,-32768,16409,5240,-2190
-5420,5896,-13756,21127,-16160,228
2192,-900,-2564,-5909,2165,943
-7448,128,-11852,-16375,-1532,-3050
-11248,-2136,-32768,12915,-13820,-24781
15828,8668,-8788,27663,-32768,-7141
-1060,-456,1880,-14802,32102,20239
-22656,-3264,-24356,-13366,9384,454
-9276,-888,-23740,2477,-11346,-2999
-5624,-536,-23100,6251,3067,3435
-11172,-3148,-21884,10449,1513,4829
-6276,-620,-10936,9710,-8138,2051
1608,532,1192,-11053,9028,8575
-14300,-2748,-25148,-17366,15325,1211
-10284,64,-24564,13126,-18812,-5888
12688,3072,-604,-831,-12215,16876
-20940,-3316,-24104,-17425,32767,5101
3976,4428,-20088,1010,-22206,7375
-4724,4192,-9120,-18106,31156,28043
-18380,3936,-21316,-5754,-8477,-6467
-3996,4036,-24852,13167,-22989,-13418
-6764,3028,-12112,-8457,25493,7143
-16120,2280,-23860,4513,-14805,-11844
11664,7120,-13484,11199,-32768,-2679
-18192,-884,-18428,-7562,32767,5827
-17108,-524,-32768,13196,-12278,-18634
-620,3668,-14888,18221,-1888,8744
-14840,-3412,-20336,8167,27138,-8214
-748,-1936,-10488,6417,-3763,3548
848,-2068,-4636,1517,10377,352
4452,-1520,488,-3984,2460,3399
7296,-1416,4184,-14874,3060,9429
13324,7580,7956,-28528,-6458,20142
-14496,4884,-32768,-32768,21014,14282
-12096,11988,-31968,5470,-13182,9577
-11172,10268,-32768,-5537,-627,1297
-7456,8176,-31792,3386,-7132,-4042
-4928,9660,-22092,13909,6652,3921
-3424,1664,-20292,7404,14199,3306
-5076,360,-10092,10867,5596,-4760
-4176,3420,-9928,9636,7901,599
-2284,2764,-6932,5146,1617,-6267
-5276,-80,-8672,1357,-9849,-10097
940,2376,-7800,-4799,-20118,-7938
1220,2616,-17156,-4819,-16491,-1600
-6712,4192,-22480,-5341,2796,4588
-14232,3204,-28676,6049,-1393,-5483
-9508,2996,-24580,3299,-9895,-9490
-5944,3944,-24048,8018,3622,-9518
-7532,1856,-20416,9005,10060,-9502
-6592,296,-19392,10326,4788,-9214
-5236,-1092,-18040,12791,3649,-6704
-4216,-2180,-15668,8154,5521,-4421
-4080,-3156,-14168,7639,5789,-2170
-3244,-2776,-13128,5111,3910,-2468
644,-2016,-11616,1520,1149,1818
48,-1304,-11172,-6319,5952,5888
-3160,-2332,-16620,-8651,9168,5305
-4752,-2964,-16640,-5026,2742,3461
-6404,-3396,-15872,-6688,-3157,-702
-6800,-6064,-22080,-8856,-5560,-1145
-4476,-4796,-24224,-4289,-2957,-7616
3540,-252,-25360,3361,-1455,-5106
3076,2184,-21580,6623,4966,1905
-1020,3312,-17496,7155,5757,5699
-3396,3044,-13660,2793,8671,7401
-3820,3284,-9408,-2352,4604,7242
-4428,2100,-11572,-11422,1606,4965
-6432,1808,-13060,-16035,-6669,2316
-7420,-1244,-19568,-8094,-12999,-3770
-7116,-1296,-25380,-5269,-12896,-4151
-2704,-804,-27420,-367,-5254,-7691
5652,3160,-25832,7789,8116,-2385
-312,4076,-21212,4863,19064,4907
-3368,3620,-19484,9209,9419,6913
-3448,4880,-13344,3461,8165,9476
-5968,4828,-13092,-7246,12041,8825
-3536,4376,-17228,-5345,2368,4671
-1436,5056,-14356,-3848,984,4740
-1232,4352,-14888,-5815,-675,3932
-1024,764,-18224,2966,-4454,4100
-1588,2044,-16308,-1937,-4330,5062
-3576,-260,-18480,-6685,-3211,4025
-3764,-852,-19596,-1399,-9121,-285
-1736,-1160,-18172,-2139,-8656,1391
-3928,-1176,-21588,-1627,-3540,-3594
-1720,1168,-23112,-539,-3253,-5620
-716,3644,-23740,2638,3704,-7094
-1448,4556,-21596,4686,3271,-6584
480,5924,-20552,6100,4188,-3398
928,7628,-17480,5421,8105,-622
-1372,7436,-15680,1736,7672,2245
-1552,7580,-14860,1951,3791,2491
-1488,6540,-13872,-615,3379,4277
-2688,5380,-14312,-1284,999,4949
-3108,3888,-13636,-2159,-1374,4755
-4000,2064,-16056,-4204,-991,3600
-4524,592,-17968,-2409,-3063,3490
-5812,-1708,-16744,-1070,-5232,2353
-6728,-2768,-18556,-2070,-6132,-3511
776,-1380,-22276,-1379,-6532,-5780
3740,928,-25456,40,1357,-8296
3404,4056,-26796,428,4009,-6252
2520,4132,-24980,6515,7204,-2091
1184,6800,-17280,5482,7836,-335
-144,6568,-18272,3475,7102,1834
-1036,7012,-14404,7113,5534,2735
-1732,6112,-13408,1949,3459,3803
-1768,4560,-13672,1273,565,4025
-76,4052,-12372,-1253,-2106,5610
-3016,3024,-14488,-5645,-816,5109
-4224,1980,-16716,-7125,-1044,3547
-5836,768,-18160,-8617,-3757,2042
-6504,-1100,-20076,-6109,-7259,-811
-6312,-1988,-20792,-3691,-7194,-3998
-2624,-1744,-24944,-2794,-10291,-8954
5448,396,-26352,1103,-7331,-6321
1920,1708,-25344,4007,1425,-4996
-288,3176,-23632,9226,5945,-2734
-2072,4540,-19672,10115,7357,-1816
-1748,5488,-15252,6596,8960,-915
856,5956,-12672,-5909,12004,4521
-1712,4692,-12092,3818,4844,1413
-696,4224,-11196,-2680,3067,1800
-900,2240,-13536,-305,2826,489
-1756,1528,-13212,-2578,-552,2525
-3044,764,-15372,-5223,-1074,2838
-3660,544,-16880,-4505,-5431,2306
-3444,364,-17248,-4856,-7255,2197
-3936,4,-17988,-5139,-6870,757
-3536,52,-18276,-5514,-7139,298
-3924,116,-22948,-8592,-4630,-1035
-1636,1252,-26564,-4710,-4915,-2795
1440,2600,-24040,-1176,-88,-2474
444,2500,-24232,3529,3089,-2444
-1876,2572,-22888,7303,6592,-1467
-2656,2436,-18172,6271,7162,-291
-3732,2076,-16344,7467,6677,-2038
-3232,2484,-13908,5655,4215,-2352
-4536,2944,-13192,2037,5940,-3736
-2900,3456,-13060,1652,1302,-2779
-832,2752,-11312,-499,-1925,-854
112,1964,-12400,-3391,-4026,-301
636,2636,-16400,-6740,-4216,2441
-1956,2328,-20748,-7488,-4712,2415
-2060,2564,-20748,-6025,-7400,5075
-3184,2280,-20204,-5416,-11317,10499
-8416,1068,-18988,-4667,-7539,6129
-3916,2220,-20868,-5822,-4781,2366
-3136,1904,-24528,673,-2107,871
-1252,1036,-24284,3995,-409,1563
-3748,2936,-19412,1907,3698,2530
-4316,2780,-19208,6246,2858,1066
-4196,1660,-16428,6848,5928,612
-5368,1664,-16280,5904,5546,-1078
-2944,1592,-15396,4779,4441,-979
-4024,1584,-14124,3584,4663,-1705
-4612,2328,-14224,-581,2779,-4477
-1696,2588,-15292,-1761,-682,-1833
-2804,2404,-13628,-2887,-3674,-2466
-1020,2332,-16668,-4178,-3922,-2364
-2216,1912,-17168,-3218,-5545,-816
-3068,2252,-19704,-3577,-5354,-484
-5324,2124,-20724,-1720,-5382,-1101
-5156,1932,-20060,-398,-5013,-1731
-4668,2036,-19112,-846,-1665,-1517
-5144,2320,-19612,76,34,-1221
-4516,2420,-18560,1455,-925,-1090
-4192,2152,-16560,1785,-1162,-784
-4848,1912,-17380,1180,-336,-774
-5548,2304,-17268,-678,577,-1437
-6152,1908,-17496,-935,1639,-2082
-6868,784,-15800,-3802,2662,-3711
-4184,-416,-18152,-1481,1246,-5718
-1520,552,-17884,1196,-1025,-2251
-2352,1900,-19368,763,401,-511
-2804,2564,-18544,4163,-127,270
-3792,3180,-15680,4562,-1457,2158
-6160,3052,-14088,1091,399,2819
-6768,2656,-14124,-1415,-366,1531
-6684,2096,-14504,-3587,-811,886
-7788,756,-15244,-5289,-1788,836
-9328,332,-16456,-4985,-4054,-665
-7476,376,-19960,-5058,-3549,-2821
-5396,1372,-21688,-3440,833,-2564
-4660,2404,-21028,-101,88,-2594
-4944,2848,-19416,938,1628,-1897
-5152,2784,-17380,1407,1236,-1171
-6576,3044,-16684,2118,740,-1513
-5336,2176,-15196,2300,121,-1294
-5780,2024,-15656,269,1182,-990
-4988,2152,-15588,13,290,-792
-5220,1880,-16136,217,78,-694
-5332,2204,-16676,-458,210,-310
-4936,2036,-17660,-247,34,212
-5444,1668,-17016,347,-310,223
-5872,1504,-17724,-158,355,230
-5656,1712,-17564,88,192,278
-6144,1768,-17364,558,-166,209
-5892,1596,-16592,764,-181,55
-6256,1588,-17268,653,94,-63
-6088,1392,-16296,685,-650,-56
-5872,1424,-16244,258,-1232,-225
-5444,1460,-16736,-235,-521,74
-6108,1388,-16912,-467,-58,678
-6668,1112,-16732,-101,-758,239
-6472,1012,-16656,103,-663,100
-7180,872,-16736,292,-1259,-229
-7604,776,-16260,287,-508,-1019
-7676,4,-16980,-1142,-268,-1779
-7420,624,-16488,319,-1038,-2257
-6864,1348,-17216,-986,-94,-3478
-5668,1512,-17176,-707,-242,-3348
-4960,2020,-16936,-685,76,-2854
-4920,2088,-16980,-251,0,-1984
-4936,1932,-16616,-138,-252,-1044
-6556,1292,-18216,-3739,-1741,847
-4436,-44,-18100,6602,-654,1495
-6720,1036,-15832,22,-1816,958
-5872,856,-16928,-6563,924,2320
-6908,972,-16620,1338,-1000,2329
-7816,3224,-16728,1665,-481,-277
-7116,1416,-18076,2150,-1094,709
-7084,1752,-16484,-28,-603,880
-7192,1676,-16480,-254,-434,447
-7572,1588,-16540,-312,-103,514
-7104,1464,-15980,-506,-313,86
-7412,1584,-16476,-568,4,-186
-6932,2048,-16536,-476,-78,-138
-7016,1860,-17108,-238,-128,-110
-6756,1908,-16392,-370,-52,28
-6980,1944,-16280,-166,119,119
-6680,2064,-16448,-946,-232,319
-7208,1788,-16320,-368,-120,221
-7244,1804,-16576,-495,103,37
-6916,1784,-16676,-245,-199,-68
-7012,2004,-16664,-118,54,262
-7192,2276,-16872,-53,185,46
-6784,2296,-18120,1138,1024,324
-6792,2116,-16176,1269,1383,287
-7436,1864,-16444,1066,1110,-766
-6140,1868,-16196,427,990,340
-6868,1320,-15408,855,223,-39
-6900,1328,-15652,-666,719,-532
-6480,1304,-17372,-413,825,-667
-7308,1416,-17232,73,1350,73
-6904,1908,-16532,192,-239,-905
-5816,1900,-17652,553,440,-1093
-5240,1744,-16400,403,2714,184
-6316,1248,-15516,-692,1605,820
-5360,1416,-17232,-450,2377,123
-6844,1292,-15872,-2549,3722,663
-7184,1392,-16532,-1175,-1538,746
-5908,1720,-17040,-917,2138,-527
-6324,1540,-17032,-4009,2285,203
-6036,1296,-16920,-3087,98,284
-4408,2288,-18744,-1752,2138,-876
-6496,1864,-18436,-979,2403,-24
-4740,2252,-18564,1825,4218,-1655
-4784,2536,-17472,311,7703,-2916
-5456,2464,-17568,659,6803,-3585
-2896,2960,-17648,2730,4378,-2426
-3824,2196,-15932,1314,3482,-358
-3908,1416,-15044,113,-59,-94
-3440,1576,-15396,-709,-466,-505
-4580,1212,-18204,-1806,1599,-2426
-4124,892,-20404,308,2217,-3492
-3076,848,-19088,1456,1315,-3509
-2432,788,-19020,2132,1845,-4347
-3960,2952,-17676,1173,5981,-6385
-3140,1900,-18660,6865,12000,-11559
-2564,2120,-17184,1297,2668,-1931
-1288,2260,-17344,3457,352,-2512
-2284,876,-18156,1824,-1152,-2623
-1672,788,-18140,-2551,611,-3280
-2420,-628,-17448,1078,3038,-12568
-736,1080,-18232,3451,3411,-3694
-372,-572,-18212,2271,-557,-1143
-880,-948,-18324,1021,-1729,-3532
-656,24,-19840,2483,-1082,-759
-1876,564,-18076,-771,-1225,2358
-1852,892,-19168,-5667,-2106,7883
-2352,-568,-18548,-2680,-6208,4394
-800,1448,-16092,-1090,-8616,3676
-3256,1324,-17752,-3611,-3215,2066
-4540,52,-17116,-1953,-4141,-639
-4480,264,-16944,42,-8366,-921
-2908,2772,-17464,2622,-3566,1574
-4884,868,-19096,-312,-79,-2106
-4832,308,-18684,3225,-58,-2937
-5216,184,-18516,4196,225,-3284
-5328,-456,-18172,2716,3701,-2535
-4320,-56,-17976,716,3079,-715
-4476,-8,-16792,3427,6247,561
-2356,324,-16564,612,65,3852
-2548,1016,-17012,-530,883,4153
-4100,1408,-17476,-1003,-2508,4024
-4300,-96,-19496,-7728,4560,3302
-3328,-16,-18356,-8044,3360,914
-4344,936,-20444,-7804,-77,2131
-3828,1088,-18152,-11441,-2926,2767
-4100,1240,-16812,-2968,-4972,-1451
-1508,1996,-17928,1336,-520,271
-4024,3164,-16436,3359,-1216,-1255
-2676,2076,-15168,5034,-2240,-3072
-2572,1772,-16396,9285,823,-4452
-3688,1016,-17056,9191,6295,-1361
-2344,-240,-18500,12336,3764,-3439
-1760,-816,-18292,10353,2883,-2337
-3492,-2440,-18508,6109,2042,-970
-3536,-2956,-19320,5901,-2425,-634
-4048,-3232,-19396,780,-127,-2230
-4588,-2432,-18568,596,-1028,-4082
-3736,-3860,-17880,4205,374,-6050
-2504,-3800,-18300,6442,2650,-6455
-3288,-4348,-16920,2660,5576,-4900
-2408,-4244,-18140,1382,-1555,-1964
-2432,-4652,-17664,-1946,757,-1598
-2140,-4056,-16704,-2335,910,-827
-1280,-3892,-16760,-2170,-174,458
-972,-3684,-15484,-3398,1012,2282
-876,-4028,-17124,-1142,-1531,797
-612,-4348,-17744,-4112,-4618,963
-3988,-4368,-19352,-4376,-7327,935
-3996,-5624,-20684,-2787,-5290,-5747
-7288,-3532,-20412,-3991,-2838,-4003
-4820,-3720,-18812,-4846,-2905,-1147
-4232,-3136,-17508,-6345,-2397,-2664
-4844,-1348,-17032,-3642,1972,-3395
-3552,-756,-17344,-4939,-1084,-412
-3660,-120,-16292,-4092,1163,-3212
-3952,400,-16768,-2400,2152,-1490
-3476,104,-17048,-2262,685,-21
-4312,284,-16980,-1629,3359,-2015
-4712,36,-17856,-1271,881,-27
-4024,-328,-17724,-1647,639,431
-3192,-432,-18348,-2429,2921,-663
-3396,36,-17908,-2714,2735,-693
-3388,612,-16864,-2986,1095,-76
-2652,552,-18524,-1983,1671,866
-2352,-96,-17748,-2750,3184,-732
-2536,568,-18960,-2970,543,1328
-600,1420,-21232,-3153,-80,1487
-864,3164,-20324,-2748,405,-755
-3680,2644,-24260,2036,4378,-979
-2108,1612,-21848,-1301,7551,853
-1392,1208,-19360,-1004,8069,2080
-240,1580,-14752,-952,5812,3223
-272,2384,-12472,580,3859,4393
1648,2304,-10864,829,2906,5228
1852,2256,-9112,210,-1185,3935
-576,2740,-8248,-14,-6873,5577
-1896,1908,-10668,-1010,-12904,10372
1888,2232,-10892,-5486,-19973,12879
-4328,1608,-13404,5735,-10255,-5768
-10504,336,-21396,2590,-15531,2163
-5484,1200,-19476,-4881,-22420,9669
-8492,2060,-22060,3097,-8370,-1581
-11500,-4,-26020,2440,-6108,-1186
-19692,-3236,-26868,2376,132,-3410
-17276,-3116,-25672,-2454,6159,949
-9216,-484,-19272,-3937,13759,-3895
-7716,884,-13992,-3654,15570,-8404
-3624,2224,-9280,-6740,8366,-2329
1060,3708,-5040,-7880,-2442,1249
4076,3920,-3464,-4204,-3572,-3097
-904,2752,-8056,1465,-9386,-4709
-3776,3552,-14132,-2309,-20620,2830
-8576,7856,-17432,1519,-11258,-4872
-17432,2144,-23228,10757,-393,-7315
-24056,-3424,-28936,3588,-2507,-647
-18304,-396,-21516,-6549,-358,7637
-11644,392,-17640,-2656,7020,3274
-11528,-368,-17880,-1887,12388,317
-7640,1284,-16516,-4530,11012,2200
-5336,2316,-14856,-1986,12338,-835
-3532,2164,-12652,-322,12817,-3523
-464,2340,-10948,-166,8722,-2184
1344,2932,-9056,414,3121,-1355
1928,2780,-7968,693,-2922,116
2256,3276,-7096,914,-10013,-123
-956,3168,-10148,1840,-15920,-25
-7296,3816,-13848,1312,-13006,-3389
-11644,5172,-20636,1315,-12449,2494
-11792,3648,-22536,1648,-4034,-539
-18012,504,-21884,3652,487,-1381
-15148,-1004,-19220,895,1359,2069
-10816,-844,-17436,-2018,1570,3529
-7752,-88,-15880,-1913,233,1537
-9172,40,-16880,-647,4015,-2074
-9628,1376,-18088,-2982,4103,-2250
-10144,1712,-18620,-1901,6422,-3201
-9460,3144,-15832,-4389,5567,517
-5212,3396,-14252,-2322,4955,1959
-2496,3744,-13360,-2109,3097,1173
-2600,4192,-12704,552,1332,-734
-2960,3288,-13760,1878,409,-3891
-5424,2840,-15524,1206,306,-3568
-7240,2484,-17572,-568,-3056,-210
-7208,3076,-17160,-585,-2691,1571
-8540,2232,-18284,-2249,-3102,5915
-8844,1872,-17868,-3845,-4402,9472
-8080,1936,-16732,-6097,-6677,14060
-7044,3092,-15852,-8604,-8049,16011
-5024,5780,-13632,-7715,-6954,10916
-7640,6564,-14456,-1742,-1472,2334
-7808,6928,-14396,-4199,-4358,4883
-7224,7804,-13776,-3510,-2622,2809
-7584,8664,-13312,-2733,-1941,2980
-6748,8660,-12728,-242,2532,-3038
-8624,8436,-14080,-967,-1435,703
-8100,8672,-13104,-790,-2262,2661
-6556,8748,-12876,210,74,-279
-7892,7972,-14088,1760,1491,-2608
-7744,7636,-13648,-547,-2779,389
-8388,7948,-13200,-118,-2134,54
-7748,7796,-13244,-8,-2,-1414
-7632,7680,-13236,545,731,-2560
-8300,7672,-13736,683,691,-3099
-7504,7740,-13176,1037,2630,-6126
-9448,6964,-13808,3266,4001,-7202
-7776,6224,-13836,1773,4128,-6341
-7668,6148,-13884,3663,5501,-9586
-9660,4708,-15220,4765,4972,-6700
-6560,4904,-13976,1412,3491,-6151
-8744,3760,-15624,6194,9159,-11794
-12256,2216,-18132,1492,1519,1278
-11432,1892,-17572,-5558,-13271,24759
-248,5544,-15104,-7034,-9734,15783
-956,7128,-10216,3449,25000,-32768
-12968,3360,-18916,10692,22011,-31731
-14388,20,-20212,-3396,-16923,26537
752,3356,-15044,-5578,-21152,24111
-2976,6692,-10372,-3122,18834,-30230
-16476,2744,-18572,10415,6681,-9480
-11096,-168,-18388,-8201,-18550,32046
4324,9152,-10532,-7219,-119,-5940
-14112,3496,-17348,16724,19167,-28539
-11600,396,-16576,-7724,-14993,24395
2072,8668,-12180,-5009,-2058,-2015
-12208,3092,-16404,12587,17816,-26908
-12620,956,-17008,-4021,-9026,15412
-1248,5240,-14556,-5265,-9270,12860
-8760,3836,-13976,11462,15838,-24598
-13288,232,-17552,-1571,-3270,5925
-8648,1028,-15804,-4285,-13796,21910
-2212,5864,-12120,-2247,5312,-10150
-13184,2316,-17376,5885,4841,-9677
-9628,2668,-16536,-1186,-5723,8836
-7268,5548,-16836,1421,-2266,2804
-8968,3536,-21740,6197,2072,-3433
-6992,5272,-19444,-997,-1026,4216
-8932,1264,-20036,8677,3247,-6288
-11756,908,-19576,250,7237,-7211
-7988,3600,-16116,-5716,3168,-2018
-5388,3440,-15160,-208,5177,-10242
-8572,1672,-15672,-1233,8312,-8738
-5324,548,-13804,-159,14138,-11923
-6260,1224,-13580,2695,16492,-16348
-1564,-5024,-16484,6456,22807,-21245
-2024,2972,-13372,545,24733,-27836
-476,-1420,-9956,5597,12432,-14775
-552,-380,-11860,18677,7091,-5486
-120,-3112,-11772,20309,-10157,2574
792,-10248,-15604,20378,-32768,7589
-5888,-8792,-18100,2516,697,8763
-2860,-7004,-15000,3078,17639,-814
-3692,-9500,-18968,-1165,5453,9573
2532,-7484,-17232,-7796,1748,13317
-3308,-11456,-18512,12828,7447,-10281
-772,-10380,-20852,7678,1789,-3374
3424,-9016,-11024,4921,-11964,5464
-184,-8620,-15944,8922,-8698,-2905
-2804,-9720,-17080,-8145,-12354,6636
-6284,-7524,-14908,-15640,-14921,9137
-5332,-6664,-16152,-6252,-1496,7844
-4068,-6384,-20504,-19543,2193,7905
-5108,-6128,-16920,-12807,8723,5584
-4728,-3440,-17660,-9823,6135,4779
-5656,-2128,-17296,-11572,2589,2452
-4788,-1468,-18256,3959,2891,-137
336,-708,-15720,15900,31091,3539
-2064,-2168,-18232,-562,3112,4234
1232,-3528,-12188,-15443,11888,-10511
264,-2332,-16528,4545,38,-6466
1432,-3840,-16552,-13293,-983,4561
-844,-1496,-20924,-3483,2414,7878
-1420,-1304,-18716,1039,730,5644
60,-460,-18616,-1588,2463,8169
1652,12,-17500,-979,3208,20473
-1180,-1680,-18904,159,555,17372
84,-616,-18236,-155,42,-77
76,-596,-18460,-183,123,15
120,-440,-19104,-28,1562,-55
-348,-1044,-17300,147,2165,-1028
312,-960,-18392,-802,162,-11782
1540,480,-18448,326,6619,-10778
664,-288,-18468,-518,-2542,-6052
516,-704,-18920,233,3294,-30
296,-640,-17760,-915,-6486,-1120
-172,-704,-17104,222,3532,-874
524,-504,-18920,-1123,-6433,-4130
216,-968,-17880,-1450,1774,202
672,-472,-18136,-343,-945,-634
76,-628,-18284,98,2150,-96
128,-512,-18448,-284,-613,36
256,-472,-18152,-225,-275,47
200,-532,-18296,-187,63,19
124,-588,-18396,-153,151,27
112,-592,-18172,-151,133,29
268,-564,-18568,-187,165,6
156,-524,-18280,-148,92,3
252,-500,-18280,-167,29,18
116,-528,-18240,-154,137,8
84,-556,-18180,-171,50,29
128,-464,-18404,-156,75,48
112,-504,-18240,-168,106,15
132,-560,-18368,-174,60,41
192,-532,-18252,-147,108,20
92,-516,-18392,-164,106,25
136,-504,-18472,-187,117,19
88,-456,-18324,-148,119,18
140,-524,-18184,-167,89,2
176,-596,-18468,-183,106,15
144,-496,-18424,-158,98,18
152,-548,-18316,-161,99,22
180,-556,-18412,-172,109,15
152,-472,-18272,-156,82,18
168,-536,-18424,-180,93,17
160,-524,-18272,-175,93,-5
84,-520,-18408,-153,89,24
100,-496,-18336,-154,73,12
140,-452,-18380,-152,99,15
184,-540,-18352,-148,93,5
188,-512,-18364,-151,106,0
220,-588,-18380,-174,85,41
164,-660,-18528,-180,81,10
124,-552,-18292,-165,90,17
80,-576,-18344,-175,97,24
132,-464,-18380,-144,148,21
192,-484,-18284,-156,104,15
160,-564,-18328,-147,90,30
172,-476,-18268,-165,95,36
80,-544,-18224,-160,99,34
156,-588,-18308,-178,77,4
68,-556,-18404,-150,103,41
156,-524,-18356,-165,94,15
76,-552,-18444,-181,77,34
188,-556,-18396,-155,84,9
112,-472,-18344,-181,97,11
96,-488,-18328,-187,100,27
72,-512,-18400,-174,78,7
136,-548,-18344,-159,81,12
64,-480,-18408,-153,92,29
84,-536,-18400,-177,107,1
136,-552,-18484,-160,117,37
176,-604,-18500,-168,96,6
96,-560,-18316,-170,81,21
192,-592,-18504,-176,88,29
36,-604,-18380,-140,92,9
164,-516,-18376,-173,111,6
108,-508,-18312,-188,112,9
180,-404,-18368,-147,98,31
112,-484,-18344,-157,68,8
104,-588,-18356,-162,123,17
168,-524,-18240,-167,101,7
40,-568,-18412,-168,94,32
120,-512,-18412,-158,87,1
68,-540,-18400,-159,108,0
52,-468,-18260,-170,88,43
164,-444,-18272,-157,102,27
148,-464,-18436,-166,101,27
184,-420,-18344,-166,113,22
144,-492,-18188,-156,117,-6
60,-508,-18444,-156,107,22
144,-532,-18412,-164,59,21
128,-544,-18308,-164,68,17
96,-568,-18452,-165,73,10
192,-536,-18236,-159,79,22
120,-512,-18340,-153,101,13
72,-476,-18372,-171,106,6
144,-548,-18448,-164,104,0
176,-520,-18196,-167,86,10
88,-436,-18424,-156,101,35
84,-448,-18264,-169,112,16
152,-540,-18268,-162,114,11
160,-564,-18560,-162,129,9
44,-560,-18380,-162,85,23
4,-512,-18424,-156,99,17
236,-504,-18492,-179,125,21
256,-576,-18372,-157,117,5
76,-528,-18364,-153,128,13
104,-508,-18272,-172,110,37
-44,-488,-18504,-157,103,13
172,-480,-18488,-168,93,34
112,-600,-18292,-180,117,7
160,-536,-18344,-174,105,23
100,-556,-18196,-153,120,29
48,-508,-18488,-163,109,-7
124,-504,-18376,-139,71,31
204,-544,-18344,-163,76,12
220,-484,-18216,-161,105,24
36,-548,-18312,-175,102,15
64,-484,-18364,-151,117,18
72,-492,-18528,-167,105,27
180,-452,-18328,-165,58,3
72,-492,-18484,-174,85,16
104,-564,-18344,-172,107,11
84,-496,-18248,-169,98,9
124,-460,-18364,-170,101,-5
112,-564,-18328,-160,114,37
92,-532,-18320,-151,113,35
100,-572,-18408,-176,85,-8
76,-576,-18284,-167,98,7
120,-544,-18320,-147,105,31
144,-532,-18320,-171,84,-9
132,-480,-18372,-174,100,29
156,-540,-18368,-187,78,40
48,-536,-18400,-184,64,38
164,-536,-18536,-173,57,34
120,-488,-18364,-187,82,46
16,-540,-18364,-178,74,32
48,-508,-18180,-158,63,39
116,-520,-18328,-174,84,30
80,-552,-18272,-152,73,18
-52,-492,-18396,-186,108,6
128,-448,-18212,-169,114,31
108,-472,-18500,-186,119,22
76,-500,-18364,-150,75,2
92,-492,-18328,-165,90,47
80,-548,-18396,-160,95,18
148,-552,-18348,-164,111,14
156,-612,-18432,-168,84,18
200,-512,-18400,-171,78,34
92,-556,-18256,-165,115,13
176,-440,-18328,-147,110,19
176,-444,-18336,-152,110,19
148,-460,-18408,-166,89,-2
148,-452,-18348,-202,121,5
144,-600,-18360,-149,115,-4
120,-508,-18408,-170,106,31
56,-556,-18308,-166,72,-4
184,-444,-18372,-163,79,0
44,-504,-18440,-195,82,32
236,-468,-18228,-145,96,-3
212,-476,-18380,-163,108,15
36,-524,-18292,-184,124,12
140,-640,-18292,-162,70,23
56,-432,-18456,-188,88,33
16,-476,-18380,-138,100,45
44,-520,-18276,-166,125,4
184,-524,-18312,-169,100,4
96,-536,-18416,-160,98,40
132,-520,-18336,-173,62,4
12,-508,-18364,-172,108,15
-4,-464,-18464,-181,117,2
124,-484,-18392,-168,123,20
100,-464,-18376,-139,101,16
56,-476,-18344,-175,92,10
124,-512,-18416,-162,80,22
88,-492,-18144,-159,87,-18
108,-636,-18328,-158,84,18
56,-476,-18172,-169,145,11
108,-448,-18388,-159,130,35
164,-492,-18480,-162,94,8
156,-504,-18492,-157,148,19
244,-468,-18352,-157,94,6
104,-564,-18436,-152,74,47
64,-512,-18368,-176,110,16
120,-572,-18292,-154,89,42
28,-524,-18536,-163,88,2
180,-480,-18412,-166,92,23
84,-560,-18348,-160,109,25
72,-476,-18200,-193,92,37
168,-504,-18272,-164,124,0
84,-464,-18500,-149,107,14
84,-472,-18240,-157,100,7
64,-460,-18264,-155,105,26
72,-564,-18180,-168,103,43
132,-548,-18340,-164,93,16
84,-568,-18332,-156,100,11
112,-504,-18456,-165,93,27
44,-384,-18368,-166,77,19
196,-548,-18504,-163,98,30
72,-604,-18488,-143,105,2
172,-504,-18392,-162,103,12
92,-524,-18424,-156,122,20
112,-604,-18408,-183,104,28
28,-548,-18296,-171,96,14
32,-612,-18532,-166,64,3
68,-616,-18444,-178,103,22
-12,-536,-18324,-178,98,6
132,-404,-18408,-160,89,21
-52,-540,-18272,-155,80,-9
20,-468,-18304,-173,95,3
136,-476,-18204,-172,93,24
148,-576,-18288,-158,108,0
152,-536,-18248,-170,100,-4
104,-432,-18312,-144,81,24
60,-548,-18496,-159,99,12
88,-560,-18336,-175,77,22
128,-532,-18484,-175,105,9
104,-564,-18372,-156,125,22
132,-584,-18244,-156,122,3
132,-508,-18488,-172,105,0
108,-476,-18328,-149,76,-8
152,-544,-18288,-174,94,9
168,-492,-18396,-168,94,15
36,-512,-18280,-163,114,18
40,-472,-18288,-169,99,22
100,-436,-18368,-164,109,16
112,-564,-18448,-150,87,11
44,-544,-18304,-157,100,2
92,-476,-18396,-163,96,25
140,-524,-18412,-147,112,0
36,-528,-18316,-150,108,29
108,-596,-18392,-157,111,2
124,-560,-18468,-147,103,21
64,-540,-18240,-161,112,30
168,-564,-18344,-146,96,14
-36,-556,-18356,-172,120,16
124,-516,-18456,-164,98,2
-36,-576,-18428,-179,100,6
112,-548,-18324,-165,81,1
120,-584,-18504,-159,91,11
80,-480,-18424,-173,126,37
100,-556,-18224,-168,112,30
92,-552,-18276,-163,100,23
92,-468,-18404,-163,96,31
-60,-492,-18332,-162,78,32
40,-528,-18396,-173,86,46
28,-580,-17988,-145,85,30
116,-556,-18404,-166,90,4
140,-484,-18352,-151,122,-6
100,-504,-18400,-147,91,2
136,-564,-18284,-175,93,25
116,-532,-18332,-154,126,38
116,-552,-18304,-156,94,-22
28,-584,-18404,-166,130,19
112,-436,-18308,-156,127,25
168,-540,-18368,-160,102,30
36,-544,-18408,-174,76,20
36,-480,-18332,-169,91,14
100,-512,-18336,-155,113,24
80,-552,-18092,-184,92,20
188,-472,-18312,-171,120,30
112,-484,-18468,-151,111,25
64,-588,-18376,-170,103,43
4,-476,-18324,-163,139,28
92,-564,-18336,-161,99,8
60,-432,-18556,-149,123,29
116,-524,-18316,-164,111,28
96,-576,-18444,-172,109,12
152,-580,-18324,-166,87,21
56,-560,-18328,-128,119,-10
28,-460,-18232,-155,114,22
40,-484,-18432,-169,127,-3
88,-496,-18444,-164,106,9
64,-544,-18416,-177,112,18
112,-520,-18396,-154,77,3
24,-424,-18380,-165,105,47
68,-496,-18316,-189,72,12
72,-452,-18476,-160,102,9
92,-624,-18328,-174,79,18
160,-524,-18336,-139,109,17
32,-520,-18400,-171,91,27
132,-496,-18272,-166,85,12
56,-580,-18272,-167,122,22
84,-484,-18360,-148,94,31
40,-508,-18364,-161,95,24
144,-456,-18144,-139,123,12
44,-528,-18324,-153,103,8
116,-444,-18552,-165,114,6
120,-460,-18260,-146,100,26
92,-568,-18324,-147,73,22
60,-536,-18284,-157,104,-1
152,-516,-18328,-151,116,-1
92,-468,-18376,-182,102,20
140,-488,-18292,-174,74,27
-16,-568,-18356,-161,102,11
60,-564,-18224,-146,115,20
160,-396,-18240,-152,80,18
84,-632,-18236,-181,103,16
80,-588,-18264,-171,90,3
76,-512,-18268,-157,84,36
104,-532,-18324,-141,95,35
140,-540,-18504,-165,125,11
56,-464,-18320,-132,101,20
24,-512,-18440,-156,91,21
128,-480,-18488,-156,109,18
96,-556,-18348,-156,84,24
84,-456,-18484,-164,93,33
4,-512,-18344,-155,101,28
72,-564,-18368,-160,86,15
140,-408,-18360,-168,109,15
108,-468,-18256,-135,92,30
76,-524,-18272,-168,105,0
0,-476,-18424,-153,75,14
108,-544,-18356,-162,101,35
40,-520,-18164,-193,120,18
36,-572,-18240,-175,101,28
116,-540,-18188,-173,118,21
168,-564,-18496,-144,109,15
64,-512,-18344,-141,83,-4
60,-456,-18460,-151,103,19
172,-552,-18360,-181,123,40
52,-592,-18260,-174,140,4
32,-616,-18308,-162,97,23
56,-508,-18408,-171,70,28
80,-400,-18380,-169,95,27
8,-472,-18376,-163,101,26
136,-596,-18440,-143,111,39
212,-504,-18172,-138,95,36
172,-416,-18416,-159,110,30
92,-460,-18496,-170,82,5
180,-468,-18340,-143,93,6
96,-596,-18364,-167,102,21
68,-492,-18336,-153,91,14
20,-516,-18156,-171,84,11
128,-512,-18280,-165,121,27
76,-508,-18460,-153,124,30
68,-556,-18376,-201,115,43
44,-532,-18400,-167,117,23
56,-520,-18336,-164,102,28
32,-476,-18332,-154,87,34
88,-476,-18288,-166,100,22
100,-480,-18432,-161,89,30
104,-532,-18396,-165,82,8
88,-544,-18316,-177,99,25
104,-572,-18296,-185,91,11
124,-536,-18456,-175,119,16
132,-440,-18408,-160,69,8
132,-572,-18388,-154,86,13
116,-476,-18364,-167,84,30
64,-452,-18364,-152,133,9
120,-508,-18452,-151,103,12
144,-472,-18408,-159,87,2
116,-500,-18268,-144,89,15
80,-568,-18348,-182,78,19
48,-556,-18312,-173,105,8
108,-512,-18332,-164,117,24
116,-452,-18256,-190,105,-4
88,-556,-18276,-153,106,17
8,-588,-18340,-166,108,33
36,-504,-18412,-160,90,12
156,-572,-18424,-166,107,22
64,-408,-18344,-163,71,22
116,-412,-18412,-130,127,29
28,-544,-18420,-178,90,37
12,-444,-18392,-147,96,24
4,-548,-18316,-179,118,34
12,-496,-18180,-158,87,32
104,-484,-18332,-155,90,22
124,-576,-18116,-161,96,-3
104,-516,-18336,-154,87,28
68,-564,-18408,-155,100,10
64,-564,-18304,-150,98,10
44,-596,-18296,-163,80,4
32,-568,-18304,-156,107,10
88,-488,-18348,-156,101,7
92,-648,-18248,-149,105,3
56,-500,-18468,-176,94,27
108,-480,-18424,-164,90,31
0,-468,-18416,-167,94,10
128,-512,-18420,-152,86,25
128,-588,-18424,-163,98,16
56,-548,-18352,-156,120,16
140,-572,-18212,-189,72,19
72,-504,-18344,-181,69,10
180,-428,-18328,-157,88,14
48,-472,-18372,-173,103,-15
