1812,1572,-18116,-156,96,39
1844,1488,-18116,-163,108,-2
1832,1556,-18196,-148,90,1
1868,1504,-18236,-173,86,14
1788,1500,-18320,-144,77,-21
1796,1488,-18164,-149,71,6
1832,1488,-18328,-147,87,9
1848,1492,-18228,-161,83,2
1740,1600,-18280,-137,87,-4
1840,1528,-18212,-174,70,-15
1796,1524,-18200,-149,96,21
1720,1520,-18152,-158,72,-12
1816,1484,-18248,-134,91,9
1764,1604,-18328,-152,66,3
1800,1428,-18204,-152,82,10
1880,1548,-18412,-154,84,2
1808,1392,-18188,-150,74,9
1840,1516,-18268,-151,99,9
1800,1504,-18232,-157,106,-1
1880,1540,-18224,-145,76,2
1840,1524,-18368,-155,82,9
1796,1496,-18212,-137,90,-24
1860,1588,-18036,-177,126,11
1816,1416,-18348,-167,76,4
1784,1388,-18140,-158,101,15
1788,1472,-18112,-150,66,-9
1832,1524,-18224,-158,82,-2
1748,1460,-18108,-181,78,-6
1728,1504,-18140,-155,65,0
1824,1464,-18492,-142,96,-6
1824,1452,-18376,-147,101,9
1748,1472,-18140,-159,86,15
1720,1500,-18232,-148,82,-3
1796,1548,-18204,-151,48,-1
1856,1488,-18092,-165,47,1
1824,1444,-18256,-170,82,23
1856,1576,-18196,-171,99,-4
1772,1492,-18260,-156,74,-2
1820,1492,-18192,-166,83,2
1904,1444,-18324,-165,107,2
1780,1484,-18316,-156,82,1
1884,1544,-18108,-168,71,2
1852,1492,-18264,-159,85,-8
1892,1424,-18316,-139,50,2
1868,1572,-18296,-156,96,16
1812,1592,-18332,-167,50,-1
1768,1544,-18244,-162,80,-12
1824,1456,-18168,-141,71,-22
1868,1496,-18236,-172,87,5
1788,1512,-18080,-149,69,-7
180248,-4,1504,-18170,99,-3
1836,1504,-18300,-136,80,-9
1784,1516,-18164,-145,63,-3
1932,1496,-18064,-149,94,-22
1828,1576,-18248,-158,73,-5
1828,1472,-18296,-155,52,-12
1864,1612,-18180,-152,70,23
1812,1540,-18464,-157,93,-8
1896,1444,-18312,-152,83,-11
1808,1452,-18320,-154,72,2
1840,1536,-18140,-157,74,11
1888,1612,-18256,-159,95,-4
1852,1480,-18176,-155,72,-16
1828,1476,-18312,-157,92,-4
1852,1548,-18216,-154,78,9
1900,1488,-18296,-148,101,6
1784,1528,-18280,-155,94,0
1924,1524,-18140,-164,71,11
1772,1564,-18188,-160,76,21
1808,1424,-18308,-165,87,-28
1800,1544,-18308,-152,93,8
1948,1496,-18240,-146,76,-5
1828,1592,-18360,-164,94,7
1796,1512,-18192,-152,77,6
1768,1492,-18280,-172,109,13
1860,1492,-18208,-147,62,-13
1836,1532,-18308,-156,96,-11
1888,1564,-18168,-152,57,22
1856,1520,-18424,-157,82,-4
1732,1508,-18188,-161,91,2
1768,1564,-18160,-144,50,17
1788,1536,-18204,-178,110,24
1852,1484,-18276,-158,60,12
1916,1524,-18172,-174,97,12
1796,1444,-18232,-154,72,4
1872,1468,-18136,-172,80,16
1816,1540,-18152,-168,83,-4
1812,1496,-1829,70,6,-1482
1852,1472,-18128,-169,116,-10
1804,1448,-18228,-163,110,11
1768,1524,-18240,-150,57,-11
1792,1464,-18268,-139,68,3
1812,1444,-18168,-180,88,11
1840,1488,-18320,-171,111,4
1836,1544,-18184,-147,102,17
1812,1508,-18352,-155,104,29
1880,1604,-18284,-135,67,-4
1800,1540,-18138,76,-14384,-
1864,1524,-18296,-158,88,2
1804,1436,-18232,-154,71,21
1836,1456,-18392,-166,114,10
1776,1536,-18028,-140,76,1
1824,1456,-18220,-137,78,18
1856,1564,-18212,-156,111,-21
1772,1508,-18296,-141,64,25
1816,1436,-18240,-155,86,-6
1880,1484,-18192,-153,52,-5
1876,1516,-18092,-159,84,18
1824,1372,-18180,-155,66,-22
1812,1528,-18344,-156,113,7
1920,1476,-18292,-152,78,-4
1864,1452,-18228,-152,96,9
1836,1408,-18336,-153,97,-23
1872,1480,-18164,-169,96,10
1848,1492,-18308,-151,76,9
1860,1484,-18168,-137,82,-25
1812,1576,-18176,-162,83,-12
1872,1608,-18468,-173,86,-14
1736,1412,-18180,-168,105,25
1744,1496,-18292,-157,98,-8
1680,1524,-18180,-157,85,1
1700,1584,-18148,-167,106,8
1768,1444,-18288,-165,79,-5
1760,1580,-18416,-136,65,-12
1856,1524,-18184,-148,76,9
1844,1536,-18356,-144,66,-15
1812,1616,-18152,-152,87,2
1832,1484,-18148,-135,102,5
1716,1428,-18336,-148,77,-2
1780,1492,-18204,-163,49,-1
1824,1572,-18232,-154,95,0
1796,1444,-18248,-160,77,0
1844,1528,-18100,-161,64,12
1788,1448,-18248,-173,86,14
1776,1436,-18304,-137,89,8
1796,1480,-18224,-181,57,22
1836,1456,-18272,-154,95,8
1872,1468,-18172,-156,91,11
1732,1568,-18388,-145,93,-10
1888,1456,-18120,-136,98,-9
1812,1500,-18352,-162,90,-8
1908,1504,-18240,-153,74,19
1832,1536,-18220,-136,72,11
1872,1424,-18212,-173,81,15
1768,1476,-18184,-159,106,12
1736,1512,-18448,-159,95,4
1784,1492,-18236,-166,78,-5
1884,1568,-18324,-155,107,5
1912,1564,-18192,-159,73,-17
1784,1476,-18216,-148,83,16
1720,1524,-18232,-160,101,-11
1832,1480,-18272,-153,78,16
1712,1400,-18268,-163,84,-6
1916,1512,-18164,-169,80,11
1908,1468,-18348,-171,111,-1
1808,1524,-18120,-150,77,-1
1820,1524,-18196,-175,94,32
1896,1536,-18288,-150,92,-18
1820,1628,-18256,-167,83,5
1844,1436,-18336,-148,84,7
1836,1536,-18296,-166,97,2
1856,1588,-18412,-171,86,-1
1836,1420,-18436,-155,83,7
1768,1528,-18132,-158,93,26
1944,1484,-18300,-166,98,-8
