16784,1516,-708,-142,98,-8
16724,1484,-748,-156,90,14
16716,1496,-852,-167,84,17
16536,1496,-736,-156,87,15
16772,1416,-672,-150,96,7
16784,1504,-936,-172,90,2
16644,1456,-716,-168,83,-6
16640,1512,-864,-173,98,-15
16688,1472,-856,-191,87,-7
16680,1440,-632,-163,110,7
16816,1420,-932,-148,106,0
16680,1472,-796,-162,87,2
16732,1484,-728,-160,93,-5
16688,1456,-780,-153,98,-2
16772,1516,-672,-175,100,4
16680,1444,-868,-151,112,25
16688,1440,-800,-171,86,-7
16660,1472,-756,-164,84,22
16588,1480,-808,-166,96,-11
16652,1432,-740,-177,72,19
16688,1408,-868,-147,73,-9
16776,1536,-876,-165,91,16
16704,1432,-832,-164,78,4
16704,1496,-772,-161,131,2
16808,1396,-776,-149,102,-21
16816,1424,-732,-166,108,-1
16576,1420,-648,-154,66,-8
16664,1396,-756,-159,62,9
16696,1448,-756,-151,92,-1
16696,1492,-908,-151,79,-10
16652,1344,-820,-153,84,22
16672,1456,-776,-151,80,-11
16652,1496,-832,-164,94,5
16720,1400,-732,-142,111,-14
16696,1484,-800,-150,95,-20
16624,1484,-796,-164,89,-3
16664,1476,-796,-168,78,0
16736,1496,-676,-162,56,-10
16772,1456,-624,-144,71,-10
16700,1400,-836,-169,70,15
16756,1500,-624,-169,89,1
16636,1440,-672,-151,78,-4
16808,1432,-768,-149,114,20
16676,1468,-700,-168,97,11
16688,1520,-836,-153,87,-5
16728,1532,-580,-142,81,1
16688,1464,-912,-170,97,0
16748,1448,-800,-165,74,-2
16772,1528,-752,-163,100,-7
16700,1424,-788,-157,84,-4
16768,1492,-916,-142,93,9
16636,1480,-568,-164,104,-2
16764,1472,-708,-152,95,-5
16688,1396,-728,-155,79,11
16696,1480,-776,-159,59,-16
16744,1472,-528,-175,81,-2
16580,1448,-668,-160,63,14
16632,1432,-680,-183,106,-13
16876,1488,-636,-163,84,1
16736,1440,-592,-163,67,-14
16732,1384,-752,-163,115,1
16684,1504,-684,-178,111,1
16664,1484,-660,-168,85,-5
16736,1420,-864,-143,82,17
16656,1608,-804,-149,70,9
16668,1444,-724,-158,103,14
16696,1516,-888,-149,101,0
16724,1476,-748,-168,113,11
16700,1472,-868,-152,106,-7
16728,1356,-524,-160,110,20
16752,1544,-776,-153,82,1
16752,1380,-764,-165,91,-6
16740,1452,-856,-151,79,4
16764,1472,-772,-158,96,1
16688,1532,-736,-157,105,4
16764,1468,-760,-162,105,12
16684,1432,-604,-167,111,-3
16764,1376,-840,-156,108,-15
16688,1440,-808,-162,77,-10
16700,1528,-700,-155,76,3
16652,1488,-592,-150,93,-7
16708,1512,-868,-151,83,23
16772,1480,-600,-149,105,7
16744,1404,-736,-155,171,-15
16744,1468,-776,-152,66,-9
16720,1556,-756,-154,84,5
16668,1476,-660,-152,110,6
16708,1504,-788,-173,82,-4
16712,1484,-620,-161,92,-12
16752,1508,-888,-154,96,7
16668,1504,-680,-155,77,-24
16620,1580,-748,-163,79,1
16652,1548,-664,-168,71,2
16724,1448,-880,-154,71,-19
16736,1400,-772,-159,101,-11
16740,1468,-604,-154,88,16
16656,1496,-816,-151,98,6
16688,1560,-672,-148,82,-1
16732,1568,-660,-169,83,-8
16640,1452,-696,-160,62,12
16800,1452,-688,-164,87,0
16636,1540,-628,-171,101,-2
16760,1552,-760,-154,109,-5
16756,1512,-756,-136,90,-3
16820,1524,-656,-169,90,-8
16712,1512,-856,-154,97,3
16640,1524,-636,-144,54,-17
16764,1504,-812,-14288,-764,-
16764,1504,-812,-14288,-764,-
16764,1504,-812,-14288,-764,-
16676,1452,-748,-179,77,14
16792,1476,-712,-152,88,7
16640,1432,-620,-167,98,26
16704,1464,-776,-161,90,2
16752,1544,-716,-159,93,-5
16776,1456,-668,-171,65,-1
16628,1444,-732,-160,86,17
16692,1540,-564,-150,73,4
16720,1504,-856,-154,71,-2
16676,1532,-664,-165,104,13
16740,1436,-768,-160,89,1
16732,1504,-780,-150,99,-12
16664,1464,-736,-148,117,13
16736,1436,-836,-151,80,0
16624,1556,-636,-149,101,4
16724,1576,-672,-158,93,16
16732,1408,-796,-170,76,-5
16704,1460,-888,-160,100,-2
16616,1436,-836,-161,108,-3
16796,1392,-668,-150,94,-1
16680,1556,-704,-162,101,-6
16648,1504,-748,-152,73,-6
16756,1508,-816,-158,86,2
16768,1412,-728,-158,48,7
16712,1412,-768,-151,89,9
16732,1548,-692,-156,91,-5
16668,1444,-552,-164,104,2
16680,1548,-908,-149,91,-15
16652,1596,-568,-164,85,10
16760,1404,-700,-171,98,6
16640,1444,-688,-170,89,-6
16756,1296,-716,-170,82,7
16692,1572,-644,-143,89,16
16796,1364,-708,-150,106,5
16772,1496,-708,-163,106,11
16660,1364,-592,-159,86,1
16784,1484,-660,-190,94,-4
16752,1492,-800,-173,77,11
16708,1524,-660,-156,91,13
16632,1404,-736,-166,93,5
16728,1452,-644,-174,85,12
16732,1500,-664,-187,90,-16
16672,1560,-784,-163,79,-11
16672,1456,-804,-166,92,-3
16648,1480,-648,-162,89,12
16708,1540,-788,-151,100,-6
16768,1428,-568,-159,73,-5
16648,1508,-696,-158,75,2
16736,1612,-740,-163,88,-4
16712,1536,-804,-162,118,4
16720,1580,-640,-154,107,21
16664,1384,-784,-145,100,15
16652,1476,-592,-145,93,-6
16688,1472,-944,-157,69,0
16676,1508,-732,-157,104,-12
16644,1504,-736,-148,108,1
16596,1452,-668,-189,400,-44
16696,1524,-548,-204,4,13
16652,1536,-716,-168,59,-24
16648,1452,-548,-188,90,-3
16680,1500,-780,-190,94,-19
16660,1472,-580,-198,95,-2
16652,1496,-720,-153,50,-6
16768,1472,-664,-169,77,15
16692,1504,-660,-163,93,-5
16688,1508,-664,-178,109,11
16688,1524,-680,-171,103,-5
16708,1436,-732,-149,83,22
16644,1448,-544,-155,87,-16
16592,1512,-692,-159,87,3
16716,1456,-712,-164,110,2
16740,1484,-680,-169,105,17
16652,1588,-720,-170,108,-17
16712,1476,-688,-163,96,2
16756,1488,-572,-143,77,8
16644,1464,-624,-142,80,-1
16676,1600,-456,-164,118,10
16776,1544,-664,-154,96,3
16700,1412,-780,-173,102,-11
16672,1456,-584,-149,89,8
16732,1480,-652,-172,93,4
16728,1480,-688,-159,97,2
16620,1440,-756,-171,89,-9
16656,1468,-740,-153,85,14
16704,1496,-696,-171,75,-1
16696,1484,-544,-158,103,-3
16728,1428,-752,-157,85,-1
16672,1476,-832,-145,117,-18
16756,1604,-756,-141,94,-3
16864,1420,-620,-163,100,-14
16724,1552,-748,-161,81,6
16720,1408,-840,-162,112,1
16740,1408,-808,-170,92,-1
16620,1588,-352,-150,112,11
16652,1456,-724,-177,79,1
16720,1464,-668,-158,103,-2
16752,1516,-656,-162,99,-10
16640,1552,-656,-157,93,6
16644,1568,-752,-156,81,-14
16720,1556,-596,-161,60,9
16716,1528,-632,-156,81,15
16828,1476,-488,-187,97,3
16648,1388,-724,-183,92,5
16720,1536,-584,-146,103,4
16724,1492,-832,-173,118,22
16704,1580,-632,-165,95,3
16728,1596,-700,-182,100,3
16684,1456,-788,-151,84,7
16688,1520,-612,-172,111,19
16672,1516,-732,-165,79,4
16728,1512,-484,-171,105,-21
16616,1400,-664,-157,88,8
16684,1440,-516,-167,108,4
16712,1508,-616,-155,87,-3
16668,1492,-744,-162,99,9
16624,1512,-752,-167,78,17
16652,1412,-636,-159,87,-6
16596,1516,-620,-175,103,22
16636,1456,-612,-163,115,-5
16768,1388,-600,-158,91,-4
16632,1548,-552,-151,74,-10
16660,1576,-684,-168,109,4
16700,1448,-636,-163,86,-4
16644,1472,-592,-139,70,11
16704,1548,-768,-147,68,-3
16652,1452,-700,-157,92,12
16680,1568,-548,-159,108,12
16612,1528,-572,-152,99,9
16608,1412,-472,-165,92,10
16660,1544,-708,-154,94,7
16748,1532,-480,-163,84,-6
16752,1572,-744,-152,97,14
16652,1476,-732,-148,74,-13
16764,1528,-696,-165,89,11
16756,1588,-704,-156,82,23
16760,1432,-572,-155,88,9
16708,1412,-644,-159,103,-3
16696,1564,-616,-171,84,17
16652,1424,-644,-165,65,-11
16620,1528,-664,-167,100,-5
16716,1508,-632,-160,99,3
16704,1528,-568,-161,104,3
16744,1600,-616,-142,74,11
16672,1440,-600,-149,71,9
16768,1552,-552,-155,88,-2
16748,1568,-728,-160,106,18
16772,1476,-640,-150,90,10
16764,1520,-592,-158,91,-10
16648,1512,-584,-156,96,-5
16664,1548,-772,-148,72,-6
16676,1408,-716,-151,104,11
16636,1420,-632,-151,98,17
16596,1496,-684,-175,85,8
16560,1476,-704,-152,84,-9
16716,1556,-672,-172,106,-22
16720,1512,-608,-160,123,-6
16628,1476,-712,-151,106,-8
16796,1476,-616,-143,106,-4
16664,1440,-708,-153,72,-14
16768,1440,-592,-167,97,7
16688,1556,-556,-146,112,7
16732,1432,-656,-158,121,-4
16680,1512,-632,-159,92,-21
16680,1456,-576,-153,100,0
16664,1520,-620,-161,81,13
16684,1476,-648,-177,100,-10
16616,1452,-600,-152,78,13
16760,1524,-556,-154,77,-14
16756,1524,-748,-152,104,-7
16772,1500,-696,-153,90,15
16712,1456,-720,-159,73,-5
16648,1512,-684,-161,66,34
16664,1484,-516,-150,75,-9
16744,1456,-828,-144,60,3
16676,1452,-656,-161,78,4
16832,1464,-608,-168,90,-6
16640,1520,-512,-156,83,0
16676,1468,-524,-159,88,-4
16716,1576,-612,-155,94,-7
16712,1472,-932,-166,68,-1
16724,1392,-604,-172,128,-5
16756,1480,-612,-161,78,10
16772,1456,-552,-152,107,-9
16756,1500,-656,-151,98,4
16696,1556,-628,-152,111,-11
16624,1376,-584,-163,52,8
16592,1480,-388,-163,65,17
16716,1400,-548,-178,126,-23
16680,1432,-628,-158,109,-2
16704,1516,-564,-172,143,2
16684,1564,-656,-153,117,-8
16672,1504,-568,-178,84,-5
16812,1460,-692,-160,104,7
16584,1424,-636,-169,61,5
16660,1456,-716,-152,104,17
16672,1504,-624,-160,90,0
16708,1588,-616,-167,75,6
16816,1448,-740,-185,98,0
16656,1440,-548,-230,112,-6
16624,1484,-568,-256,113,-17
16604,1544,-588,-251,154,-25
16704,1504,-612,-211,119,-7
16644,1460,-508,-214,97,28
16740,1468,-516,-216,148,-14
16652,1432,-692,-168,114,22
16668,1524,-608,-189,110,-6
16552,1432,-644,-166,109,-11
16708,1548,-488,-165,77,-8
16868,1476,-676,-159,91,-17
16668,1496,-592,-161,88,15
16688,1572,-656,-158,76,1
16732,1468,-624,-156,150,-9
16788,1560,-788,-143,43,3
16908,1476,-652,-165,65,14
16652,1512,-568,-137,13,17
16700,1532,-560,-161,151,3
16568,1536,-508,-158,40,26
16696,1520,-560,-173,148,-11
16696,1460,-576,-150,62,21
16696,1516,-532,-167,46,-15
16780,1520,-728,-155,135,-2
16644,1520,-580,-150,36,-2
16756,1488,-632,-174,110,-20
16668,1492,-580,-142,161,-27
16776,1560,-776,-161,34,-2
16720,1500,-768,-168,104,-4
16896,1520,-744,-141,118,23
16744,1532,-644,-168,45,10
16652,1516,-608,-138,80,18
16572,1516,-760,-157,56,3
16656,1360,-388,-170,173,-7
16652,1548,-656,-158,152,0
16776,1556,-500,-157,72,-3
16704,1456,-736,-162,87,23
16780,1476,-508,-161,13,3
16732,1476,-576,-175,131,-21
16692,1480,-648,-186,130,-7
16700,1520,-456,-160,44,10
16728,1476,-564,-155,166,-12
16632,1492,-620,-151,102,-3
16592,1476,-376,-152,61,1
16540,1432,-560,-159,16,-4
16608,1460,-540,-152,30,16
16672,1432,-524,-162,110,0
16644,1584,-404,-167,132,7
16636,1404,-568,-146,110,7
16644,1476,-592,-153,131,-27
16636,1456,-504,-152,94,-2
16620,1544,-412,-157,52,33
16684,1552,-668,-172,144,-4
16704,1500,-568,-162,33,8
16668,1568,-648,-161,111,8
16712,1432,-628,-165,120,-7
16736,1476,-468,-154,83,10
16660,1448,-532,-159,108,-5
16576,1536,-712,-148,68,3
16680,1444,-708,-153,50,7
16624,1524,-416,-155,100,1
16660,1532,-580,-149,23,4
16652,1556,-568,-157,95,-21
16652,1536,-828,-158,103,14
16648,1520,-584,-169,95,-7
16684,1480,-652,-156,75,-6
16664,1568,-700,-152,88,-15
16796,1420,-672,-155,77,0
16680,1460,-672,-165,167,-3
16668,1432,-584,-164,114,-11
16748,1584,-528,-161,67,-6
16712,1488,-616,-172,92,10
16716,1488,-608,-136,55,1
16680,1476,-524,-153,117,-16
16692,1424,-428,-164,87,19
16628,1568,-660,-148,74,26
16792,1456,-576,-158,108,18
16636,1516,-496,-156,95,-8
16732,1460,-600,-162,90,-16
16732,1496,-716,-146,92,-10
16676,1524,-636,-155,96,27
16692,1504,-540,-169,90,-9
16720,1512,-636,-143,87,7
16704,1504,-576,-159,59,24
16724,1520,-656,-174,98,-6
16728,1484,-556,-165,73,12
16716,1496,-632,-165,100,9
16624,1556,-580,-159,99,14
16664,1540,-632,-152,109,1
16604,1504,-620,-159,88,12
16768,1448,-512,-157,86,1
16708,1492,-684,-151,109,2
16608,1476,-552,-139,6,6
16640,1432,-452,-172,86,0
16620,1400,-628,-161,162,-15
16720,1492,-728,-152,117,1
16808,1500,-664,-164,182,-2
16660,1476,-692,-178,63,9
16700,1504,-704,-148,47,20
16672,1492,-456,-158,71,29
16676,1496,-416,-154,55,-4
16680,1448,-572,-141,88,-9
16664,1584,-636,-165,89,0
16688,1492,-340,-156,90,-8
16700,1516,-500,-167,83,-7
16708,1500,-504,-153,63,8
16720,1452,-632,-145,86,9
16760,1444,-436,-150,59,-6
16752,1460,-412,-162,112,-17
16660,1496,-720,-150,91,13
16684,1392,-520,-166,104,-6
16676,1492,-508,-149,57,-13
16772,1492,-648,-154,84,-1
16616,1444,-508,-154,98,8
16680,1536,-644,-164,70,-19
16632,1488,-576,-155,96,12
16684,1488,-508,-170,76,16
16720,1452,-536,-153,106,1
16736,1480,-596,-149,97,6
16596,1452,-532,-150,109,7
16600,1468,-672,-164,87,5
16640,1536,-680,-161,77,8
16636,1476,-600,-156,92,-18
16788,1492,-684,-153,71,-5
16688,1540,-720,-159,99,9
16740,1536,-496,-159,113,7
16712,1496,-620,-167,101,-2
16652,1504,-464,-143,97,-21
16628,1484,-624,-170,78,10
16784,1492,-444,-153,81,21
16680,1480,-564,-163,96,14
16696,1496,-456,-169,83,-18
16716,1528,-508,-152,109,-5
16668,1472,-732,-174,86,-6
16652,1472,-688,-146,73,-1
16740,1436,-624,-173,132,3
16732,1456,-612,-155,22,19
16732,1504,-456,-172,124,-15
16668,1424,-584,-143,30,-2
16628,1356,-584,-166,76,-11
16688,1420,-540,-186,114,1
16580,1460,-636,-161,76,-7
16636,1492,-432,-177,98,2
16692,1540,-648,-175,114,-14
16588,1484,-552,-153,50,-8
16724,1448,-484,-174,107,8
16668,1508,-712,-152,84,-5
16724,1488,-740,-150,32,27
16632,1524,-556,-176,109,1
16628,1576,-532,-166,64,-12
16708,1532,-584,-162,96,0
16680,1512,-560,-158,99,1
16656,1544,-564,-178,81,-8
16728,1492,-504,-162,161,10
16712,1476,-540,-158,147,-7
16684,1544,-608,-137,52,19
16632,1456,-576,-144,90,-1
16572,1488,-468,-153,-3,21
16720,1440,-400,-159,117,17
16716,1556,-456,-165,109,9
16704,1364,-536,-163,96,-1
16784,1508,-388,-160,113,-11
16656,1464,-536,-168,87,-5
16552,1492,-436,-145,46,-3
16680,1612,-560,-147,89,16
16616,1468,-404,-148,79,-2
16676,1496,-552,-165,102,5
16632,1448,-532,-158,102,13
16660,1420,-440,-163,109,-8
16648,1516,-528,-166,78,13
16720,1448,-544,-159,91,-7
16692,1492,-572,-152,84,0
16700,1528,-528,-143,101,1
16800,1568,-412,-155,14,3
16628,1560,-636,-168,37,-12
16640,1528,-552,-165,108,6
16708,1380,-592,-167,83,-6
16776,1452,-420,-162,177,-24
16668,1484,-564,-176,81,6
16668,1616,-460,-184,80,22
16824,1504,-672,-170,105,-3
16676,1580,-464,-162,111,10
16656,1428,-448,-159,91,13
16660,1512,-420,-161,106,7
16760,1508,-576,-165,91,-4
16704,1552,-672,-168,101,17
16708,1580,-592,-167,95,-9
16756,1476,-540,-166,59,3
16612,1492,-724,-153,87,-9
16704,1408,-540,-168,86,-2
16700,1440,-400,-149,95,-10
16652,1444,-664,-167,110,5
16676,1492,-556,-145,96,-8
16716,1500,-552,-147,93,-2
16592,1504,-604,-147,92,-8
16696,1468,-308,-157,83,3
16788,1464,-544,-171,123,-15
16532,1524,-520,-157,42,21
16764,1404,-280,-155,95,17
16648,1460,-608,-181,87,7
16632,1452,-392,-170,94,-7
16868,1476,-572,-168,74,-8
16728,1512,-648,-179,178,9
16876,1544,-572,-162,124,-30
16720,1576,-548,-172,163,-13
16676,1520,-592,-164,90,-6
16672,1504,-476,-158,1,5
16720,1608,-460,-147,85,-4
16700,1508,-560,-156,62,10
16680,1444,-524,-162,95,13
16652,1564,-456,-172,120,-12
16812,1500,-492,-166,141,3
16672,1600,-696,-160,124,-5
16604,1444,-620,-158,61,-5
16796,1544,-724,-174,49,8
16712,1544,-608,-161,68,-2
16688,1476,-704,-159,128,3
16684,1484,-616,-158,91,-6
16800,1488,-568,-154,117,3
16788,1548,-648,-150,103,0
16704,1444,-420,-174,86,12
16772,1436,-628,-157,57,6
16584,1484,-540,-151,88,-6
16488,1532,-544,-163,171,-8
16740,1524,-476,-182,147,-9
16776,1504,-628,-142,110,5
16628,1536,-384,-162,88,-10
16540,1456,-580,-153,51,23
16640,1552,-508,-173,66,32
16620,1444,-480,-179,137,5
16708,1480,-512,-156,89,8
16692,1492,-440,-169,120,11
16844,1536,-560,-145,135,-8
16628,1516,-648,-160,52,11
16748,1496,-408,-161,66,0
16672,1396,-456,-165,102,14
16692,1468,-648,-157,78,14
16712,1444,-524,-178,122,10
16576,1544,-616,-149,75,-3
16640,1484,-448,-160,90,9
16728,1464,-520,-159,102,-10
16660,1500,-652,-152,59,29
16676,1568,-520,-154,34,36
16632,1528,-360,-162,303,-56
16664,1568,-428,-157,80,10
16832,1544,-760,-157,-43,28
16744,1392,-604,-158,84,0
16616,1532,-468,-189,-52,5
16476,1568,-420,-365,56,-2
16788,1448,-412,-535,731,-128
16680,1528,-492,-136,-109,24
16748,1532,-468,-176,350,-33
16740,1408,-672,-169,102,-7
16760,1472,-368,-171,37,3
16588,1460,-520,-149,30,14
16664,1472,-600,-167,28,21
16572,1480,-460,-152,48,-4
16680,1496,-512,-165,193,6
16664,1496,-620,-156,101,7
16768,1436,-200,-156,125,3
16772,1432,-656,-149,45,5
16644,1564,-516,-147,105,3
16700,1568,-568,-156,86,-5
16792,1492,-392,-152,54,7
16616,1468,-492,-168,133,5
16716,1532,-464,-156,98,-11
16692,1584,-420,-152,91,-14
16696,1556,-420,-167,146,2
16620,1536,-316,-166,81,14
16704,1532,-456,-163,117,-5
16672,1504,-360,-167,70,19
16644,1504,-352,-154,113,-18
16704,1416,-520,-177,120,-17
16776,1432,-512,-170,106,1
16616,1564,-476,-157,106,16
16696,1552,-564,-145,74,10
16712,1592,-500,-168,111,-8
16712,1520,-588,-163,89,7
16748,1556,-612,-163,99,2
16568,1496,-516,-152,108,-5
16596,1504,-560,-161,70,21
16684,1472,-524,-179,81,0
16664,1636,-412,-155,112,0
16604,1540,-436,-159,108,-36
16628,1560,-420,-157,126,6
16624,1556,-532,-145,73,0
16776,1556,-564,-158,92,-11
16596,1492,-468,-155,67,10
16712,1576,-448,-163,77,5
16792,1480,-552,-163,106,9
16736,1504,-620,-159,72,0
16752,1416,-456,-160,100,2
16744,1544,-508,-165,87,-2
16704,1524,-420,-167,97,-5
16784,1476,-508,-150,106,6
16588,1596,-516,-156,87,6
16700,1464,-456,-160,81,6
16652,1608,-552,-155,103,8
16780,1540,-552,-143,81,-7
16760,1516,-352,-145,97,-3
16692,1460,-512,-159,130,-5
16692,1524,-460,-155,95,-10
16728,1468,-400,-151,102,-1
16640,1444,-472,-152,107,13
16624,1600,-368,-176,80,-2
16724,1500,-380,-155,95,2
16696,1536,-356,-166,75,14
16692,1564,-380,-139,94,8
16628,1496,-556,-163,124,-9
16704,1620,-676,-169,92,-2
16712,1532,-420,-159,90,11
16632,1484,-656,-177,70,15
16660,1568,-436,-148,75,-7
16480,1424,-492,-150,42,5
16624,1464,-316,-162,130,1
16644,1492,-452,-167,129,-8
16700,1564,-444,-157,127,-18
16732,1604,-516,-174,113,15
16796,1456,-480,-146,104,-26
16688,1520,-628,-147,67,32
16716,1464,-412,-164,91,-25
16680,1488,-568,-179,97,11
16564,1516,-356,-141,53,15
16808,1436,-468,-146,81,10
16684,1512,-576,-138,176,-3
16688,1572,-412,-164,77,5
16784,1416,-392,-145,86,-16
16680,1620,-620,-151,79,12
16668,1556,-472,-173,65,-1
16712,1452,-420,-142,40,6
16596,1472,-468,-162,94,-4
16624,1532,-372,-160,89,8
16732,1504,-412,-158,135,-9
16788,1484,-544,-159,59,-4
16632,1532,-300,-160,141,-1
16752,1496,-540,-149,77,0
16616,1504,-496,-152,61,-4
16596,1584,-608,-151,96,1
16600,1584,-380,-154,106,-1
16616,1492,-464,-163,83,3
16648,1504,-504,-158,110,-16
16700,1448,-576,-184,88,-10
16764,1544,-500,-160,74,-3
16720,1500,-612,-154,110,3
16640,1612,-512,-159,75,-2
16688,1448,-344,-158,81,7
16708,1492,-376,-169,94,11
16656,1588,-500,-163,73,3
16676,1564,-568,-160,75,3
16732,1528,-552,-171,101,29
16552,1608,-536,-154,91,-13
16588,1592,-576,-150,91,24
16576,1492,-428,-150,110,5
16652,1584,-420,-146,86,8
16708,1500,-516,-156,80,29
16688,1420,-324,-160,105,2
16632,1504,-508,-158,84,-6
16716,1480,-572,-166,162,-7
16708,1516,-528,-172,113,-19
16744,1520,-496,-153,88,-14
16780,1496,-488,-165,139,-5
16732,1532,-568,-150,100,-3
16720,1536,-352,-148,130,10
16700,1544,-504,-156,59,-2
16720,1424,-444,-163,139,-2
16680,1504,-732,-155,18,10
16688,1528,-360,-155,118,11
16720,1492,-556,-174,198,-14
16824,1556,-452,-173,71,6
16776,1576,-456,-178,158,-23
16732,1512,-408,-172,57,5
16736,1532,-508,-158,112,16
16668,1504,-368,-168,140,-4
16676,1464,-504,-140,23,33
16704,1452,-448,-159,114,9
16616,1468,-596,-154,22,9
16660,1536,-328,-154,98,14
16680,1612,-420,-161,121,-19
16668,1560,-556,-149,87,6
16548,1568,-460,-151,94,-3
16680,1444,-524,-183,88,-1
16660,1428,-544,-144,75,20
16612,1520,-392,-157,99,10
16728,1588,-496,-170,126,-6
16684,1420,-480,-159,59,0
16712,1456,-312,-163,122,5
16640,1628,-672,-162,110,-9
16688,1480,-440,-160,57,17
16716,1508,-508,-171,106,20
16744,1580,-516,-164,63,0
16680,1484,-440,-141,120,1
16568,1532,-644,-158,63,10
16688,1528,-312,-168,91,1
16724,1540,-488,-173,89,-17
16700,1464,-636,-160,59,8
16760,1500,-468,-172,90,8
16616,1388,-516,-162,92,-7
16692,1600,-356,-154,103,4
16648,1512,-552,-166,102,-8
16808,1468,-656,-174,52,12
16576,1488,-516,-166,96,4
16668,1464,-404,-161,84,4
16612,1540,-416,-164,83,-12
16596,1428,-512,-150,94,-4
16656,1516,-480,-158,91,2
16660,1388,-544,-152,74,-8
16760,1528,-440,-173,85,6
16700,1496,-552,-145,90,-4
16700,1500,-244,-151,102,39
16760,1520,-500,-154,92,-7
16692,1504,-296,-162,81,-11
16632,1492,-460,-147,68,6
16604,1604,-488,-142,51,19
16564,1624,-328,-156,18,18
16592,1504,-400,-153,98,-7
16588,1552,-640,-172,55,11
16712,1556,-480,-162,98,15
16696,1580,-456,-167,133,-14
16664,1588,-312,-170,83,5
16672,1516,-408,-171,60,-5
16640,1472,-500,-160,79,3
16640,1568,-540,-166,60,2
16744,1456,-424,-136,106,-5
16668,1516,-420,-172,85,-1
16732,1644,-588,-153,85,-7
16668,1556,-548,-166,100,4
16628,1632,-416,-157,111,-5
16652,1508,-436,-157,84,-7
16640,1456,-436,-160,97,11
16696,1516,-444,-155,73,-3
16712,1524,-480,-155,87,1
16744,1508,-316,-161,115,11
16720,1568,-508,-158,52,13
16700,1544,-360,-164,82,-17
16720,1592,-616,-151,75,14
16664,1532,-552,-166,81,25
16668,1500,-412,-134,102,-10
16652,1484,-468,-153,74,-6
16600,1664,-408,-145,98,-1
16656,1628,-464,-155,82,-7
16720,1452,-600,-164,88,-3
16760,1496,-424,-164,90,7
16580,1412,-580,-167,91,11
16656,1476,-368,-151,107,-4
16828,1528,-528,-167,144,-2
16676,1512,-380,-165,91,7
16792,1532,-232,-162,42,8
16596,1516,-412,-151,130,-20
16704,1532,-492,-167,55,13
16776,1508,-520,-173,98,-6
16788,1528,-380,-178,104,8
16592,1412,-424,-151,103,-25
16736,1516,-368,-172,108,-10
16584,1516,-392,-170,106,-5
16712,1544,-504,-163,108,-9
16668,1520,-516,-155,80,-8
16692,1540,-344,-148,94,35
16652,1616,-272,-164,105,19
16568,1516,-428,-146,98,4
16616,1572,-552,-157,66,9
16680,1544,-404,-156,106,3
16636,1588,-500,-163,103,3
16600,1572,-256,-152,71,15
16644,1564,-244,-152,97,6
16568,1536,-264,-135,79,12
16624,1500,-360,-138,92,9
16760,1476,-564,-158,72,4
16744,1484,-456,-159,85,-10
16752,1504,-360,-153,68,2
16552,1604,-396,-153,76,18
16752,1524,-324,-176,68,8
16644,1536,-376,-164,89,-3
16744,1524,-424,-168,79,14
16668,1524,-536,-146,84,-1
16660,1536,-352,-152,94,17
16708,1508,-496,-154,96,13
16652,1488,-448,-167,104,-1
16664,1640,-364,-164,76,15
16684,1556,-480,-150,62,-4
16712,1560,-396,-158,95,9
16752,1600,-396,-155,110,-13
16728,1576,-456,-151,58,14
16624,1508,-368,-150,91,2
16716,1560,-348,-157,103,17
16648,1556,-288,-156,80,18
16812,1532,-324,-164,96,-17
16616,1556,-360,-166,81,6
16692,1528,-376,-167,78,-23
16668,1476,-296,-153,79,11
16704,1524,-372,-156,98,11
16580,1468,-264,-135,23,15
16744,1508,-296,-169,145,5
16672,1460,-436,-163,51,12
16660,1584,-436,-182,121,-5
16676,1464,-216,-168,39,16
16780,1484,-300,-179,94,9
16660,1396,-284,-155,117,4
16652,1560,-452,-169,110,-4
16676,1536,-464,-149,64,-5
16632,1572,-368,-155,92,5
16688,1564,-616,-156,47,23
16780,1608,-288,-153,118,6
16616,1572,-388,-175,53,7
16640,1492,-500,-158,98,-7
16720,1492,-308,-171,82,4
16600,1580,-480,-170,56,-2
16688,1472,-232,-147,73,-4
16732,1564,-340,-155,92,0
16784,1568,-228,-147,63,-7
16708,1556,-344,-168,88,28
16568,1572,-264,-165,135,-14
16560,1464,-432,-152,103,0
16636,1568,-496,-159,90,-23
16640,1544,-268,-136,106,8
16784,1480,-252,-131,76,0
16740,1564,-364,-155,96,16
16608,1540,-280,-164,65,3
16688,1520,-536,-157,54,-6
16668,1516,-272,-168,59,1
16628,1524,-108,-139,57,9
16620,1560,-300,-162,81,19
16660,1600,-388,-185,99,-22
16636,1592,-356,-144,104,-7
16660,1564,-428,-146,83,5
16776,1556,-392,-165,139,-11
16684,1472,-292,-158,97,11
16664,1564,-392,-165,98,21
16688,1624,-296,-146,69,13
16604,1540,-308,-160,85,-3
16668,1492,-280,-164,73,11
16620,1540,-392,-158,101,8
16488,1636,-240,-157,36,-3
16672,1568,-364,-155,107,7
16604,1512,-448,-168,80,-15
16736,1504,-312,-158,78,7
16764,1584,-400,-180,89,17
16620,1556,-236,-145,52,21
16804,1500,-324,-143,102,-24
16720,1488,-424,-171,120,0
16568,1524,-396,-160,41,13
16652,1536,-316,-163,102,-7
16720,1532,-404,-142,86,-22
16708,1520,-540,-144,124,10
16604,1476,-136,-164,73,1
16572,1520,-316,-171,89,6
16588,1600,-444,-141,70,16
16796,1584,-392,-153,111,-17
16680,1564,-384,-148,89,9
16724,1600,-316,-163,89,6
16556,1572,-400,-160,76,-1
16612,1560,-328,-160,89,-7
16612,1532,-492,-164,87,-10
16672,1536,-340,-158,100,0
16584,1468,-312,-160,69,12
16668,1508,-364,-158,86,9
16608,1480,-296,-154,112,-17
16604,1552,-416,-145,81,7
16652,1504,-360,-148,64,14
16572,1532,-364,-154,89,-10
16816,1504,-316,-174,93,3
16676,1448,-284,-156,83,9
16684,1540,-440,-149,101,-5
16636,1640,-460,-172,67,8
16628,1556,-380,-161,62,22
16560,1524,-360,-172,86,-2
16564,1588,-320,-148,83,1
16676,1556,-320,-154,84,4
16700,1516,-600,-167,92,7
16624,1544,-416,-174,98,8
16720,1504,-424,-161,118,2
16764,1484,-420,-174,94,7
16620,1480,-156,-156,98,-11
16660,1520,-348,-153,77,-10
16668,1508,-244,-169,82,7
16620,1640,-372,-155,85,8
16796,1624,-272,-158,104,-1
16616,1516,-260,-164,90,-10
16644,1496,-464,-154,103,-5
16700,1488,-312,-154,75,4
16844,1532,-224,-148,72,0
16768,1572,-240,-157,52,9
16676,1584,-416,-163,107,-7
16708,1596,-324,-133,82,-5
16648,1676,-388,-182,83,11
16636,1576,-316,-151,100,-4
16616,1420,-316,-145,118,10
16704,1544,-244,-147,118,-17
16688,1472,-344,-156,94,-4
16668,1524,-220,-151,69,-24
16620,1564,-520,-175,82,23
16700,1460,-440,-162,94,9
16604,1548,-384,-153,87,17
16604,1480,-328,-184,87,17
16676,1496,-392,-159,101,1
16632,1596,-380,-174,83,-5
16632,1540,-356,-145,86,7
16680,1536,-352,-159,103,5
16652,1480,-244,-134,69,-7
16716,1552,-404,-152,94,-8
16584,1616,-364,-151,71,5
16684,1532,-284,-166,87,-23
16736,1460,-384,-158,120,-10
16624,1600,-340,-163,40,18
16700,1584,-420,-152,89,2
16620,1536,-260,-154,82,-8
16652,1520,-132,-150,109,-10
16688,1420,-520,-184,105,5
16672,1484,-404,-168,105,8
16456,1524,-212,-149,39,3
16608,1440,-392,-164,123,4
16880,1668,-184,-155,86,-25
16700,1640,292,-179,270,-51
16596,1840,96,-155,7,17
16632,1120,-472,-166,131,-6
16492,1544,0,-157,146,-3
16728,1380,-548,-150,40,24
16820,1612,-628,-155,19,16
16660,1784,-456,-162,91,-1
16864,1796,16,-182,84,-5
16796,1396,-412,-157,100,-8
16640,1540,-328,-163,116,2
16500,1508,-436,-147,115,1
16624,1472,-184,-148,95,-19
16724,1476,-404,-169,109,12
16672,1516,-312,-156,52,7
16804,1596,-432,-173,113,22
16748,1544,-248,-164,66,0
16716,1528,-400,-156,77,-20
16740,1516,-312,-176,90,-2
16592,1484,-312,-175,38,1
16664,1540,-60,-149,107,9
16760,1484,-472,-141,112,-4
16756,1512,-504,-179,117,14
16700,1580,-568,-160,34,18
16704,1608,-196,-147,17,-1
16672,1576,-356,-169,152,-23
16568,1448,-312,-170,73,12
16672,1544,-196,-168,74,18
16652,1436,-376,-172,65,18
16676,1472,-380,-156,70,3
16752,1616,-280,-153,94,15
16728,1516,-340,-157,40,12
16688,1536,-396,-168,72,5
16724,1620,-416,-142,110,2
16680,1560,-352,-183,111,5
16752,1476,-300,-174,58,-6
16732,1556,-380,-157,94,4
16724,1444,-444,-159,75,-10
16776,1532,-384,-163,87,-5
16648,1456,-344,-162,89,16
16616,1516,-372,-164,95,15
16636,1396,-212,-161,102,15
16744,1552,-356,-159,158,-16
16664,1556,-380,-150,153,4
16644,1508,-440,-174,89,8
16692,1524,-340,-172,81,2
16652,1568,-320,-142,56,13
16740,1464,-380,-164,178,-3
16624,1492,-352,-147,81,15
16604,1532,-416,-172,88,18
16608,1560,-336,-157,0,16
16628,1552,-376,-154,138,-11
16756,1672,-484,-151,116,-7
16684,1588,-364,-168,94,2
16628,1476,-316,-156,66,0
16644,1508,-132,-161,67,-9
16636,1568,-380,-145,92,6
16676,1448,-300,-157,83,8
16648,1476,-196,-150,45,10
16704,1520,-332,-149,162,8
16636,1484,-332,-156,103,0
16800,1496,-384,-164,73,10
16652,1472,-196,-146,83,-11
16640,1416,-428,-167,117,-2
16556,1472,-276,-136,110,16
16604,1548,-336,-143,82,15
16620,1644,-316,-142,59,-14
16660,1608,-268,-144,23,30
16736,1528,-248,-165,106,29
16620,1556,-324,-171,126,3
16640,1440,-432,-153,88,-12
16668,1464,-424,-170,90,-3
16636,1480,-476,-146,42,9
16672,1492,-324,-168,91,-4
16604,1472,-492,-169,109,0
16564,1480,-252,-150,54,14
16648,1612,-360,-171,78,9
16680,1468,-260,-149,73,10
16644,1484,-348,-152,78,12
16676,1448,-288,-164,83,-3
16712,1656,-396,-163,78,3
16608,1428,-292,-166,101,-13
16600,1512,-508,-166,80,1
16704,1560,-424,-168,64,6
16560,1496,-220,-138,72,9
16656,1508,-220,-171,71,23
16664,1584,-420,-177,88,12
16600,1468,-320,-148,116,3
16684,1584,-236,-171,70,10
16668,1556,-280,-152,125,11
16608,1508,-428,-158,98,-8
16620,1488,-388,-146,108,9
16752,1524,-428,-151,61,22
16584,1560,-428,-161,52,-4
16676,1512,-388,-158,52,-15
16744,1568,-452,-148,97,16
16668,1508,-324,-175,109,-3
16700,1472,-500,-158,87,19
16748,1540,-272,-156,55,15
16640,1492,-472,-188,111,6
16680,1416,-308,-155,77,17
16676,1572,-432,-167,88,-6
16672,1532,-336,-153,83,9
16808,1544,-272,-168,116,-5
16712,1552,-444,-156,97,11
16608,1544,-296,-146,105,-14
16656,1524,-448,-158,89,3
16644,1520,-424,-177,102,-4
16704,1520,-240,-168,73,12
16672,1508,-260,-174,85,5
16672,1552,-516,-151,76,-10
16592,1548,-288,-149,88,1
16688,1512,-396,-148,82,-5
16692,1540,-420,-137,94,-29
16736,1496,-312,-158,85,15
16640,1584,-356,-165,84,-3
16672,1484,-316,-156,61,-6
16928,1552,-648,-153,149,7
16508,1616,-156,-137,-101,29
16680,1588,-144,-161,70,8
16764,1468,-428,-172,119,4
16748,1552,-408,-161,29,-1
16812,1516,-424,-171,163,-4
16704,1572,-592,-167,115,-6
16696,1484,-312,-158,123,-3
16596,1552,-288,-149,94,-12
16684,1552,-216,-165,80,9
16700,1672,-196,-157,66,20
16628,1552,-340,-160,108,-2
16664,1508,-320,-172,75,13
16716,1572,-528,-156,60,-13
16632,1548,-288,-146,85,5
16624,1544,-288,-154,93,-5
16576,1628,-416,-149,81,16
16624,1628,-388,-163,90,4
16684,1572,-220,-163,88,-10
16676,1492,-276,-155,72,-11
16664,1508,-360,-166,74,20
16664,1492,-384,-143,60,0
16580,1500,-388,-151,108,0
16728,1492,-400,-146,84,6
16728,1444,-304,-158,97,-12
16704,1412,-376,-176,128,12
16652,1552,-288,-160,76,9
16644,1512,-352,-154,84,14
16796,1500,-360,-157,78,23
16636,1444,-428,-152,75,1
16716,1528,-288,-167,88,28
16656,1508,-272,-161,118,1
16656,1596,-428,-150,72,-11
16648,1596,-348,-166,107,9
16664,1512,-320,-146,81,9
16768,1564,-320,-156,86,3
16744,1412,-472,-165,88,4
16740,1516,-164,-165,90,6
16708,1528,-252,-149,124,-1
16608,1476,-372,-167,68,-15
16700,1520,-312,-177,97,11
16680,1520,-508,-156,98,-6
16760,1560,-328,-160,116,15
16716,1488,-392,-149,109,-2
16632,1588,-340,-154,85,-6
16664,1496,-352,-172,80,-2
16704,1588,-344,-167,100,-1
16624,1580,-240,-163,64,-5
16700,1512,-312,-178,127,4
16640,1492,-512,-163,65,10
16572,1536,-120,-144,86,13
16636,1492,-316,-171,109,0
16604,1620,-368,-158,-24,7
16576,1492,-340,-171,81,-12
16664,1572,-464,-170,115,-14
16604,1588,-292,-156,55,15
16728,1548,-176,-155,81,3
16636,1532,-296,-160,94,4
16740,1560,-316,-162,74,-6
16700,1520,-428,-167,68,22
16684,1564,-532,-170,87,18
16628,1600,-240,-152,82,7
16656,1580,-392,-144,88,-4
16704,1584,-372,-159,83,-3
16728,1492,-480,-172,78,-9
16620,1552,-420,-159,90,-6
16680,1516,-416,-161,75,0
16776,1592,-392,-173,141,5
16820,1572,-524,-171,132,-7
16792,1556,-344,-161,89,-18
16684,1588,-556,-146,60,-5
16660,1532,-416,-151,21,8
16732,1476,-340,-171,182,-11
16604,1488,-612,-165,154,-36
16700,1484,-524,-158,72,-4
16672,1476,-312,-143,85,20
16736,1452,-148,-151,23,20
16792,1464,-412,-160,89,-7
16828,1496,-272,-168,174,-3
16840,1508,-300,-163,173,-8
16680,1440,-476,-172,100,-16
16728,1500,-168,-137,95,-2
16624,1500,-308,-161,150,14
16624,1516,-300,-148,93,-4
16696,1504,-192,-154,77,-5
16652,1492,-448,-160,107,-21
16584,1596,-508,-147,80,1
16752,1404,-252,-160,48,19
16740,1496,-364,-157,93,-8
16644,1500,-276,-162,77,-5
16628,1520,-456,-167,78,22
16652,1576,-392,-163,88,-6
16664,1512,-404,-147,96,3
16672,1568,-296,-167,113,6
16736,1528,-324,-169,105,4
16588,1492,-320,-161,100,-13
16700,1528,-496,-170,99,12
16576,1552,-368,-160,79,13
16732,1504,-368,-166,72,1
16656,1424,-360,-155,100,-4
16652,1568,-356,-143,104,-11
16724,1508,-456,-141,88,22
16808,1560,-328,-155,78,-1
16724,1396,-324,-152,84,7
16712,1500,-400,-165,80,0
16732,1500,-408,-173,58,-2
16680,1572,-444,-167,95,4
16676,1520,-292,-150,126,11
16656,1468,-396,-158,91,10
16652,1556,-396,-160,68,-7
16692,1536,-264,-164,67,15
16568,1612,-532,-158,102,6
16696,1552,-224,-152,75,8
16628,1544,-432,-160,84,14
16696,1496,-468,-181,96,6
16676,1596,-184,-169,66,14
16668,1500,-384,-178,99,-10
16808,1660,-276,-167,64,-7
16704,1552,-296,-171,72,-5
16724,1580,-228,-160,131,7
16712,1536,-276,-162,108,-18
16644,1568,-316,-157,99,-8
16692,1464,-444,-166,105,-6
16692,1572,-320,-168,91,4
16708,1620,-272,-170,83,-27
16688,1472,-324,-152,72,22
16664,1556,-388,-154,72,-12
16676,1504,-368,-165,80,-5
16616,1588,-444,-155,79,10
16728,1464,-392,-177,86,-4
16588,1500,-480,-145,61,11
16644,1528,-576,-155,89,10
16704,1616,-396,-159,88,-7
16572,1624,-388,-153,76,21
16656,1532,-480,-165,54,-9
16732,1572,-388,-146,77,-6
16636,1556,-476,-161,92,2
16688,1496,-552,-155,94,4
16788,1596,-388,-155,81,-4
16568,1524,-280,-156,56,0
16660,1568,-264,-157,76,12
16720,1536,-500,-166,105,-4
16664,1572,-256,-142,62,1
16644,1464,-468,-160,94,2
16708,1564,-308,-176,95,-18
16700,1500,-352,-154,114,-12
16652,1384,-404,-169,74,-9
16764,1584,-480,-176,90,8
16672,1592,-380,-171,79,19
16720,1500,-392,-160,107,7
16708,1552,-168,-143,84,5
16712,1576,-320,-162,111,-10
16708,1584,-420,-161,93,3
16712,1588,-324,-150,95,0
16732,1588,-392,-154,105,-3
16552,1468,-540,-152,81,4
16652,1524,-400,-162,51,4
16692,1564,-180,-158,82,8
16660,1552,-360,-152,118,-5
16640,1568,-168,-154,86,-3
16696,1572,-332,-173,68,4
16712,1524,-360,-171,74,-16
16600,1508,-368,-160,92,16
16568,1568,-356,-150,76,7
16604,1476,-420,-169,92,-4
16664,1540,-288,-153,82,6
16668,1592,-432,-148,109,-2
16712,1568,-288,-182,128,-9
16664,1524,-260,-168,86,-4
16720,1500,-456,-147,88,-10
16668,1504,-276,-150,83,18
16652,1536,-256,-162,78,-2
16756,1576,-244,-144,79,-10
16624,1640,-312,-152,89,1
16744,1492,-180,-157,112,-6
16560,1572,-428,-178,120,-17
16644,1524,-264,-156,77,-8
16728,1476,-424,-164,71,-10
16608,1508,-452,-171,57,-5
16752,1644,-500,-157,67,4
16616,1512,-300,-156,96,-6
16696,1516,-344,-163,57,9
16656,1572,-440,-156,97,17
16692,1604,-292,-174,99,-1
16720,1504,-436,-159,68,18
16644,1520,-444,-155,89,4
16576,1536,-428,-149,86,-2
16728,1680,-444,-177,137,8
16648,1588,-336,-150,86,13
16648,1580,-408,-162,104,4
16708,1480,-100,-141,105,3
16756,1556,-368,-166,90,-10
16640,1536,-420,-164,111,-2
16700,1644,-368,-162,80,15
16740,1584,-392,-156,96,-3
16788,1524,-376,-168,79,-5
16540,1532,-324,-151,74,7
16660,1412,-268,-165,109,10
16660,1624,-376,-163,70,21
16692,1600,-412,-157,61,-3
16680,1580,-384,-160,80,-12
16768,1640,-444,-163,75,5
16588,1528,-228,-168,82,7
16780,1608,-312,-148,110,-11
16720,1568,-452,-158,86,17
16628,1532,-312,-140,72,11
16720,1484,-472,-166,108,-3
16716,1568,-372,-153,73,13
16604,1568,-500,-162,113,18
16732,1548,-356,-161,91,1
16748,1528,-384,-156,74,14
16728,1452,-356,-159,73,13
16688,1548,-232,-157,68,-7
16692,1568,-376,-146,76,19
16652,1568,-320,-171,87,24
16580,1536,-440,-168,85,-25
16640,1472,-308,-168,88,6
16760,1568,-588,-144,81,16
16816,1556,-164,-177,106,9
16748,1536,-148,-163,62,4
16768,1548,-492,-175,73,-8
16680,1552,-276,-164,64,6
16724,1464,-408,-170,91,-4
16576,1508,-272,-148,85,17
16624,1512,-364,-156,86,15
16656,1444,-252,-150,101,4
16460,1496,-140,-152,27,10
16704,1492,-156,-160,86,6
16748,1632,-360,-171,121,-2
16648,1540,-288,-179,121,4
16644,1540,-372,-159,109,8
16624,1564,-448,-158,88,-4
16624,1616,-404,-172,75,-1
16540,1448,-340,-151,65,14
16680,1536,-264,-163,76,12
16680,1604,-436,-162,54,12
16772,1372,-440,-176,80,2
16676,1508,-444,-177,79,-4
16628,1572,-248,-171,80,2
16692,1432,-304,-155,91,-24
16672,1516,-140,-169,89,-2
16724,1544,-288,-180,86,5
16664,1492,-360,-145,96,14
16612,1520,-252,-179,106,-5
16716,1524,-384,-153,85,15
16652,1520,-264,-158,80,14
16660,1536,-288,-163,103,6
16760,1568,-472,-161,80,-9
16700,1568,-420,-147,93,10
16688,1608,-288,-155,87,8
16568,1556,-300,-149,107,-10
16668,1568,-244,-169,78,-8
16648,1472,-504,-155,90,5
16720,1568,-364,-174,67,13
16700,1512,-324,-150,89,7
16636,1520,-384,-165,89,3
16688,1512,-276,-147,85,7
16660,1516,-424,-173,121,-1
16784,1524,-228,-141,87,-31
16732,1564,-264,-183,104,-1
16664,1540,-292,-146,113,-2
16588,1460,-332,-154,76,-3
16628,1404,-368,-145,68,11
16660,1532,-348,-152,99,1
16708,1456,-152,-148,113,8
16632,1532,-408,-154,50,-1
16688,1404,-304,-155,105,-13
16644,1620,-412,-158,78,8
16640,1504,-288,-172,62,-15
16656,1640,-332,-165,95,5
16632,1552,-460,-164,94,-4
16564,1480,-496,-150,100,17
16560,1588,-260,-166,56,4
16796,1556,-408,-169,89,-7
16756,1588,-448,-156,85,-8
16772,1616,-464,-176,96,7
16584,1480,-256,-160,70,13
16704,1536,-476,-174,90,-2
16676,1540,-384,-166,88,20
16648,1524,-348,-165,96,8
16700,1632,-252,-148,83,8
16604,1464,-468,-157,100,2
16676,1508,-500,-177,131,-26
16612,1496,-272,-173,75,-4
16652,1576,-476,-174,107,-7
16620,1468,-344,-139,92,19
16696,1500,-480,-150,87,12
16664,1656,-224,-157,108,-4
16716,1596,-280,-135,96,9
16700,1432,-424,-165,85,0
16652,1596,-392,-170,91,-13
16776,1524,-308,-162,79,-3
16664,1516,-332,-154,118,2
16664,1456,-216,-146,98,0
16616,1440,-408,-169,82,-17
16632,1580,-328,-152,94,-20
16680,1588,-264,-158,91,-26
16676,1528,-464,-159,82,18
16644,1568,-360,-158,72,-20
16592,1476,-412,-177,64,16
16648,1452,-496,-153,105,7
16692,1608,-468,-156,80,-4
16688,1496,-136,-166,84,-8
16644,1596,-412,-164,72,-4
16616,1484,-412,-146,76,6
16780,1488,-340,-160,98,-11
16692,1548,-304,-146,94,9
16696,1500,-296,-165,66,4
16692,1460,-152,-154,91,-8
16680,1580,-264,-159,75,-11
16712,1528,-288,-166,82,-6
16764,1520,-348,-156,62,18
16624,1536,-408,-150,72,20
16656,1492,-412,-159,76,10
16688,1516,-244,-163,97,-4
16716,1544,-304,-165,86,27
16632,1444,-344,-169,81,-12
16644,1560,-344,-144,81,9
16592,1496,-360,-176,71,6
16636,1568,-408,-158,82,9
16724,1624,-324,-158,84,6
16672,1596,-280,-157,114,15
16692,1516,-308,-149,91,7
16608,1484,-420,-167,83,5
16632,1616,-224,-180,110,-6
16728,1492,-172,-161,88,4
16592,1480,-384,-152,95,16
16740,1608,-408,-150,114,19
16628,1560,-316,-161,91,-8
16620,1444,-308,-145,125,-11
16588,1516,-508,-159,63,9
16652,1540,-488,-177,73,5
16656,1564,-304,-153,93,5
16648,1656,-368,-142,73,-9
16604,1528,-476,-157,84,12
16616,1564,-228,-152,103,-11
16672,1536,-332,-175,114,24
16716,1544,-232,-176,74,3
16708,1624,-356,-158,40,7
16684,1532,-284,-150,138,-3
16580,1492,-288,-158,101,-3
16608,1452,-240,-165,89,5
16636,1496,-368,-167,85,-4
16728,1524,-280,-160,86,0
16756,1596,-340,-176,84,-1
16712,1484,-196,-172,106,-4
16720,1552,-428,-161,85,20
16644,1472,-332,-158,107,-7
16676,1628,-352,-153,71,1
16616,1500,-288,-155,96,0
16612,1520,-244,-165,89,4
16684,1648,-176,-169,100,-5
16688,1496,-232,-163,107,-1
16748,1472,-276,-165,117,6
16636,1628,-324,-176,99,8
16544,1496,-268,-175,99,10
16660,1612,-244,-153,88,-25
16720,1588,-380,-160,87,-2
16644,1576,-288,-168,88,13
16636,1504,-404,-165,99,-10
16756,1588,-552,-144,74,9
16696,1544,-300,-170,104,0
16672,1584,-340,-160,105,-3
16692,1604,-236,-156,78,4
16652,1608,-456,-152,86,10
16736,1456,-264,-147,117,5
16596,1520,-276,-150,87,19
16648,1520,-392,-155,102,-2
16608,1536,-328,-164,99,2
16688,1428,-228,-155,117,5
16700,1556,-344,-175,78,7
16696,1528,-212,-153,109,2
16716,1624,-308,-158,121,4
16716,1612,-512,-146,91,14
16636,1548,-376,-155,104,-7
16696,1560,-452,-157,94,1
16636,1500,-492,-163,108,15
16756,1572,-296,-179,125,4
16676,1544,-384,-147,92,-3
16672,1520,-380,-162,90,-16
16580,1576,-316,-164,125,3
16532,1448,-256,-164,75,-11
16604,1512,-296,-159,84,5
16780,1460,-268,-160,76,11
16688,1536,-264,-171,103,5
16752,1560,-260,-167,94,1
16668,1524,-512,-165,104,0
16664,1648,-368,-165,95,8
16688,1564,-220,-145,103,3
16712,1644,-428,-160,104,-1
16616,1668,-468,-156,110,1
16604,1424,-272,-163,107,11
16572,1492,-488,-158,109,17
16664,1552,-216,-149,102,9
16724,1548,-352,-167,84,19
16680,1600,-184,-160,91,-9
16540,1544,-332,-164,124,0
16664,1544,-384,-166,84,-2
16724,1596,-340,-160,91,-6
16784,1544,-376,-161,78,9
16632,1516,-408,-169,101,-5
16676,1552,-252,-154,41,-11
16636,1508,-188,-163,99,11
16656,1608,-432,-158,65,21
16788,1596,-440,-155,100,-11
16692,1520,-296,-146,107,-12
16680,1540,-420,-160,54,-8
16668,1608,-208,-171,86,-1
16568,1496,-408,-161,88,-3
16644,1536,-204,-140,82,5
16696,1584,-260,-153,53,9
16796,1540,-376,-162,55,10
16628,1484,-260,-148,81,4
16784,1588,-352,-165,94,1
16660,1564,-296,-147,72,-2
16672,1576,-244,-155,93,10
16624,1484,-396,-158,92,19
16616,1464,-184,-154,75,8
16624,1488,-360,-145,95,-5
16704,1620,-288,-161,102,3
16756,1488,-332,-172,101,-2
16676,1536,-224,-166,59,-6
16672,1524,-400,-169,79,-11
16712,1564,-316,-160,90,-2
16548,1464,-160,-171,73,-3
16704,1516,-436,-147,80,14
16732,1576,-364,-163,101,-20
16608,1576,-284,-142,97,-5
16676,1528,-448,-160,50,19
16732,1516,-472,-165,92,-15
16668,1544,-296,-150,94,4
16596,1512,-308,-164,76,3
16688,1612,-200,-159,66,2
16680,1584,-456,-168,96,-18
16616,1504,-240,-169,74,2
16732,1532,-256,-161,94,-7
16576,1532,-408,-156,99,19
16608,1488,-460,-167,118,4
16740,1600,-192,-162,91,1
16740,1604,-452,-167,113,-20
16628,1568,-288,-160,91,-6
16704,1568,-276,-160,99,-12
16624,1544,-292,-166,49,6
16596,1516,-456,-142,106,3
16752,1456,-484,-139,105,-17
16704,1588,-328,-144,90,26
16680,1452,-404,-160,87,3
16640,1480,-440,-163,82,-1
16720,1604,-380,-177,73,-28
16696,1508,-360,-160,51,3
16540,1532,-228,-154,76,-9
16616,1524,-368,-132,60,-28
16596,1580,-420,-160,104,-5
16584,1556,-316,-163,90,-14
16620,1552,-516,-141,106,6
16588,1516,-392,-162,99,-1
16568,1540,-320,-165,99,0
16652,1440,-256,-149,65,0
16632,1496,-268,-146,78,12
16724,1524,-392,-150,83,-17
16700,1488,-392,-162,68,-6
16576,1484,-472,-135,76,-2
16676,1588,-344,-155,54,4
16636,1592,-196,-146,52,27
16680,1636,-392,-165,55,-2
16692,1536,-184,-150,93,11
16676,1512,-376,-154,94,-29
16680,1604,-196,-154,87,-16
16708,1600,-392,-164,83,-15
16628,1544,-392,-151,98,-9
16604,1616,-132,-158,74,-25
16648,1548,-428,-160,107,0
16704,1488,-364,-147,83,-8
16700,1560,-272,-179,109,19
16656,1532,-384,-156,74,7
16768,1628,-448,-162,114,-3
16652,1512,-408,-161,106,-15
16624,1464,-336,-161,81,-1
16648,1588,-304,-171,106,10
16608,1552,-272,-157,95,-8
16720,1596,-236,-179,106,2
16692,1512,-316,-166,98,15
16816,1528,-264,-162,82,-11
16632,1560,-336,-152,93,-2
16748,1532,-396,-157,86,-3
16660,1604,-308,-155,100,19
16620,1512,-452,-175,62,14
16700,1540,-456,-169,77,13
16652,1564,-336,-170,86,-7
16728,1476,-196,-161,64,-8
16620,1624,-480,-156,76,16
16588,1508,-288,-153,76,4
16772,1496,-384,-153,105,13
16696,1600,-364,-138,76,-4
16592,1516,-316,-180,86,0
16612,1552,-176,-163,93,12
16636,1576,-372,-157,96,-12
16728,1496,-540,-153,204,-21
16660,1540,-252,-147,122,-1
16624,1492,-312,-149,109,11
16644,1552,-280,-158,71,17
16736,1500,-340,-160,90,8
16564,1628,-288,-149,53,6
16656,1492,-252,-151,72,1
16608,1592,-384,-156,71,11
16680,1600,-384,-178,65,1
16688,1524,-400,-149,65,-14
16596,1508,-384,-148,99,21
16556,1584,-280,-165,79,6
16644,1492,-216,-152,110,-4
16648,1576,-400,-159,58,0
16680,1552,-432,-143,111,21
16752,1488,-348,-156,73,12
16660,1596,-324,-180,96,-2
16692,1532,-472,-162,75,13
16628,1476,-276,-149,82,16
16700,1532,-308,-149,86,-1
16696,1524,-392,-157,80,-12
16600,1472,-472,-148,74,-10
16704,1564,-292,-174,83,7
16664,1532,-340,-171,125,-7
16620,1480,-400,-166,71,9
16620,1480,-420,-157,83,-3
16720,1500,-504,-160,82,-1
16544,1556,-352,-157,89,10
16688,1552,-468,-155,73,10
16636,1452,-220,-168,85,10
16648,1544,-352,-165,110,-6
16732,1424,-408,-169,85,-9
16728,1576,-228,-169,66,13
16620,1512,-404,-168,86,-12
16644,1480,-384,-136,104,13
16692,1660,-232,-154,77,-16
16636,1516,-308,-164,58,-9
16596,1644,-236,-154,108,-10
16648,1528,-456,-148,94,-3
16636,1584,-536,-163,96,-2
16644,1560,-404,-156,60,1
16576,1516,-316,-170,108,-14
16768,1596,-452,-137,83,9
16672,1644,-344,-153,102,1
16716,1512,-188,-163,98,-13
16684,1604,-292,-145,105,-9
16664,1660,-280,-165,99,-3
16668,1620,-468,-150,91,2
16692,1536,-200,-162,81,-19
16648,1512,-464,-159,80,3
16648,1568,-332,-159,74,-10
16692,1500,-324,-172,96,5
16588,1472,-392,-166,85,5
16560,1628,-540,-168,105,1
16636,1532,-456,-169,100,2
16676,1552,-432,-157,96,-8
16608,1572,-232,-148,84,-2
16600,1524,-380,-149,106,-4
16656,1548,-476,-140,112,14
16624,1400,-288,-150,90,14
16632,1544,-352,-163,67,-16
16676,1516,-332,-168,51,-18
16652,1560,-384,-147,69,-7
16664,1516,-260,-159,70,-3
16704,1596,-248,-162,93,-19
16676,1496,-472,-185,81,14
16676,1556,-448,-170,81,-10
16656,1504,-468,-170,87,-1
16644,1556,-424,-150,81,7
16720,1628,-400,-164,92,-18
16712,1488,-424,-147,106,-4
16728,1520,-304,-147,85,-12
16692,1544,-448,-168,90,-6
16620,1556,-296,-167,64,-2
16636,1524,-408,-154,73,-5
16624,1472,-520,-166,110,-12
16656,1592,-444,-164,98,-3
16624,1632,-280,-140,96,-2
16708,1444,-384,-158,108,-11
16720,1536,-368,-166,102,2
16652,1516,-380,-157,110,11
16692,1580,-240,-169,91,5
16616,1436,-72,-188,105,23
16744,1564,-520,-160,89,-21
16704,1604,-200,-165,86,-12
16652,1568,-428,-158,78,2
16660,1512,-332,-158,95,-3
16764,1556,-220,-174,68,3
16772,1464,-460,-160,80,-2
16636,1544,-412,-155,93,3
16568,1480,-412,-154,97,13
16624,1508,-280,-171,92,-23
16612,1516,-372,-160,70,-9
16676,1524,-364,-157,90,-8
16668,1576,-296,-146,97,10
16736,1528,-256,-163,91,4
16636,1468,-192,-163,98,0
16564,1504,-432,-147,109,0
16584,1508,-504,-155,114,-1
16660,1624,-352,-155,87,-11
16716,1496,-448,-143,78,-3
16644,1508,-204,-157,85,3
16712,1416,-360,-167,105,-5
16712,1500,-244,-172,112,4
16652,1584,-424,-155,90,3
16636,1600,-368,-157,94,-25
16636,1556,-372,-151,87,9
16668,1484,-276,-152,85,4
16668,1528,-264,-163,109,8
16668,1444,-260,-169,79,7
16684,1556,-300,-174,106,-3
16600,1492,-172,-170,101,3
16620,1528,-424,-154,83,6
16648,1700,-268,-149,91,-2
16680,1460,-428,-162,97,4
16692,1476,-320,-152,92,-2
16732,1476,-440,-149,76,-11
16708,1480,-372,-157,112,4
16732,1484,-400,-166,84,-22
16664,1508,-352,-155,98,-4
16688,1580,-268,-161,90,-8
16700,1604,-352,-161,112,-7
16636,1596,-280,-154,77,-12
16584,1516,-244,-180,141,7
16624,1544,-336,-155,103,-1
16668,1584,-316,-168,83,2
16708,1604,-312,-153,105,4
16632,1488,-400,-154,87,11
16636,1520,-364,-158,85,-12
16696,1492,-344,-160,99,-2
16592,1548,-280,-158,79,-6
