1680,-3156,-18036,-162,97,16
1736,-3128,-18112,-161,93,13
1632,-3116,-17804,-148,76,20
1592,-3176,-17984,-147,91,10
1684,-3056,-18024,-151,101,23
1660,-3116,-17992,-156,110,-2
1776,-3004,-18024,-151,89,9
1772,-3020,-18088,-169,82,34
1716,-3092,-17980,-151,97,8
1556,-3096,-18044,-158,83,41
1656,-3124,-18076,-141,100,24
1636,-3032,-18048,-163,113,10
1684,-3092,-17940,-155,112,8
1636,-3120,-18052,-166,88,5
1732,-3048,-18052,-141,94,-4
1712,-3084,-17984,-171,89,-4
1672,-3088,-18148,-143,92,17
1752,-3072,-17900,-145,115,0
1700,-3056,-17912,-162,96,9
1748,-3128,-18032,-143,90,8
1656,-3136,-18004,-170,104,3
1608,-3080,-18004,-153,118,14
1636,-3092,-18048,-160,77,12
1732,-2932,-17868,-144,103,-9
1640,-3064,-18040,-153,106,-11
1716,-3112,-18016,-163,98,9
1664,-3100,-17884,-165,114,-1
1720,-3096,-18052,-156,108,15
1696,-3088,-18052,-153,67,22
1656,-3172,-17908,-163,100,22
1688,-3172,-17872,-168,94,21
1788,-3112,-18100,-156,85,-2
1720,-3068,-18048,-153,123,0
1692,-3140,-18024,-161,120,19
1800,-3156,-18156,-158,100,5
1672,-3124,-17892,-158,114,24
1636,-3140,-17916,-174,107,2
1684,-3156,-18148,-159,89,12
1632,-3036,-18096,-158,88,5
1672,-3032,-18132,-152,79,8
1624,-3008,-18064,-162,79,4
1700,-3024,-17920,-151,82,19
1612,-3104,-18036,-147,102,9
1648,-3088,-18128,-156,96,0
1712,-3064,-18112,-157,87,21
1656,-3100,-18068,-161,81,24
1692,-3096,-18060,-187,79,21
1580,-3060,-17968,-179,113,13
1724,-3132,-18160,-168,105,19
1636,-3088,-17928,-158,96,6
1684,-3056,-18272,-157,103,17
1720,-3092,-18076,-164,112,-2
1772,-3108,-17956,-147,108,38
1772,-3096,-18028,-157,99,-6
1700,-3056,-18204,-163,106,-5
1788,-3008,-18040,-173,105,1
1608,-3136,-17908,-162,86,5
1716,-3092,-18092,-166,92,11
1664,-3120,-18068,-148,96,-4
1724,-3108,-18072,-175,93,16
1696,-3072,-18116,-157,98,13
1664,-3116,-18020,-153,87,5
1592,-3080,-18136,-166,108,4
1708,-2968,-17976,-155,88,2
1596,-3132,-18168,-166,92,4
1684,-3116,-17988,-145,121,10
1752,-3132,-18052,-166,89,14
1768,-3076,-17980,-153,112,20
1720,-3040,-17984,-150,92,19
1672,-3124,-18004,-148,93,2
1732,-3080,-17964,-155,92,7
1696,-3060,-18092,-153,112,2
1760,-3076,-18228,-159,99,22
1696,-3048,-18188,-154,105,12
1596,-3192,-17984,-151,102,3
1696,-3144,-18184,-146,108,-5
1680,-3068,-18104,-162,98,11
1608,-3024,-17884,-169,67,4
1628,-3144,-18096,-164,85,-8
1636,-3220,-17932,-171,97,32
1632,-3028,-18116,-161,127,4
1676,-3156,-18064,-161,95,2
1648,-3100,-17928,-168,98,5
1692,-3048,-18104,-169,90,6
1660,-3112,-18040,-161,95,8
1664,-3080,-18012,-166,95,21
1692,-3068,-17960,-174,98,8
1708,-3124,-17944,-164,116,30
1700,-3036,-18152,-175,82,20
1668,-3092,-18136,-157,141,-1
1764,-3044,-18140,-158,81,9
1676,-3016,-18096,-158,92,35
1764,-3016,-17896,-160,97,7
1668,-3160,-18028,-159,88,0
1692,-3032,-18088,-155,94,19
1652,-3124,-18016,-158,80,18
1676,-3144,-17912,-165,150,17
1688,-3060,-18024,-161,78,30
1708,-3040,-18052,-155,104,32
1720,-3116,-17896,-158,109,7
1748,-3144,-18068,-148,81,2
1672,-3152,-17968,-149,85,-8
1672,-3156,-18056,-170,63,-5
1656,-3108,-18096,-161,94,19
1764,-3140,-18232,-178,72,12
1660,-3008,-17964,-195,101,38
904,-3628,-17212,-891,353,-202
1644,-3120,-17968,325,-112,31
1724,-3072,-17928,-207,178,17
1608,-3104,-18128,-147,150,10
1684,-3068,-18156,-159,128,0
1644,-3152,-17968,-166,52,14
1632,-3112,-18004,-151,142,24
1612,-3140,-17964,-162,79,18
1624,-3064,-17984,-165,43,23
1712,-3012,-18136,-189,52,18
1660,-3020,-17968,-141,217,-16
1700,-3084,-17992,-174,25,15
1688,-3068,-17904,-155,79,6
1712,-3148,-18060,-165,138,-21
1780,-3092,-17912,-161,143,3
1652,-3080,-17988,-164,25,15
1612,-3060,-17992,-164,101,12
1660,-3004,-18212,-157,110,10
1548,-3052,-18064,-153,82,30
1708,-3044,-18080,-145,223,-7
1664,-3112,-17924,-191,-7,17
1644,-3212,-18024,-133,148,4
1688,-3120,-17980,-167,138,14
1664,-2988,-18000,-172,-52,29
1708,-3196,-17956,-133,204,-16
1604,-3016,-18116,-190,34,14
1680,-3120,-18016,-154,66,29
1720,-3088,-17956,-145,162,13
1736,-3120,-18024,-171,39,13
1728,-3080,-18108,-142,119,25
1696,-3052,-18052,-160,143,4
1688,-3172,-18000,-162,49,13
1728,-3172,-17872,-149,107,20
1700,-3156,-18148,-185,87,26
1608,-3056,-17944,-152,106,-5
1776,-3108,-18024,-151,108,19
1684,-3076,-17900,-180,95,6
1676,-3092,-18120,-150,99,21
1720,-3096,-18112,-157,101,15
1664,-3168,-18028,-174,112,19
1744,-3136,-18068,-166,91,8
1692,-3080,-18044,-180,92,30
1780,-3108,-17792,-161,118,-1
1608,-3080,-17964,-167,96,8
1696,-3140,-18024,-137,72,-1
1724,-3128,-17920,-158,100,5
1680,-3100,-17948,-148,96,1
1660,-3108,-17956,-155,102,10
1692,-3148,-17972,-165,85,-8
1708,-3104,-18080,-162,81,12
1556,-3068,-18116,-154,99,4
1724,-3124,-17924,-155,72,12
1692,-3068,-18048,-137,96,11
1680,-3148,-18084,-183,84,12
1632,-3120,-17936,-140,107,2
1696,-3076,-18120,-179,57,5
1632,-3076,-17964,-160,95,1
1756,-3060,-18204,-168,113,17
1676,-2988,-17848,-183,104,10
1696,-3104,-18080,-161,81,23
1756,-3056,-18000,-149,139,21
1768,-3092,-18056,-155,45,3
1800,-3076,-18016,-174,104,15
1600,-3088,-18044,-169,79,3
1636,-3156,-17980,-146,74,25
1720,-3012,-18036,-131,128,14
1704,-3116,-17944,-198,44,15
1800,-3088,-18092,-173,86,7
1596,-3124,-18120,-150,131,13
1700,-3124,-18076,-154,63,15
1768,-3092,-17948,-174,116,5
1688,-2972,-18136,-131,122,15
1664,-3068,-17980,-137,62,-3
1656,-3000,-17888,-155,85,16
1632,-3184,-17996,-168,140,-1
1636,-3084,-18008,-163,89,1
1704,-3040,-18116,-132,87,0
1644,-3052,-18016,-149,88,1
1688,-3092,-18184,-185,117,11
1724,-3132,-17908,-188,86,5
1680,-3088,-18024,-153,108,18
1660,-3060,-18040,-151,111,-1
1604,-3180,-17976,-135,100,-7
1716,-3128,-18092,-150,95,21
1716,-3160,-18048,-176,94,8
1764,-3136,-17964,-146,83,25
1660,-3172,-17956,-195,147,-5
1712,-3140,-17988,-139,100,9
1632,-3088,-17996,-169,97,14
1660,-3188,-17940,-145,68,22
1748,-2984,-18060,-172,106,10
1728,-3132,-17780,-185,106,-5
1736,-3068,-17944,-145,119,24
1660,-3032,-18120,-155,93,3
1656,-3052,-18088,-177,109,6
1684,-3100,-18100,-170,67,39
1668,-3056,-18084,-160,93,22
1672,-3020,-18104,-161,106,-6
1760,-3112,-18016,-160,93,15
1712,-3104,-18056,-155,101,15
1744,-3152,-17952,-152,102,16
1596,-3128,-18008,-170,79,33
1772,-3120,-17944,-189,81,2
1796,-3016,-18008,-171,112,16
1692,-3032,-18016,-148,85,16
1640,-3084,-17892,-157,95,-2
1684,-3112,-18048,-149,89,7
1728,-3160,-18148,-168,77,-10
1652,-3136,-18040,-161,86,1
1624,-3032,-18084,-147,93,8
1624,-3100,-17952,-186,126,-9
1704,-3076,-17888,-157,69,5
1552,-3000,-17980,-172,98,17
1672,-3088,-18080,-169,80,28
1672,-3068,-17964,-155,74,4
1696,-3040,-17976,-132,127,15
1672,-3068,-18144,-149,103,-10
1708,-3224,-17948,-167,65,8
1668,-3036,-18092,-173,118,8
1688,-3068,-18108,-166,97,-2
1728,-3136,-18020,-158,119,12
1556,-3088,-18060,-162,80,18
1576,-3128,-17948,-159,73,22
1660,-3072,-17940,-167,110,2
1712,-3144,-18060,-165,124,23
1648,-3056,-17992,-170,97,3
1672,-3144,-18052,-144,43,-4
1700,-3016,-18048,-175,94,13
1584,-3044,-18092,-188,77,15
1720,-3060,-18028,-132,124,-2
1628,-3032,-17984,-161,77,17
1664,-3060,-18080,-168,62,15
1612,-3048,-18136,-170,132,17
1640,-3020,-18036,-175,56,17
1624,-3152,-18108,-169,102,4
1608,-3080,-18048,-166,113,-3
1644,-3020,-18052,-153,105,2
1668,-3088,-18016,-153,73,34
1592,-3048,-18044,-154,112,-8
1672,-3112,-17988,-170,104,13
1636,-3096,-18076,-167,83,5
1672,-3152,-18076,-166,106,1
1608,-3072,-18012,-152,104,17
1656,-3092,-17972,-176,96,4
1688,-3124,-17872,-169,88,16
1672,-3072,-17992,-166,88,19
1748,-3088,-17956,-172,102,-7
1712,-2988,-17904,-153,87,7
1648,-3088,-17908,-150,79,7
1672,-2976,-17936,-188,66,5
1716,-3112,-18012,-146,66,3
1632,-3088,-18032,-178,95,18
1732,-3144,-18040,-140,115,7
1784,-3048,-18152,-165,77,24
1628,-3116,-17892,-158,88,-6
1604,-3160,-17972,-168,103,10
1712,-3204,-17900,-149,87,8
1648,-3048,-18008,-126,69,11
1716,-3080,-17992,-149,115,25
1692,-3112,-18204,-161,91,8
1636,-3152,-17828,-166,60,19
1640,-3080,-18116,-162,83,13
1676,-3080,-18000,-144,84,10
1620,-3096,-17996,-149,85,8
1700,-3040,-17952,-154,105,1
1700,-3160,-18100,-145,106,18
1712,-3060,-18016,-175,80,34
1644,-3168,-17956,-175,117,27
1708,-3136,-17900,-159,98,0
1768,-3060,-18084,-151,85,19
1668,-3108,-18092,-150,123,17
1556,-3104,-17900,-154,94,8
1588,-3104,-18048,-162,83,12
1684,-3096,-18020,-164,105,13
1704,-3044,-18028,-167,89,18
1624,-3068,-18016,-165,91,7
1688,-3096,-17844,-179,75,19
1688,-3024,-17916,-171,125,7
1672,-3060,-18068,-154,91,31
1632,-3084,-18064,-146,114,26
1712,-3140,-17924,-170,87,7
1660,-3032,-17988,-162,80,15
1592,-3080,-17980,-156,120,7
1584,-3068,-18040,-157,102,-6
1652,-3040,-17996,-147,72,5
1620,-3120,-17984,-173,82,6
1620,-3164,-17980,-167,129,23
1724,-3036,-18104,-128,93,21
1684,-3160,-17928,-164,65,16
1632,-2984,-18016,-167,108,15
1672,-3088,-18040,-176,73,5
1660,-3096,-17940,-170,127,27
1732,-3132,-17936,-155,111,6
1688,-3028,-18072,-163,94,15
1672,-3112,-18104,-160,88,13
1732,-3060,-18064,-212,84,-2
1724,-3104,-18132,-157,92,16
1764,-3092,-18012,-156,107,-4
1700,-3068,-17964,-171,80,24
1752,-3060,-18092,-158,96,19
1720,-3120,-18212,-149,61,9
1664,-3064,-18040,-143,109,16
1620,-3116,-17992,-170,96,23
1688,-3100,-18152,-142,102,23
1616,-3132,-18056,-148,107,-2
1700,-3136,-17964,-144,109,14
1576,-3204,-17912,-144,94,2
1736,-3056,-17948,-158,115,8
1732,-3040,-18112,-155,115,-6
1748,-3120,-18020,-135,94,31
1696,-3100,-18060,-143,66,15
1688,-2960,-18012,-155,86,17
1628,-3112,-17808,-181,87,34
1704,-3136,-17916,-167,67,26
1648,-3060,-17996,-162,96,2
1692,-3136,-18136,-163,75,14
1524,-3160,-17888,-149,83,7
1612,-3052,-17956,-162,67,-9
1724,-3084,-17936,-151,112,-1
1712,-3072,-18048,-146,99,16
1696,-3092,-18048,-153,106,20
1632,-3096,-18232,-163,90,17
1572,-3012,-17944,-151,90,-5
1612,-3116,-18132,-148,106,8
1692,-3092,-18012,-184,106,15
1676,-3104,-18208,-166,82,5
1716,-3048,-17948,-160,106,29
1712,-3112,-17948,-185,84,2
1636,-3068,-18040,-142,84,17
1732,-3072,-17804,-170,101,13
1712,-3176,-18016,-169,101,33
1616,-3116,-18180,-150,102,10
1648,-3028,-18060,-157,104,10
1604,-3148,-17992,-173,99,-1
1656,-3076,-18060,-144,88,12
1696,-3020,-18056,-140,119,21
1628,-3104,-18120,-163,111,18
1696,-3172,-18056,-182,110,3
1784,-3132,-18048,-160,129,-2
1636,-3068,-17936,-152,96,0
1720,-3156,-18032,-176,83,1
1688,-3008,-18104,-158,110,23
1628,-3104,-18056,-169,84,8
1636,-3048,-18000,-150,70,-18
1756,-3104,-18048,-159,92,11
1648,-3084,-17980,-156,100,0
1732,-3092,-18088,-156,91,4
1692,-3184,-18112,-155,92,-2
1664,-3108,-17992,-163,106,12
1620,-3120,-18176,-150,114,18
1700,-3148,-18108,-174,102,29
1708,-3216,-18112,-164,90,7
1648,-3084,-18008,-173,58,6
1748,-2992,-18044,-163,91,23
1656,-3072,-18044,-178,77,42
1640,-3028,-18192,-154,92,12
1688,-3100,-18052,-159,122,7
1672,-3040,-18004,-157,76,14
1736,-3200,-17880,-165,81,30
1676,-3072,-18120,-172,119,22
1620,-3040,-17984,-170,119,-1
1660,-3072,-18040,-141,91,8
1628,-3148,-18084,-156,116,3
1716,-3096,-18208,-141,89,20
1672,-3068,-18160,-175,85,11
1644,-3056,-18140,-165,114,-7
1652,-3116,-17992,-127,94,29
1628,-3088,-17924,-162,97,18
1720,-3172,-18024,-180,69,17
1660,-3076,-18128,-168,94,28
1644,-3140,-18256,-161,94,5
1752,-3048,-18024,-145,71,-24
1724,-3148,-17792,-149,112,20
1608,-3160,-18004,-162,94,-11
1680,-3080,-17968,-169,91,7
1684,-3052,-18040,-163,98,15
1696,-3148,-18192,-163,78,6
1620,-3116,-18048,-162,98,3
1640,-3116,-18140,-175,96,-2
1720,-3056,-17996,-177,91,-13
1744,-3148,-17940,-170,96,4
1540,-3112,-18032,-161,96,7
1608,-3012,-17980,-160,103,22
1640,-3120,-18012,-163,85,2
1608,-3052,-17964,-146,81,14
1724,-3084,-18076,-150,114,9
1684,-3032,-18144,-146,101,1
1740,-3152,-18084,-152,82,7
1676,-3048,-18080,-158,107,-1
1636,-3160,-17960,-168,84,23
1740,-3132,-17936,-168,94,-18
1724,-3064,-18000,-157,104,22
1588,-3040,-17964,-164,92,24
1652,-3044,-17880,-167,112,20
1660,-3108,-18020,-168,88,12
1716,-3140,-18032,-170,79,8
1616,-3072,-18032,-168,124,18
1660,-3204,-18096,-204,126,2
1588,-3152,-18128,-150,69,3
1624,-3108,-18036,-133,120,9
1556,-3204,-18116,-219,58,25
1624,-3104,-17996,-174,111,10
1720,-2992,-17904,-150,96,11
1716,-3068,-18232,-145,76,24
1660,-3072,-18136,-187,39,16
1744,-3168,-17964,-148,91,9
1612,-3176,-17920,-157,96,3
1620,-3244,-18156,-160,94,15
1680,-3032,-18048,-136,76,5
1724,-3092,-17944,-153,98,-20
1724,-3084,-18064,-180,110,13
1592,-3140,-17896,-169,96,31
1692,-3020,-17908,-121,100,8
1748,-3048,-18000,-167,84,12
1644,-3104,-17980,-162,138,13
1596,-2988,-17976,-156,98,45
1636,-3080,-18068,-165,54,4
1604,-3180,-17968,-199,120,12
1560,-3100,-18036,-154,123,17
1696,-3048,-17944,-148,57,8
1724,-3108,-18168,-147,114,-6
1672,-3068,-18036,-173,77,17
1632,-3060,-17916,-129,98,0
1548,-3036,-18032,-152,61,10
1632,-3068,-17928,-146,103,26
1636,-3120,-18188,-157,96,8
1696,-3044,-18048,-177,87,-7
1744,-3048,-18000,-145,97,17
1692,-3112,-17916,-149,138,13
1660,-3076,-17872,-166,88,15
1664,-3104,-17904,-166,113,5
1656,-3084,-18068,-160,90,7
1720,-3092,-17968,-163,79,34
1724,-3152,-18024,-159,90,4
1756,-3180,-18188,-175,105,15
1612,-3092,-18012,-185,73,12
1652,-3092,-17928,-150,123,1
1728,-3108,-18236,-163,80,13
1768,-3124,-17924,-178,102,13
1672,-3124,-18008,-149,105,13
1812,-3228,-17956,-149,103,2
1616,-3080,-18176,-165,94,11
1732,-3144,-17912,-167,114,29
1616,-3136,-17920,-157,78,12
1716,-3036,-18040,-160,86,-6
1692,-3184,-17824,-172,104,13
1684,-3028,-18044,-153,112,-11
1652,-3020,-17988,-154,29,30
1616,-3076,-18084,-151,95,7
1684,-3028,-17980,-144,91,-4
1632,-3052,-17992,-140,57,-4
1624,-3008,-18092,-141,137,37
1580,-3088,-18104,-178,84,5
1636,-3060,-18084,-178,66,29
1668,-3124,-18044,-156,104,11
1708,-3032,-18064,-155,103,16
1660,-3084,-18116,-180,115,23
1652,-3052,-17836,-149,142,9
1704,-3156,-17920,-149,48,23
1688,-3124,-17952,-170,113,5
1700,-3160,-18004,-156,99,-1
1676,-3124,-18032,-172,83,7
1704,-3160,-18040,-151,109,10
1596,-3016,-18128,-170,119,24
1684,-3052,-17860,-166,55,8
1616,-3116,-18068,-158,121,17
1696,-3092,-18100,-142,126,34
1608,-3080,-17976,-160,89,20
1552,-3152,-18220,-173,89,9
1732,-2992,-17844,-154,103,5
1636,-3084,-17912,-163,84,11
1620,-3140,-18012,-164,90,25
1688,-3156,-18012,-145,103,9
1684,-3112,-18008,-153,92,15
1676,-3180,-17932,-178,145,8
1752,-3060,-18128,-135,75,9
1720,-3060,-18052,-160,74,9
1672,-3160,-18128,-162,98,-5
1660,-2956,-18016,-164,96,3
1696,-3144,-18128,-175,115,4
1624,-3088,-18000,-153,93,13
1680,-3096,-18072,-147,97,6
1648,-3100,-17884,-162,89,20
1696,-3100,-17856,-162,79,12
1648,-3048,-17928,-174,111,13
1576,-3080,-17984,-152,105,33
1556,-3108,-18100,-166,76,33
1776,-3080,-18100,-147,97,26
1760,-3040,-18088,-158,77,13
1712,-3136,-17876,-164,61,26
1744,-3156,-18032,-160,142,6
1660,-3180,-17932,-170,10,1
1656,-3104,-17944,-148,83,-16
1688,-3136,-18084,-157,46,9
1608,-2940,-18044,-155,105,0
1596,-3076,-17996,-151,104,8
1716,-3016,-17984,-144,85,16
1684,-3208,-18024,-174,117,15
1724,-3112,-17796,-167,90,12
1624,-3008,-18092,-170,72,9
1692,-3120,-17868,-169,127,22
1724,-3096,-18184,-162,74,4
1692,-3072,-18036,-161,65,21
1688,-3036,-17976,-165,110,27
1712,-3124,-18036,-161,94,0
1632,-2948,-18060,-168,81,-10
1664,-3104,-18064,-168,93,24
1668,-3056,-18144,-139,93,5
1700,-3080,-17972,-163,94,24
1692,-3048,-18024,-161,78,13
1696,-3084,-17924,-137,90,15
1736,-3112,-18124,-184,78,22
1672,-3024,-18104,-162,98,18
1660,-3068,-18084,-175,99,3
1628,-3124,-18000,-194,60,4
1652,-3180,-17948,-147,101,3
1716,-3116,-18048,-155,88,24
1704,-3120,-17996,-154,106,3
1648,-3204,-18004,-165,78,-1
1584,-3060,-18000,-148,87,5
1764,-3096,-17936,-157,82,1
1628,-3140,-18052,-167,117,2
1712,-3080,-18096,-156,80,4
1684,-3136,-18088,-161,79,17
1636,-3080,-17908,-178,104,13
1768,-3144,-18120,-160,76,14
1660,-2956,-17956,-167,71,20
1584,-3088,-17924,-162,105,16
1780,-3200,-18024,-173,99,-17
1616,-3180,-18044,-165,97,14
1616,-3100,-18064,-164,109,8
1588,-3148,-18064,-162,98,3
1672,-3064,-18048,-165,131,14
1592,-3100,-18140,-172,71,26
1756,-3060,-18068,-168,88,2
1708,-3088,-18008,-162,83,8
1648,-3072,-18304,-164,98,18
1716,-3016,-17924,-153,108,10
1676,-3076,-18080,-173,95,6
1748,-3092,-18036,-157,105,21
1632,-3088,-18016,-178,89,14
1552,-2948,-18040,-169,50,-1
1660,-3044,-17952,-156,122,5
1672,-3136,-17952,-167,87,5
1612,-3076,-17888,-161,75,-1
1596,-3092,-18052,-152,98,-6
1652,-3088,-17804,-160,110,30
1628,-3080,-18104,-159,106,-2
1704,-3072,-18048,-166,77,2
1744,-3108,-17904,-157,104,12
1628,-3116,-17980,-150,79,-7
1696,-3164,-17980,-153,101,8
1656,-3028,-18016,-159,78,3
1636,-3060,-17916,-185,101,-4
1672,-3088,-18144,-146,84,10
1604,-3152,-17964,-136,85,1
1680,-3116,-17940,-151,99,3
1672,-3120,-17928,-141,101,1
1544,-3140,-18072,-134,120,6
1656,-3060,-18244,-155,118,26
1640,-3072,-17904,-149,104,27
1680,-3068,-18028,-136,94,7
1656,-3080,-18152,-161,103,4
1672,-3136,-18000,-164,102,-3
1784,-3096,-17884,-170,101,9
1640,-3196,-18232,-156,102,21
1720,-2992,-18060,-171,88,7
1724,-3104,-18092,-163,103,7
1640,-3116,-18076,-148,97,7
1608,-3040,-18120,-170,77,16
1612,-3144,-18020,-164,95,12
1700,-3052,-18104,-146,129,3
1592,-3072,-18064,-170,87,9
1572,-3116,-18108,-161,92,20
1612,-3184,-18056,-153,129,4
1744,-3048,-18144,-164,77,-2
1792,-3084,-18232,-171,101,5
1640,-3080,-18044,-159,124,23
1692,-3060,-17972,-173,96,11
1592,-3040,-17976,-154,51,33
1676,-3140,-18056,-167,97,9
1684,-3040,-17856,-173,74,12
1688,-3120,-18016,-176,90,16
1716,-2984,-18108,-164,106,7
1640,-3100,-18076,-138,88,16
1668,-3044,-17964,-151,64,20
1696,-3096,-18064,-153,76,13
1688,-3092,-18128,-138,95,17
1728,-3156,-17936,-152,91,26
1708,-3204,-18036,-168,78,18
1708,-3128,-18224,-154,102,23
1720,-3120,-18124,-153,124,-6
1748,-3092,-18200,-153,85,11
1660,-3064,-18084,-177,125,18
1636,-3124,-18024,-156,95,-5
1624,-3040,-18096,-151,97,17
1624,-3112,-17976,-166,64,27
1688,-3056,-18192,-157,64,1
1748,-3092,-18032,-146,114,3
1672,-3192,-18016,-161,119,20
1688,-3040,-17992,-146,105,29
1692,-3204,-17892,-158,110,-2
1664,-3052,-17884,-157,85,24
1592,-3096,-18012,-158,78,13
1624,-3044,-18052,-160,120,6
1616,-3080,-17912,-143,100,9
1712,-2984,-18076,-157,103,-15
1716,-3128,-18040,-170,78,14
1616,-3048,-18052,-160,96,18
1668,-3120,-18024,-150,83,1
1768,-3160,-18108,-148,90,18
1708,-3120,-18176,-164,101,9
1616,-3116,-17860,-182,81,9
1624,-3012,-18180,-158,80,31
1660,-3108,-17884,-155,95,9
1708,-3100,-17880,-170,78,19
1720,-3016,-17872,-168,72,10
1652,-3136,-18092,-163,135,3
1584,-3140,-17980,-172,67,-10
1652,-3080,-17932,-164,110,23
1620,-3032,-17952,-151,123,21
1688,-3052,-18056,-155,68,6
1648,-3100,-18008,-164,92,10
1624,-3124,-17912,-159,91,12
1684,-3100,-17964,-160,77,-4
1636,-3044,-17956,-143,84,2
1636,-3108,-18012,-153,110,19
1648,-3056,-18076,-168,84,9
1664,-3108,-18056,-155,114,10
1724,-3144,-18152,-163,101,5
1592,-3172,-18160,-172,93,16
1680,-3104,-18052,-136,105,-3
1596,-3136,-17832,-159,90,13
1616,-3120,-18024,-148,84,16
1592,-3068,-18120,-156,135,-3
1696,-3016,-17984,-187,72,11
1656,-3120,-17864,-155,92,2
1604,-3036,-18140,-164,52,25
1680,-3164,-18008,-153,115,16
1724,-3036,-18056,-174,127,16
1740,-3060,-18016,-161,84,5
1620,-3024,-17936,-165,88,31
1656,-3056,-18100,-141,118,8
1616,-3024,-18068,-157,71,18
1624,-3052,-18080,-164,114,-5
1668,-3052,-17800,-176,95,1
1720,-3044,-17952,-166,95,25
1656,-3084,-18140,-157,127,6
1624,-3048,-17964,-158,101,0
1684,-3136,-18000,-158,94,25
1712,-3072,-18092,-173,119,15
1716,-2984,-17964,-147,77,-4
1664,-3000,-18052,-166,112,16
1612,-2960,-18096,-158,96,-16
1632,-3060,-17968,-160,91,26
1568,-3040,-17920,-160,73,8
1616,-3168,-18256,-156,84,19
1644,-3036,-18124,-157,83,2
1716,-3040,-18208,-157,101,6
1632,-3136,-18056,-145,100,7
1692,-3080,-18028,-148,93,23
1616,-3088,-18132,-156,100,21
1656,-3052,-18028,-164,89,-18
1684,-3048,-18084,-164,86,16
1664,-3124,-18020,-160,103,8
1660,-3032,-18080,-167,92,2
1624,-3148,-18076,-142,65,-8
1712,-3108,-18028,-175,107,17
1692,-3156,-17988,-145,106,18
1696,-3076,-17936,-161,98,18
1612,-3152,-17984,-151,96,3
1668,-3120,-18096,-159,121,1
1604,-3092,-18040,-143,100,-3
1624,-3088,-18136,-147,80,31
1744,-3112,-17892,-157,88,19
1656,-3084,-17916,-165,78,17
1664,-3124,-17928,-165,81,-14
1644,-3128,-18048,-157,103,5
1628,-3020,-17892,-142,99,7
1648,-3048,-18048,-173,97,7
1612,-3120,-18184,-156,85,24
1704,-3104,-18160,-184,98,-8
1692,-3028,-18096,-164,77,0
1680,-3164,-17944,-162,84,-9
1644,-3072,-18056,-165,87,-19
1608,-3096,-17928,-178,123,10
1704,-3096,-17964,-143,103,25
1604,-2976,-18136,-158,110,-19
1668,-3120,-18004,-147,116,4
1644,-2980,-18056,-167,62,1
1552,-3116,-18144,-140,108,9
1632,-2988,-18008,-158,116,28
1684,-3124,-18032,-161,78,17
1664,-3112,-18208,-165,112,8
1704,-3052,-18016,-161,71,12
1660,-3012,-18108,-156,100,27
1608,-3120,-17964,-167,107,8
1804,-3096,-18104,-161,87,12
1676,-3076,-18052,-163,115,13
1712,-3152,-17888,-182,62,16
1596,-3124,-17892,-157,93,9
1560,-3060,-18000,-159,88,6
1692,-3072,-18040,-153,79,5
1632,-3132,-18160,-163,88,-6
1580,-3128,-18100,-163,101,10
1656,-3140,-17984,-140,85,10
1716,-3064,-17996,-161,96,19
1656,-3100,-18052,-159,82,7
1716,-3060,-18068,-149,119,12
1688,-3144,-17928,-157,95,4
1540,-3048,-18012,-148,68,20
1568,-3200,-18268,-165,101,17
1636,-3044,-17912,-149,96,7
1708,-3100,-17864,-155,81,-17
1712,-3192,-18056,-159,105,-2
1620,-3032,-18064,-166,63,21
1604,-3096,-17964,-167,107,-2
1684,-3112,-18044,-168,101,27
1700,-3068,-17932,-168,82,3
1684,-3096,-18140,-176,112,2
1636,-3016,-18080,-168,80,12
1732,-3080,-17984,-147,100,4
1608,-3160,-17988,-150,97,2
1616,-3108,-18040,-156,98,-4
1744,-3020,-18064,-167,123,24
1664,-3052,-18124,-167,90,12
1736,-3116,-18060,-166,91,2
1724,-3036,-18148,-167,110,12
1712,-3124,-18084,-169,63,5
1680,-3076,-18004,-148,71,2
1700,-3064,-18232,-162,75,12
1648,-3004,-18004,-156,109,25
1716,-3168,-18132,-176,93,6
1720,-3048,-17972,-141,105,3
1668,-3140,-18016,-142,86,14
1556,-3080,-17924,-146,80,17
1728,-3028,-17920,-180,95,6
1648,-3164,-17948,-155,89,15
1624,-3024,-17944,-164,95,6
1604,-3040,-18064,-139,102,-1
1660,-3164,-17920,-153,69,25
1640,-3064,-17964,-153,92,21
1700,-3096,-18192,-149,87,2
1728,-3096,-18216,-165,81,29
1692,-3036,-18084,-156,89,1
1600,-3068,-17908,-162,82,14
1720,-3016,-18064,-164,102,1
1604,-3092,-17892,-161,100,3
1716,-3012,-18084,-143,83,6
1652,-3108,-17848,-154,82,9
1624,-3072,-17976,-149,68,16
1616,-3036,-17948,-144,109,9
1532,-3076,-17940,-178,101,21
1632,-3048,-17936,-171,88,-1
1672,-3120,-18016,-157,106,22
1636,-3100,-18140,-165,92,9
1720,-3064,-18084,-153,88,7
1616,-3080,-17980,-158,86,6
1692,-3132,-18108,-156,85,13
1624,-3064,-18076,-130,121,28
1648,-3044,-17848,-183,61,13
1732,-3160,-18028,-138,119,32
1572,-3112,-18044,-153,74,9
1604,-3128,-17692,-154,93,9
1664,-3064,-18008,-173,95,12
1676,-3108,-18080,-153,95,13
1688,-3084,-18024,-166,100,32
1684,-3076,-18056,-162,103,-11
1588,-3092,-18076,-147,105,7
1668,-3144,-17984,-153,69,15
1696,-3016,-17996,-154,83,14
1580,-3104,-18028,-170,98,19
1744,-3092,-18144,-163,109,33
1556,-3092,-18068,-161,83,-3
1584,-3116,-18056,-157,84,10
1708,-3172,-18092,-164,96,0
1680,-3020,-17932,-148,73,4
1696,-2996,-18104,-158,84,-2
1688,-3164,-17908,-160,106,38
1612,-3164,-18048,-172,113,11
1632,-3088,-18156,-161,60,6
1720,-3040,-17876,-163,92,30
1680,-3076,-17940,-150,108,40
1536,-3168,-18072,-149,109,-8
1664,-3116,-17916,-159,92,3
1628,-3120,-18084,-173,107,2
1632,-3112,-18032,-164,77,23
1724,-3140,-17944,-143,103,16
1716,-3092,-18176,-167,74,18
1620,-3112,-17964,-154,92,-1
1648,-3040,-18256,-153,95,9
1656,-3080,-18104,-158,92,3
1744,-3060,-18036,-160,112,-2
1688,-3088,-17876,-157,92,30
1604,-3140,-18092,-167,122,1
1676,-3108,-17964,-155,90,29
1716,-3104,-18084,-152,104,8
1688,-3008,-18204,-167,100,14
1720,-3100,-17972,-150,82,-12
1708,-3180,-18048,-172,100,-10
1560,-3012,-18064,-162,82,26
1608,-3212,-18064,-153,96,-1
1736,-2972,-17972,-171,75,8
1664,-3128,-18100,-169,104,-10
1580,-3068,-18048,-158,102,29
1576,-3048,-18012,-164,87,0
1604,-3088,-18096,-153,101,9
1612,-3064,-17992,-158,98,11
1576,-3044,-17956,-147,117,44
1668,-3060,-18208,-155,119,1
1616,-3016,-18124,-154,73,7
1604,-3108,-18156,-148,85,1
1636,-2992,-18032,-157,80,12
1728,-3060,-18072,-162,103,27
1672,-3160,-17960,-159,58,4
1724,-3092,-17952,-148,100,5
1652,-3084,-18036,-147,99,14
1632,-3128,-17996,-164,113,3
1588,-3084,-17812,-146,94,22
1720,-3040,-18040,-157,66,2
1712,-3112,-17960,-164,79,26
1592,-3044,-18016,-138,111,30
1620,-2996,-18056,-159,109,27
1660,-3096,-17980,-161,115,30
1652,-3204,-18028,-162,90,17
1660,-3072,-18072,-156,132,6
1632,-3172,-17888,-153,88,3
1668,-3096,-18216,-172,110,6
1668,-3088,-17972,-173,97,8
1668,-3016,-18112,-153,137,2
1712,-3048,-18172,-142,98,7
1732,-3116,-17968,-159,85,6
1608,-3104,-17936,-158,92,21
1620,-3124,-17980,-166,104,-8
1656,-3104,-17988,-164,87,8
1640,-3128,-18160,-168,104,5
1620,-3128,-18016,-159,104,32
1668,-3056,-18052,-166,92,-5
1576,-3104,-17920,-148,107,17
1600,-3088,-17976,-168,63,-2
1596,-3064,-17864,-153,110,28
1628,-3068,-18084,-150,110,22
1620,-3072,-17948,-153,69,2
1664,-3124,-18100,-158,113,25
1640,-3144,-18116,-162,97,12
1560,-3064,-18052,-145,61,2
1552,-3148,-18036,-149,94,26
1660,-3064,-17908,-178,103,23
1560,-3100,-17964,-144,94,11
1656,-3112,-18120,-141,152,-2
1700,-3144,-17928,-160,112,-10
1544,-3080,-17988,-153,43,20
1620,-3184,-18148,-153,144,8
1608,-3108,-17872,-161,129,24
1632,-3060,-18044,-163,61,0
1588,-3192,-18080,-155,118,13
1624,-3044,-17864,-158,86,6
1712,-3096,-17848,-151,88,23
1632,-2984,-18040,-157,80,18
1692,-3100,-18144,-167,102,0
1708,-3096,-17988,-173,91,37
1732,-3028,-17892,-144,94,2
1768,-3084,-17920,-159,101,0
1732,-3108,-18060,-149,105,22
1532,-3080,-17972,-168,108,20
1716,-3032,-18180,-154,108,14
1616,-3068,-18040,-147,94,6
1400,-3536,-17996,-168,87,19
1516,-3468,-17916,-151,118,-16
1504,-3560,-17788,-162,34,10
1512,-3448,-17820,-149,109,28
1556,-3380,-18100,-172,108,21
1540,-3456,-18120,-139,87,9
1604,-3460,-17992,-156,79,25
1412,-3560,-17992,-159,98,0
1552,-3520,-18020,-163,103,2
1464,-3528,-17940,-177,99,20
1408,-3524,-17968,-156,92,18
1500,-3536,-17824,-164,105,4
1440,-3472,-17900,-168,110,-14
1500,-3536,-17896,-150,86,27
1440,-3552,-17820,-150,118,16
1432,-3456,-17872,-176,99,22
1528,-3508,-17784,-145,130,27
1508,-3484,-17996,-148,87,20
1472,-3476,-17984,-158,96,-1
1400,-3496,-18024,-152,112,-13
1436,-3528,-17852,-176,102,4
1384,-3452,-17936,-156,88,34
1500,-3504,-17968,-175,132,-3
1436,-3448,-17904,-163,117,6
1436,-3568,-18008,-141,105,5
1480,-3516,-18024,-159,123,15
1476,-3464,-17964,-149,120,25
1488,-3564,-18044,-134,99,17
1388,-3532,-18112,-158,104,4
1452,-3572,-17880,-158,86,6
1428,-3608,-17944,-163,110,4
1452,-3396,-17932,-152,110,7
1504,-3504,-17812,-151,74,-10
1452,-3524,-17836,-173,109,20
1476,-3460,-17928,-148,84,-7
1384,-3476,-17988,-140,92,3
1488,-3532,-18068,-158,100,3
1532,-3476,-17956,-170,94,15
1424,-3440,-18036,-143,71,5
1480,-3468,-18020,-172,96,16
1464,-3436,-17780,-152,100,15
1508,-3504,-17844,-149,99,12
1556,-3484,-18048,-152,110,26
1508,-3428,-17896,-163,103,-10
1468,-3536,-17980,-159,112,14
1468,-3516,-17940,-147,93,18
1428,-3456,-17976,-158,118,2
1456,-3388,-18060,-176,128,11
1492,-3508,-18048,-157,86,17
1488,-3556,-17892,-154,90,29
1424,-3424,-18016,-157,102,1
1520,-3540,-17944,-180,101,20
1448,-3532,-17940,-183,81,10
1476,-3364,-18032,-166,80,11
1500,-3420,-18048,-141,106,0
1396,-3508,-17980,-147,114,15
1524,-3504,-17948,-158,94,13
1612,-3372,-18032,-163,84,10
1460,-3492,-17992,-155,64,26
1484,-3508,-17956,-179,93,30
1560,-3508,-17960,-151,81,19
1476,-3504,-17944,-161,102,19
1440,-3468,-18028,-156,80,19
1536,-3428,-17956,-155,112,24
1512,-3528,-17856,-168,88,20
1548,-3488,-18012,-161,114,3
1560,-3512,-18016,-170,97,0
1472,-3440,-17792,-155,106,5
1556,-3476,-17972,-161,105,14
1548,-3496,-17788,-177,77,10
1440,-3480,-17936,-161,107,6
1448,-3532,-18016,-162,92,0
1452,-3404,-17832,-161,102,15
1532,-3532,-18016,-157,96,16
1596,-3488,-17936,-162,88,16
1468,-3508,-17928,-161,67,7
1388,-3512,-17944,-161,74,1
1488,-3576,-17960,-162,137,-2
1496,-3464,-17788,-145,86,12
1504,-3420,-17712,-159,81,10
1488,-3444,-17936,-167,105,17
1416,-3560,-18236,-158,86,5
1444,-3484,-18164,-178,77,10
1500,-3464,-18004,-155,122,10
1384,-3428,-18004,-163,116,24
1468,-3488,-17800,-159,91,14
1540,-3476,-17972,-171,109,9
1460,-3528,-17940,-152,116,4
1480,-3440,-18028,-169,114,7
1428,-3520,-17900,-149,77,26
1472,-3388,-17940,-159,107,18
1488,-3488,-17944,-139,105,9
1460,-3400,-18032,-148,101,9
1492,-3464,-18028,-160,111,5
1424,-3548,-17904,-164,133,19
1412,-3508,-18020,-154,98,12
1476,-3524,-17992,-161,106,14
1388,-3572,-18028,-168,145,12
1468,-3516,-18084,-157,84,12
1468,-3516,-18032,-146,105,35
1412,-3436,-17876,-163,108,34
1552,-3536,-18008,-149,116,15
1540,-3492,-18064,-146,126,14
1496,-3560,-18128,-152,91,29
1560,-3476,-17880,-173,108,19
1412,-3436,-17872,-189,98,19
1472,-3532,-17888,-132,102,8
1444,-3452,-17920,-143,78,11
1508,-3460,-17960,-167,121,14
1596,-3496,-17940,-161,119,27
1488,-3480,-17952,-151,80,29
1452,-3536,-17924,-159,99,6
1472,-3540,-18196,-139,105,11
1488,-3488,-18048,-161,118,14
1452,-3496,-17876,-160,130,15
1504,-3616,-17880,-161,110,-5
1464,-3464,-17956,-165,93,15
1444,-3580,-17968,-161,91,12
1492,-3556,-17956,-154,93,2
1444,-3528,-17992,-163,73,21
1444,-3532,-18068,-150,110,20
1572,-3540,-17956,-163,120,12
1436,-3448,-18024,-162,94,4
1404,-3468,-17804,-157,91,7
1620,-3524,-18084,-169,90,22
1500,-3456,-17876,-168,111,12
1528,-3476,-18020,-153,90,31
1388,-3480,-17976,-155,87,19
1476,-3584,-17892,-175,129,-11
1508,-3496,-18008,-163,68,21
1472,-3424,-18020,-176,88,18
1496,-3400,-17964,-159,92,16
1384,-3496,-17964,-147,118,10
1480,-3508,-18040,-169,63,12
1476,-3480,-17980,-175,134,-16
1424,-3492,-17976,-160,118,14
1452,-3456,-17832,-178,77,-17
1400,-3488,-17932,-141,94,20
1552,-3536,-17924,-174,112,16
1456,-3620,-17972,-180,103,34
1324,-3440,-18052,-158,59,17
1480,-3456,-18064,-159,135,10
1452,-3428,-17992,-158,117,22
1552,-3504,-17804,-160,92,7
1412,-3524,-18064,-166,116,19
1516,-3560,-18056,-165,105,26
1392,-3444,-17936,-164,72,20
1476,-3412,-18004,-170,110,22
1472,-3508,-18164,-151,106,12
1472,-3512,-17812,-153,69,7
1448,-3488,-18052,-169,80,21
1544,-3508,-17940,-152,106,15
1396,-3476,-18004,-164,71,-11
1444,-3480,-17852,-153,98,12
1472,-3432,-18000,-146,95,11
1620,-3400,-17984,-154,97,8
1564,-3588,-17912,-156,92,28
1332,-3484,-18016,-173,131,36
1448,-3516,-18100,-148,83,11
1496,-3548,-18040,-156,112,33
1500,-3428,-17984,-146,112,10
1452,-3560,-18012,-168,76,34
1468,-3444,-17920,-148,93,13
1504,-3440,-17932,-169,84,5
1416,-3436,-17956,-166,91,13
1440,-3524,-17848,-165,76,-4
1528,-3392,-18032,-166,107,13
1380,-3452,-18028,-164,112,13
1560,-3584,-18024,-189,116,30
1492,-3532,-18004,-161,106,-16
1452,-3476,-17956,-163,112,8
1556,-3540,-17952,-157,101,5
1472,-3456,-17884,-150,64,24
1480,-3424,-17852,-162,119,10
1436,-3548,-17812,-177,113,19
1492,-3384,-18040,-176,103,6
1512,-3404,-18000,-158,45,31
1508,-3532,-18012,-148,124,2
1424,-3540,-18020,-159,94,-5
1412,-3520,-17868,-150,134,17
1488,-3448,-17976,-152,80,3
1512,-3496,-17872,-152,111,-7
1524,-3468,-17768,-152,95,19
1540,-3560,-17992,-137,91,4
1520,-3576,-17892,-163,116,24
1436,-3532,-18012,-154,100,-11
1428,-3444,-17920,-168,112,0
1548,-3508,-18044,-156,106,13
1468,-3384,-18068,-163,71,14
1552,-3536,-17872,-148,68,5
1512,-3496,-17972,-154,85,-8
1592,-3588,-18052,-136,100,9
1408,-3436,-18032,-147,49,22
1512,-3520,-17832,-150,106,17
1412,-3572,-17944,-168,123,-2
1488,-3432,-17956,-162,91,15
1476,-3404,-18068,-152,104,4
1524,-3496,-17960,-137,122,10
1424,-3492,-17692,-150,93,22
1576,-3496,-17848,-158,116,-3
1420,-3316,-17920,-164,90,37
1484,-3396,-17860,-162,99,2
1520,-3468,-17856,-157,100,9
1460,-3572,-17996,-136,119,24
1516,-3460,-17828,-148,64,22
1472,-3464,-17876,-147,104,19
1372,-3544,-17868,-166,99,19
1532,-3480,-17892,-159,69,31
1488,-3560,-17972,-152,90,22
1496,-3560,-17900,-173,163,16
1484,-3424,-18020,-146,43,7
1408,-3496,-17928,-143,87,22
1584,-3492,-17968,-166,126,8
1536,-3512,-17868,-153,90,19
1516,-3512,-17980,-144,57,1
1524,-3496,-17924,-168,126,12
1484,-3504,-18136,-158,57,27
1540,-3548,-17848,-161,98,5
1456,-3492,-17820,-156,112,29
1468,-3552,-17956,-172,106,12
1484,-3488,-17840,-173,93,30
1440,-3440,-17852,-158,122,17
1484,-3408,-17920,-162,109,32
1492,-3520,-18044,-161,78,8
1612,-3412,-17896,-159,109,-4
1416,-3548,-17804,-148,107,18
1556,-3512,-18088,-139,110,-5
1492,-3500,-17896,-150,112,17
1428,-3512,-17848,-148,94,9
1548,-3544,-17804,-161,121,19
1504,-3512,-18020,-156,65,-7
1452,-3404,-18012,-174,83,14
1492,-3428,-18084,-159,82,14
1412,-3504,-17896,-155,87,21
1568,-3484,-18016,-159,94,10
1476,-3416,-18036,-155,86,18
1508,-3528,-17792,-158,82,5
1500,-3528,-17968,-158,69,-1
1472,-3492,-17972,-169,107,-11
1384,-3496,-17740,-164,131,22
1452,-3476,-18108,-159,69,16
1436,-3432,-18028,-164,-10,18
1500,-3536,-17744,-165,222,-4
1456,-3556,-17996,-198,134,28
1540,-3384,-18128,-160,19,18
1408,-3560,-17940,-161,103,19
1512,-3496,-17904,-158,156,1
1468,-3472,-17912,-143,49,5
1524,-3480,-17800,-172,111,7
1368,-3544,-18052,-153,115,9
1464,-3560,-17904,-161,92,-4
1428,-3552,-17888,-161,95,-19
1520,-3488,-18072,-172,100,9
1520,-3436,-17976,-150,99,11
1420,-3416,-17892,-151,104,22
1468,-3524,-17888,-178,112,-5
1440,-3472,-18028,-153,76,-8
1464,-3452,-17976,-170,124,28
1492,-3540,-17980,-158,123,-2
1436,-3428,-18020,-167,71,18
1408,-3508,-17932,-160,104,-23
1440,-3468,-17980,-150,110,15
1420,-3456,-18044,-144,90,5
1532,-3464,-17992,-149,123,28
1428,-3516,-17736,-156,105,22
1536,-3440,-17944,-147,95,20
1368,-3520,-18124,-167,109,33
1492,-3436,-17804,-158,91,20
1500,-3468,-17852,-156,107,6
1468,-3476,-18160,-142,98,-5
1456,-3448,-17996,-144,110,18
1428,-3528,-17936,-141,112,13
1536,-3464,-18132,-164,103,-3
1348,-3444,-17968,-156,95,30
1408,-3452,-17920,-140,106,32
1480,-3504,-17984,-141,115,13
1476,-3600,-17920,-163,106,31
1476,-3456,-17928,-147,84,9
1448,-3448,-17988,-181,123,16
1496,-3496,-17944,-167,81,26
1580,-3352,-18060,-165,123,7
1436,-3520,-17768,-145,86,12
1584,-3468,-17928,-161,105,14
1472,-3492,-17796,-164,97,16
1472,-3540,-17996,-168,85,32
1512,-3496,-17972,-144,100,19
1448,-3496,-17956,-135,114,24
1476,-3520,-17972,-155,104,5
1508,-3540,-17976,-163,106,-7
1368,-3448,-18104,-162,109,11
1504,-3560,-17996,-173,98,30
1440,-3488,-17876,-155,115,13
1532,-3500,-17968,-142,96,6
1464,-3496,-18124,-164,110,7
1492,-3512,-17920,-166,86,34
1420,-3520,-18016,-167,105,15
1500,-3508,-17996,-145,109,11
1492,-3496,-17996,-149,75,35
1400,-3548,-17824,-169,108,10
1560,-3456,-17868,-150,110,5
1540,-3428,-18032,-138,96,23
1524,-3500,-17992,-159,111,26
1496,-3488,-17876,-167,133,19
1424,-3516,-18068,-182,100,18
1440,-3536,-18032,-166,100,20
1392,-3496,-17980,-179,59,8
1496,-3520,-17972,-157,94,-10
1524,-3424,-17960,-155,75,13
1552,-3596,-17916,-176,93,10
1448,-3480,-18060,-160,104,14
1568,-3504,-17988,-142,101,11
1480,-3408,-17952,-161,123,24
1404,-3508,-18016,-148,76,27
1484,-3484,-17988,-165,67,17
1440,-3524,-17804,-166,139,5
1448,-3564,-17940,-132,105,16
1484,-3476,-18000,-170,71,13
1540,-3404,-18112,-146,88,2
1496,-3392,-18024,-159,108,13
1472,-3460,-18120,-153,65,14
1496,-3376,-17884,-149,93,16
1428,-3520,-18000,-148,126,20
1472,-3464,-18032,-168,97,17
1540,-3468,-17948,-159,105,13
1520,-3536,-17864,-174,100,14
1544,-3468,-17988,-166,71,18
1528,-3404,-17896,-153,122,15
1560,-3468,-18036,-158,92,9
1500,-3560,-17908,-157,105,10
1468,-3420,-17952,-174,113,26
1496,-3524,-17852,-144,67,4
1484,-3604,-17800,-160,78,21
1524,-3480,-17892,-142,105,9
1512,-3548,-17744,-163,91,13
1496,-3492,-17860,-152,105,20
1524,-3496,-17980,-163,91,9
1504,-3508,-18032,-174,81,-3
1424,-3504,-17972,-158,77,11
1496,-3424,-18016,-142,138,7
1532,-3448,-18112,-164,97,-2
1416,-3488,-17904,-187,81,22
1564,-3524,-17872,-164,118,6
1480,-3536,-17952,-175,107,16
1444,-3508,-18064,-146,98,7
1520,-3508,-17852,-143,111,34
1476,-3544,-17872,-150,59,16
1492,-3448,-18120,-156,96,-3
1500,-3536,-17768,-157,100,30
1368,-3556,-18024,-159,89,16
1556,-3516,-17884,-153,82,19
1524,-3512,-18084,-170,112,14
1436,-3540,-18152,-149,87,-4
1544,-3428,-17972,-138,135,16
1416,-3596,-17892,-148,100,23
1508,-3468,-17824,-168,119,27
1540,-3532,-17876,-170,72,0
1480,-3524,-17960,-153,98,-5
1508,-3572,-17808,-142,95,0
1528,-3388,-17996,-139,113,1
1452,-3484,-18004,-162,92,-3
1468,-3528,-18004,-166,105,3
1444,-3508,-18052,-171,89,7
1548,-3448,-17836,-161,119,12
1516,-3508,-18036,-155,86,8
1468,-3532,-18008,-159,110,3
1560,-3396,-17984,-176,111,12
1476,-3448,-17892,-151,115,6
1472,-3424,-18032,-133,79,2
1428,-3452,-18056,-152,94,20
1428,-3472,-17980,-149,92,22
1540,-3392,-17948,-152,120,23
1464,-3540,-17760,-164,49,15
1564,-3436,-18080,-160,126,-4
1480,-3416,-17972,-156,98,22
1424,-3568,-17932,-158,95,-1
1452,-3416,-17920,-159,123,30
1528,-3468,-18160,-162,115,4
1544,-3608,-17912,-157,100,2
1448,-3488,-18120,-150,108,-1
1520,-3488,-17920,-179,128,12
1508,-3492,-17848,-160,84,0
1504,-3468,-18024,-156,113,12
1564,-3536,-17916,-159,139,0
1516,-3448,-18056,-161,65,13
1404,-3516,-17976,-158,108,18
1492,-3352,-18104,-151,107,9
1512,-3476,-17980,-155,59,20
1488,-3480,-17904,-152,110,4
1536,-3448,-18004,-174,127,21
1508,-3496,-18056,-143,67,5
1432,-3524,-17972,-152,124,15
1508,-3524,-17812,-155,79,19
1484,-3488,-17964,-153,83,14
1532,-3440,-17776,-167,61,19
1588,-3448,-18028,-166,101,22
1568,-3412,-18032,-153,120,20
1540,-3448,-17940,-149,95,1
1456,-3552,-18124,-144,66,5
1416,-3476,-18068,-154,104,20
1500,-3436,-17964,-157,69,17
1516,-3540,-18040,-172,69,22
1492,-3552,-17916,-164,103,18
1368,-3400,-17912,-156,60,18
1472,-3488,-17888,-154,123,-1
1532,-3476,-18012,-152,94,15
1496,-3376,-17876,-166,101,6
1452,-3408,-17960,-173,112,15
1520,-3508,-17980,-168,109,-6
1496,-3408,-17876,-162,114,24
1528,-3456,-18020,-160,99,8
1448,-3564,-17952,-175,127,7
1460,-3500,-17808,-167,92,19
1464,-3512,-17896,-176,90,7
1412,-3536,-17972,-154,80,10
1508,-3464,-17940,-165,85,8
1456,-3432,-18036,-132,77,18
1388,-3428,-17836,-150,99,21
1464,-3488,-17964,-150,122,6
1472,-3592,-17964,-160,118,22
1496,-3412,-18136,-160,59,3
1528,-3528,-17996,-157,93,3
1416,-3448,-17912,-161,120,13
1520,-3380,-17916,-161,103,-12
1396,-3544,-17976,-146,70,3
1504,-3504,-18112,-171,106,24
1476,-3520,-17988,-173,82,10
1396,-3480,-17920,-192,83,-9
1480,-3492,-17996,-151,155,11
1544,-3540,-17928,-154,85,19
1428,-3476,-17916,-156,90,9
1524,-3396,-17972,-167,83,18
1452,-3456,-17980,-164,108,12
1604,-3412,-18056,-151,143,10
1496,-3568,-17924,-160,103,19
1504,-3456,-17976,-164,12,16
1452,-3544,-18020,-172,166,2
1460,-3508,-17884,-153,66,-2
1456,-3444,-18100,-146,61,21
1464,-3476,-17824,-163,81,15
1368,-3440,-17876,-153,109,20
1424,-3632,-17860,-134,73,26
1444,-3440,-18072,-162,133,19
1580,-3472,-18036,-156,86,11
1544,-3400,-17916,-156,109,14
1600,-3488,-17920,-153,63,-3
1600,-3492,-18028,-163,130,8
1444,-3508,-18020,-173,82,3
1348,-3392,-17888,-146,100,22
1476,-3348,-18048,-132,82,16
1496,-3544,-17900,-173,128,15
1472,-3444,-18060,-165,82,15
1448,-3544,-17760,-160,108,7
1488,-3472,-17792,-155,117,-8
1540,-3472,-18076,-152,84,15
1540,-3472,-17824,-157,102,2
1464,-3520,-18008,-163,88,12
1504,-3472,-17816,-169,112,9
1464,-3416,-17896,-166,81,23
1428,-3620,-18120,-156,95,5
1432,-3496,-17896,-165,102,-6
1392,-3460,-17976,-172,94,28
1596,-3484,-17920,-171,90,4
1396,-3516,-17952,-164,79,20
1504,-3436,-17964,-155,77,4
1456,-3420,-18040,-171,105,9
1440,-3528,-18076,-165,87,17
1472,-3468,-18004,-146,87,8
1492,-3540,-18120,-179,99,12
1464,-3456,-17928,-134,85,0
1464,-3516,-18180,-161,75,-1
1444,-3444,-17932,-174,95,1
1472,-3496,-17876,-165,114,22
1484,-3448,-18140,-183,55,15
1408,-3480,-18040,-155,105,7
1508,-3608,-17972,-172,66,20
1424,-3552,-17828,-192,98,-14
1444,-3448,-17964,-171,106,16
1448,-3484,-17856,-170,95,26
1428,-3472,-17920,-156,88,6
1496,-3440,-17988,-157,111,15
1424,-3456,-17924,-169,97,13
1480,-3548,-18032,-139,65,20
1468,-3536,-18140,-139,142,3
1564,-3400,-17952,-168,109,11
1540,-3476,-18032,-169,107,2
1524,-3428,-17852,-153,71,-6
1508,-3496,-18012,-151,123,28
1456,-3468,-17968,-162,101,20
1468,-3508,-17900,-159,63,20
1536,-3488,-17980,-155,69,12
1396,-3528,-17964,-152,98,8
1556,-3548,-17952,-156,112,24
1516,-3592,-17912,-156,89,12
1404,-3496,-17972,-173,83,0
1476,-3488,-17868,-162,83,3
1392,-3548,-17828,-157,102,22
1460,-3404,-18080,-154,86,18
1468,-3508,-17848,-163,117,19
1448,-3484,-17888,-165,104,14
1464,-3460,-17964,-162,114,26
1496,-3480,-17760,-166,106,1
1492,-3460,-18012,-142,113,20
1484,-3484,-17856,-149,94,5
1504,-3472,-17940,-164,111,7
1468,-3416,-17888,-142,100,-1
1388,-3400,-17864,-164,91,1
1504,-3480,-18076,-169,81,15
1408,-3488,-17956,-156,120,10
1456,-3476,-17988,-150,116,35
1500,-3492,-17872,-165,114,-4
1476,-3500,-17804,-159,75,13
1440,-3596,-17944,-171,113,1
1500,-3484,-17840,-158,87,15
1480,-3408,-17900,-166,100,-11
1556,-3568,-17980,-164,86,-3
1568,-3500,-17992,-155,79,-14
1484,-3548,-17940,-146,87,11
1500,-3588,-18092,-154,99,-4
1512,-3420,-17876,-168,125,12
1496,-3472,-18032,-160,90,17
1484,-3584,-17936,-155,113,6
1536,-3504,-18028,-161,108,-13
1432,-3556,-18040,-161,126,-12
1448,-3504,-18024,-157,92,16
1436,-3496,-17964,-171,92,23
1488,-3568,-17956,-174,97,36
1420,-3472,-17888,-153,92,21
1504,-3468,-18060,-170,75,-1
1484,-3620,-17964,-171,117,17
1460,-3504,-17968,-161,97,11
1644,-3464,-18028,-183,124,-17
1372,-3396,-17924,-158,94,14
1472,-3436,-18004,-154,81,35
1504,-3408,-17992,-163,131,9
1484,-3476,-17940,-158,93,6
1528,-3476,-18000,-167,114,8
1548,-3524,-17936,-155,73,10
1484,-3492,-17916,-151,112,10
1508,-3440,-17920,-166,104,9
1524,-3484,-17824,-166,74,17
1480,-3440,-17916,-140,89,-5
1404,-3392,-17996,-152,102,18
1552,-3592,-17768,-141,110,-1
1540,-3468,-17900,-165,106,1
1444,-3544,-17980,-163,113,5
1504,-3484,-17852,-147,121,24
1572,-3452,-17844,-175,70,17
1416,-3424,-18012,-151,96,8
1528,-3440,-17924,-154,94,18
1408,-3392,-17908,-172,113,17
1472,-3596,-17936,-165,94,9
1480,-3520,-17928,-163,122,-4
1440,-3516,-17876,-145,107,10
1500,-3448,-17908,-173,117,6
1452,-3484,-18092,-176,107,8
1520,-3436,-17832,-162,92,6
1492,-3496,-18004,-152,75,7
1544,-3500,-17820,-150,95,26
1532,-3536,-17748,-157,94,3
1536,-3516,-17860,-162,72,-8
1476,-3488,-17920,-167,112,27
1468,-3476,-17984,-164,72,7
1532,-3544,-17972,-150,113,-7
1496,-3536,-17988,-168,103,-5
1508,-3512,-17988,-171,134,27
1596,-3428,-18044,-153,95,5
1472,-3484,-18032,-161,101,5
1488,-3516,-17904,-173,101,33
1492,-3548,-18140,-152,97,18
1488,-3480,-18060,-168,101,10
1440,-3456,-17800,-142,112,18
1492,-3500,-17972,-173,106,-8
1448,-3432,-17944,-166,66,9
1440,-3516,-18016,-157,127,-2
1484,-3380,-17808,-174,101,-1
1496,-3524,-18016,-161,110,17
1560,-3456,-18032,-151,74,10
1480,-3452,-17944,-165,121,-8
1416,-3456,-18064,-163,99,11
1548,-3516,-18116,-160,115,8
1436,-3460,-17740,-148,84,23
1484,-3432,-18048,-156,84,14
1500,-3520,-17952,-161,94,-1
1448,-3496,-17944,-143,76,17
1576,-3452,-17984,-163,97,12
1496,-3456,-17928,-149,82,0
1560,-3464,-17900,-158,81,3
1448,-3476,-18108,-155,94,2
1540,-3496,-17920,-165,97,15
1588,-3556,-18080,-166,100,17
1496,-3508,-17868,-156,92,25
1528,-3504,-17888,-150,90,-3
1484,-3448,-17964,-165,103,14
1468,-3392,-18052,-169,120,22
1452,-3528,-17956,-159,137,16
1616,-3392,-17952,-162,106,-6
1552,-3464,-17900,-153,71,7
1432,-3564,-17944,-126,107,-3
1532,-3420,-18040,-166,96,7
1396,-3444,-17832,-162,92,12
1552,-3544,-17916,-162,92,8
1472,-3532,-18000,-155,95,4
1516,-3528,-18016,-164,102,14
1584,-3540,-18032,-164,85,-6
1556,-3568,-17976,-157,99,11
1472,-3468,-17924,-158,80,4
1480,-3456,-17888,-155,126,24
1516,-3536,-17820,-156,75,12
1540,-3480,-17984,-153,101,11
1540,-3460,-17892,-168,94,29
1500,-3440,-17820,-178,78,9
1520,-3464,-17920,-163,117,-7
1568,-3544,-17972,-160,123,13
1516,-3560,-17812,-158,79,7
1456,-3428,-18068,-173,74,0
1484,-3500,-18068,-161,123,4
1484,-3564,-17960,-163,102,-10
1548,-3536,-18024,-163,82,15
1476,-3500,-17972,-167,108,3
1508,-3456,-17940,-154,99,-3
1452,-3504,-17908,-148,126,43
1484,-3608,-17992,-169,72,25
1548,-3492,-18024,-144,126,7
1404,-3512,-17812,-148,74,13
1436,-3444,-17924,-173,126,6
1472,-3504,-17908,-161,80,6
1412,-3456,-17900,-167,107,4
1556,-3532,-18056,-176,141,-13
1500,-3548,-17940,-170,84,11
1496,-3508,-17964,-144,94,24
1464,-3536,-17952,-153,126,8
1532,-3488,-17888,-165,78,2
1408,-3600,-18136,-161,97,22
1512,-3484,-17864,-151,121,10
1472,-3444,-18052,-162,100,-3
1440,-3584,-17984,-152,90,24
1496,-3424,-17988,-166,116,5
1440,-3480,-18068,-163,123,2
1592,-3540,-17944,-157,91,17
1480,-3496,-18008,-165,74,-10
1344,-3452,-17840,-159,80,30
1564,-3472,-17908,-159,83,-14
1520,-3516,-18068,-145,108,19
1564,-3420,-17988,-157,96,3
1512,-3464,-17840,-162,107,22
1428,-3464,-18040,-154,79,21
1536,-3488,-17936,-155,107,1
1540,-3524,-17840,-165,108,35
1484,-3580,-17744,-162,54,-6
1472,-3524,-17840,-149,123,21
1504,-3504,-18016,-159,96,32
1356,-3476,-17976,-172,121,-6
1376,-3520,-18068,-164,81,19
1524,-3580,-17992,-155,110,9
1544,-3516,-17872,-152,79,15
1516,-3528,-17860,-167,122,7
1428,-3532,-18124,-161,112,-3
1616,-3472,-17924,-173,92,23
1528,-3428,-18036,-164,70,-5
1500,-3504,-17864,-165,139,-12
1464,-3496,-17988,-146,113,8
1496,-3528,-17824,-168,90,-11
1424,-3484,-18032,-186,75,22
1428,-3516,-18112,-177,141,13
1464,-3528,-18016,-163,99,20
1496,-3504,-17856,-159,85,9
1508,-3552,-17956,-172,104,3
1392,-3572,-17984,-144,100,3
1524,-3448,-17768,-176,102,19
1480,-3464,-17920,-140,99,30
1520,-3556,-17832,-168,114,7
1480,-3400,-17892,-152,83,1
1396,-3524,-18036,-166,85,-8
1524,-3500,-17804,-159,104,20
1528,-3544,-17828,-156,96,12
1476,-3508,-18076,-169,102,23
1384,-3464,-17968,-143,74,10
1516,-3488,-17988,-163,80,5
1508,-3432,-17928,-153,83,3
1408,-3592,-17916,-173,110,27
1428,-3392,-17864,-160,111,-2
1428,-3372,-17988,-151,98,15
1384,-3440,-17900,-149,78,6
1532,-3460,-17848,-147,103,29
1636,-3516,-18100,-148,105,22
1424,-3468,-18136,-158,111,7
1452,-3452,-18100,-146,88,10
1444,-3540,-17948,-169,87,36
1384,-3412,-18000,-169,88,17
1528,-3392,-17856,-163,58,38
