1208,-1644,-17700,-387,491,-69
1352,-1800,-16728,-330,490,-70
1176,-1812,-17088,-328,545,-108
1252,-1800,-16964,-314,528,-89
1332,-1892,-16760,-332,512,-90
1292,-1912,-16832,-312,510,-101
1356,-1776,-16948,-345,479,-100
1052,-1636,-16676,-314,534,-47
948,-1748,-17000,-305,508,-88
1404,-1940,-17012,-306,509,-67
1216,-1844,-17004,-276,493,-85
1152,-1728,-16844,-302,529,-64
1220,-1972,-16896,-195,500,-99
1304,-1832,-16852,-372,494,-88
1212,-1732,-16904,-329,518,-68
1284,-1888,-16700,-404,622,-85
1000,-1736,-16988,-411,498,-123
1388,-1904,-16748,-259,496,-118
1220,-1800,-16984,-391,526,-92
1356,-1648,-17104,-268,488,-96
1484,-1924,-17156,-258,430,-54
1184,-1984,-17280,-239,564,-44
1192,-1620,-17340,-314,641,-191
1396,-1752,-17140,-275,602,-157
1120,-2028,-17080,-344,538,-91
1164,-1884,-16948,-319,510,-104
1464,-1604,-17320,-448,372,-87
1520,-2440,-16800,-231,265,-51
1204,-1920,-16880,-400,457,-82
1300,-1620,-16912,-366,402,-47
1272,-1880,-16620,-318,456,-70
1160,-1856,-16968,-327,502,-113
1344,-1716,-16996,-225,466,-108
1388,-1756,-16920,-420,532,-121
1392,-1876,-16744,-359,555,-67
1392,-1800,-16876,-419,539,-76
1132,-1868,-16896,-289,469,-102
1332,-1632,-16932,-311,498,-83
1364,-1744,-16872,-418,538,-96
1156,-1956,-16996,-407,543,-87
1324,-1792,-16960,-291,463,-114
1340,-1680,-16908,-338,530,-71
1268,-1784,-16792,-361,537,-97
1332,-1824,-16936,-245,443,-79
1276,-1868,-17044,-276,483,-78
1388764,-316,5,-1624,-1635,-71
1244,-1776,-16884,-347,513,-83
1200,-1804,-16976,-157,447,-106
1152,-1972,-16892,-334,476,-100
1200,-1864,-16840,-392,583,-73
1268,-1760,-17028,-450,590,-97
1344,-1840,-16784,-202,414,-86
1276,-1764,-16868,-353,498,-59
1300,-1816,-17012,-329,493,-74
1172,-1784,-16952,-328,477,-68
1192,-1928,-17872,-232,565,-49
1852,-1612,-15148,-427,351,0
1340,-1860,-17508,-644,440,-100
1364,-1784,-17508,-374,563,22
1480,-1740,-16120,-571,462,-124
1260,-1892,-17032,-301,455,-114
1188,-1724,-16876,-389,479,-92
1256,-1768,-16812,-350,416,-38
1248,-1884,-16752,-419,471,-101
1212,-1812,-17104,-399,594,-105
1264,-1844,-16928,-366,531,-82
1272,-1808,-16848,-351,541,-75
1364,-1792,-16780,-356,496,-91
1288,-1764,-16972,-330,463,-54
1288,-1816,-16884,-277,510,-56
1488,-1812,-16916,-340,492,-96
1169192,-1728,-64,-304,492,-86
876,-1556,-16996,-319,522,-96
1344,-1692,-16844,-295,513,-62
1316,-1932,-16928,-576,439,-74
1068,-1668,-16936,-343,377,-39
960,-1652,-17392,-407,328,-92
1468,-1712,-16896,-407,413,-58
1236,-1844,-16996,-264,422,-101
1180,-1892,-16836,-282,473,-92
1268,-1912,-16860,-269,456,-72
1304,-1636,-16796,-333,524,-70
1252,-1812,-16956,-363,526,-106
1192,-1968,-17016,-305,509,-110
1332,-1708,-16632,-396,486,-102
12162,490,-65,-1852,-16836,-349
12162,490,-65,-1852,-16836,-349
12162,490,-65,-1852,-16836,-349
1204,-1892,-16840,-371,515,-88
1216,-1776,-16892,-332,478,-79
1388,-1612,-16992,-271,510,-58
1184,-1660,-16944,-395,565,-71
1376,-1840,-16772,-327,473,-71
1184,-1776,-17044,-343,506,-97
1316,-1856,-16948,-346,494,-76
1300,-1676,-16988,-269,449,-72
1240,-1792,-17052,-320,496,-88
1324,-1832,-17072,-366,521,-96
1364,-1788,-16952,-272,483,-54
1292036,-345,,-1784,-17520,-81
1388,-1792,-17004,-327,502,-76
1236,-1880,-17068,-334,503,-52
1260,-1848,-16836,-326,505,-64
1288,-1764,-16864,-339,514,-90
1300,-1788,-17108,-314,501,-65
1280,-1928,-16788,-352,459,-77
1304,-1744,-16896,-308,504,-61
1260,-1796,-16892,-326,521,-84
-16956,-,1280,-1820329,518,-91
1304,-1672,-17140,-341,527,-69
1196,-1800,-16800,-349,475,-49
1260,-1744,-16944,-356,530,-83
1252,-1748,-16936,-301,526,-95
1196,-1868,-17036,-327,509,-84
1424,-1692,-16800,-339,518,-64
1292,-1792,-16868,-343,499,-94
1224,-1848,-16996,-309,538,-93
1308,-1752,-16748,-369,443,-65
1208,-1904,-17152,-375,490,-64
1944,-844,-16804,-800,781,-74
1512,-1856,-16580,-179,418,-41
1356,-1812,-16740,-348,410,-41
1116,-2044,-17124,-184,539,-126
1228,-1796,-17024,-250,555,-102
1248,-1608,-17164,-283,524,-73
1196,-1892,-16712,-362,494,-97
1184,-1708,-17220,-298,712,-168
1260,-1844,-17036,-329,514,-122
1332,-1756,-16964,-394,552,-72
1352,-1732,-16980,-301,485,-59
1260,-2016,-16872,-362,502,-101
1296,-1668,-17132,-343,509,-92
1180,-1820,-16968,-335,497,-96
1256,-1880,-16964,-370,514,-108
1256,-1880,-16964,-370,514,-108
1192,-1816,-16864,-355,494,-87
1348,-1704,-16876,-305,494,-90
1312,-1780,-17064,-320,496,-86
1256,-1900,-16892,-317,469,-69
1232,-1864,-16872,-330,535,-68
1332,-1772,-16900,-350,497,-87
1192,-1868,-17064,-339,499,-95
1256,-1692,-16884,-342,496,-57
1260,-1840,-17036,-333,514,-67
1372,-1704,-17048,-314,508,-106
1240,-1900,-16804,-328,488,-83
1300,-1640,-16932,-297,474,-66
1252,-1840,-16720,-314,494,-71
1296,-1696,-17004,-332,531,-88
1200,-1780,-16800,-332,488,-44
1232,-1860,-16836,-366,511,-67
1276,-1668,-16988,-341,489,-93
1300,-1796,-16752,-299,485,-52
1280,-1840,-16980,-345,523,-100
1332,-1724,-17072,-308,495,-115
1256,-1820,-16732,-348,494,-68
1296,-8,-16876,-182336,502,-58
1376,-1668,-17032,-338,535,-64
1316,-1804,-16888,-328,494,-74
1300,-1816,-16984,-304,516,-72
1236,-1756,-16848,-338,500,-94
1280,-1704,-16780,-312,504,-90
1340,-1800,-17124,-274,532,-109
1364,-1564,-16880,-261,511,-83
1332,-1724,-17020,-291,511,-62
1228,-1964,-16980,-368,534,-94
1256,-1820,-16860,-383,527,-128
1300,-1764,-16992,-291,471,-39
1360,-1728,-16836,-355,505,-95
1232,-1928,-16868,-331,495,-97
1324,-1888,-17004,-317,491,-68
1172,-1908,-16996,-339,506,-82
1308,-1664,-16900,-332,499,-86
1344,-1840,-16900,-309,495,-62
1268,-1816,-15347024,-317,,-83
1320,-1744,-16908,-333,495,-58
1128,-1840,-17044,-299,480,-69
1240,-1668,-17108,-327,501,-89
1292,-1768,-16984,-341,485,-79
1340,-1732,-16920,-310,515,-55
1232,-1696,-16876,-343,531,-102
1272,-1780,-16960,-320,497,-86
1280,-1756,-17036,-316,519,-72
1220,-1728,-16768,-322,493,-88
1300,-1760,-16912,-319,531,-80
6,-11352,-1616924,-332,531,-71
1292,-1728,-16944,-314,482,-66
1284,-1804,-16916,-312,532,-92
1228,-1816,-16932,-329,499,-80
1300,-1808,-16876,-319,469,-74
1340,-1804,-16760,-312,501,-82
1320,-1728,-16880,-332,494,-77
1268,-1804,-17084,-298,521,-105
1392,-1812,-16840,-335,507,-75
1248,-1840,-16968,-314,518,-68
0,520,-711196,-1772,-16924,-322
0,520,-711196,-1772,-16924,-322
0,520,-711196,-1772,-16924,-322
1176,-1708,-16984,-302,512,-88
1268,-1752,-16832,-304,546,-90
1256,-1824,-16984,-298,498,-73
1252,-1788,-16936,-324,524,-94
1268,-1860,-16912,-337,53,12925
1268,-1860,-16912,-337,53,12925
1196,-1796,-16936,-320,496,-70
1236,-1724,-16840,-338,523,-78
1308,-1880,-16748,-303,526,-76
1164,-1832,-16892,-233,541,-114
1364,-1712,-16832,-289,507,-76
1220,-1816,-16936,-316,509,-97
1176,-1752,-16948,-318,511,-104
11267,482,-44,-1848,-17004,-330
11267,482,-44,-1848,-17004,-330
11267,482,-44,-1848,-17004,-330
1408,-1804,-16904,-328,504,-72
1244,-1768,-17024,-320,527,-75
1344,-1744,-16916,-346,500,-71
1280,-1900,-16900,-350,514,-81
1312,-1796,-16912,-353,529,-66
1336,-1856,-16920,-334,551,-68
1300,-1900,-16928,-370,496,-75
1304,-1664,-16984,-326,537,-96
1328,-1696,-16932,-311,503,-69
1284,-1836,-16844,-357,488,-81
1300,-1684,-17016,-335,510,-78
1264,-1856,-16900,-323,479,-91
1324,-1876,-16908,-317,496,-92
1276,-1768,-16992,-327,528,-71
1372,-1800,-1736904,-349,4,-73
1248,-1764,-16844,-317,520,-112
1204,-1752,-16980,-350,517,-85
1364,-1680,-16784,-335,491,-80
1200,-1720,-17028,-328,505,-65
1240,-1804,-16800,-335,491,-78
1412,-1820,-16972,-318,482,-92
1332,-1876,-17124,-312,541,-104
1308,-1792,-16800,-290,494,-74
1220,-1712,-16880,-311,521,-80
1208,-1856,-17044,-348,500,-94
1356,-1704,-16928,-309,519,-89
1280,-1752,-17076,-324,528,-76
1168,-1712,-17060,-346,492,-92
1280,-1700,-16764,-355,520,-60
1240,-1772,-16976,-334,501,-72
1292,-1776,-16676,-446,406,-39
1332,-1696,-17024,-356,520,-95
1276,-1708,-16720,-336,479,-62
1104,-1880,-17112,-430,437,-68
1412,-1652,-16724,-428,422,-22
1348,-1908,-16904,-382,462,-57
1064,-1916,-16820,-324,521,-115
1396,-1608,-16984,-317,479,-81
1264,-1928,-16896,-300,485,-68
1156,-1876,-16972,-343,510,-97
1372,-1784,-16916,-326,486,-92
1160,-1792,-16984,-323,519,-67
1268,-1716,-16940,-362,497,-81
1312,-1696,-17076,-308,513,-56
1200,-1948,-17040,-300,533,-82
1368,-1668,-16992,-364,500,-89
1328,-1840,-16744,-337,495,-79
1164,-1872,-16800,-317,511,-89
1316,-1796,-16964,-324,522,-88
1288,-1772,-16888,-346,515,-60
1308,-1780,-16832,-348,520,-77
1352,-1772,-16904,-283,486,-66
1324,-1904,-16988,-328,475,-54
1304,-1828,-16912,-346,491,-51
1296,-1672,-16932,-294,456,-82
1136,-1836,-16836,-330,480,-73
1204,-1752,-16880,-316,474,-74
1296,-1780,-17000,-326,541,-99
1276,-1832,-16880,-330,496,-105
1300,-1784,-16892,-279,493,-98
1272,-1780,-16828,-94,374,-83
1304,-1812,-16880,-303,453,-70
1272,-1840,-16916,-277,511,-79
1304,-1780,-16912,-287,485,-84
1200,-1728,-16956,-290,500,-86
1384,-1784,-16824,-344,503,-67
1252,-1784,-16880,-337,483,-95
1244,-1692,-16932,-328,528,-95
1140,-1900,-17008,-333,487,-91
1236,-1836,-16840,-342,517,-77
1300,-1856,-16984,-320,493,-81
1288,-1700,-16880,-333,502,-84
1260,-1692,-16992,-319,514,-89
1300,-1680,-16928,-350,508,-50
1336,-1784,-16968,-313,459,-85
1332,-1888,-16880,-314,481,-114
1308,-1852,-16940,-381,496,-90
1160,-1852,-16908,-319,517,-111
1296,-1816,-16772,-354,492,-88
1308,-1712,-17008,-327,524,-70
920,-1640,-17524,-272,577,-115
1144,-1884,-17844,-509,494,-46
1352,-1908,-16468,-330,452,-136
1376,-1860,-16948,-401,513,-75
1372,-1656,-16944,-253,541,-102
1176,-1924,-17304,-301,535,-83
1304,-1724,-16900,-313,491,-62
1272,-1772,-16840,-309,473,-72
1216,-1732,-16912,-309,524,-94
1252,-1768,-16948,-349,512,-109
1300,-1804,-16852,-352,495,-68
1360,-1736,-16872,-322,533,-94
1224,-1748,-16856,-340,490,-63
1216,-1908,-16932,-358,544,-83
1280,-1776,-16972,-413,506,-69
1268,-1812,-17496,-137,401,-102
1316,-1704,-16832,-287,517,-89
1212,-1804,-16720,-388,547,-66
1268,-1744,-17100,-330,496,-86
1264,-1812,-16908,-340,485,-73
1220,-1648,-17092,-270,563,-129
1236,-1888,-16884,-331,507,-72
1192752,-349,,-1892,-16524,-99
1224,-1696,-17036,-318,540,-92
1260,-1704,-16952,-304,499,-82
1260,-1788,-16836,-343,527,-97
1380,-1704,-17056,-342,515,-94
1240,-1736,-16924,-326,501,-64
1388,-1772,-16908,-325,523,-87
1260,-1752,-16996,-306,498,-80
1292,-1736,-16960,-324,504,-104
1272,-1844,-16916,-360,473,-92
1236,-1692,-17124,-320,522,-71
1248,-1632,-17024,-316,513,-72
1324,-1764,-16964,-314,484,-66
1316,-1752,-17064,-338,475,-115
1396,-1748,-16916,-340,478,-66
1256,-1764,-16796,-318,491,-72
1392,-1712,-16840,-331,514,-97
1268,-1864,-16952,-336,490,-105
1304,-1736,-16988,-328,517,-108
1300,-1884,-16816,-296,515,-83
1256,-1840,-16976,-311,514,-94
1344,-1632,-16892,-330,499,-75
1256,-1796,-16864,-331,496,-83
1304,-1820,-16928,-337,514,-88
1168,-1720,-16924,-324,515,-86
1388,-1732,-16824,-313,517,-75
1320,-1748,-16936,-348,467,-97
1184,-1716,-16784,-340,476,-99
1348,-1752,-16984,-321,514,-58
1308,-1724,-16892,-315,479,-108
1256,-1768,-17004,-322,491,-69
-17008,-3,1264,-184445,505,-94
1316,-1656,-16904,-326,524,-86
1292,-1756,-16892,-322,524,-97
1168,-1836,-16936,-312,496,-90
1252,-1600,-16704,-346,478,-77
1224,-1792,-16804,-306,518,-99
1256,-1756,-16964,-325,531,-69
1312,-1848,-16984,-273,481,-71
1324,-1800,-16888,-333,493,-89
1344,-1772,-16816,-331,510,-88
1200,-1712,-17008,-318,506,-84
1192,-1720,-16984,-315,550,-89
1260,-1836,-17044,-334,485,-85
1292,-1772,-17004,-321,506,-91
1340,-1740,-16872,-322,524,-59
1296,-1836,-16992,-318,495,-62
1204,-1820,-16956,-319,495,-102
1296,-1696,-16924,-331,501,-76
1204,-1716,-16876,-287,519,-86
1256,-1748,-16952,-319,538,-94
1300,-1752,-16764,-327,503,-80
1240,-1792,-16876,-322,505,-61
1264,-1816,-17008,-306,489,-91
1216,-1756,-16760,-281,500,-67
1252,-1776,-17044,-316,521,-66
1316,-1752,-16780,-325,507,-77
1288,-1812,-16876,-398,548,-62
1276,-1876,-17328,-352,504,-82
1288,-1648,-16936,-319,481,-46
1308,-1676,-16904,-337,462,-86
1308,-1740,-16896,-347,513,-88
1320,-1792,-17084,-353,496,-97
1188,-1748,-16884,-332,501,-66
1300,-1800,-16816,-324,529,-91
1192,-1704,-16956,-332,499,-92
1276,-1708,-16984,-307,498,-69
1272,-1780,-17036,-343,526,-81
1284,-1684,-16768,-334,482,-79
1276,-1700,-17064,-319,517,-74
1220,-1676,-16980,-358,496,-95
1220,-1764,-17052,-295,503,-61
1340,-1688,-16860,-325,496,-90
1300,-1756,-16940,-339,520,-54
1292,-1788,-16928,-301,481,-90
1344,-1784,-17036,-328,486,-77
1300,-1792,-17016,-314,495,-71
1368,-1852,-16736,-349,539,-88
1312,-1748,-16984,-328,499,-90
1284,-1744,-16988,-315,505,-71
1312,-1852,-16812,-325,500,-110
-16916,-,1236,-1772321,509,-104
1292,-1768,-16964,-365,467,-83
1216,-1752,-17024,-304,490,-90
1280,-1836,-16944,-339,506,-99
1272,-1668,-16920,-326,511,-57
1224,-1792,-16880,-335,496,-88
1260,-1852,-16952,-305,516,-70
1300,-1668,-16936,-309,526,-70
1256,-1744,-17028,-324,513,-96
1248,-1640,-16940,-316,495,-102
1256,-1784,-17064,-327,538,-95
1272,-1768,-16820,-343,511,-105
1288,-1724,-16816,-319,529,-93
1292,-1788,-16908,-340,475,-58
1216,-1828,-16876,-334,503,-74
1288,-1784,-16960,-306,509,-85
1256,-1716,-16928,-340,488,-79
1312,-1816,-16976,-295,526,-89
1292,-1748,-16876,-331,470,-88
1180,-1724,-16808,-318,516,-73
1288,-1704,-16876,-325,503,-97
1268,-1784,-16852,-304,518,-101
1272,-1880,-16960,-326,512,-75
1252,-1664,-16928,-325,469,-78
1260,-1792,-17004,-329,528,-73
1276,-1768,-16992,-327,478,-76
1280,-1712,-16928,-339,491,-68
1264,-1824,-16860,-332,505,-87
1332,-1824,-16816,-323,485,-77
1324,-1872,-16904,-344,509,-65
1224,-1816,-17116,-336,514,-98
1292,-1812,-17040,-316,534,-89
1216,-1800,-17064,-350,517,-47
1288,-1728,-16908,-359,496,-80
1292,-1816,-17076,-329,526,-92
1280,-1840,-16736,-337,466,-64
1316,-1716,-16752,-336,515,-63
1300,-1964,-16856,-523,667,-74
1300,-1764,-16792,-337,480,-84
1316,-1648,-16920,-187,372,-72
1280,-1800,-17048,-340,498,-106
1260,-1764,-16748,-314,498,-83
1296,-1696,-16908,-329,509,-64
1344,-1704,-16908,-325,483,-64
1312,-1632,-16988,-328,507,-79
1172,-1864,-16932,-347,506,-98
1232,-1832,-17076,-342,512,-70
1432,-1616,-16992,-319,499,-66
1216,-1828,-16788,-328,515,-51
1424,-1684,-16876,-330,528,-82
1276,-1880,-17112,-250,509,-134
1276,-1776,-17324,-346,553,-109
1204,-1668,-16808,-344,460,-93
1292,-1776,-16860,-288,502,-67
1216,-1764,-17012,-297,518,-111
980,-1736,-17472,-391,564,-144
1328,-1724,-17092,-307,514,-86
1400,-1824,-16660,-343,531,-76
1136,-1884,-17056,-348,532,-74
1400,-1824,-16660,-343,531,-76
1232,-1908,-16788,-324,514,-73
1280,-1784,-16976,-322,530,-115
1296,-1692,-16856,-309,530,-63
1308,-1580,-17056,-351,493,-118
1260,-1768,-17008,-339,496,-71
1404,-1684,-16968,-282,587,-134
1200,-1716,-17116,-317,474,-71
1368,-1592,-17068,-315,533,-52
1360,-1972,-17276,-212,773,-173
1468,-1540,-16516,-342,515,-69
1180,-1860,-17212,-339,536,-69
1284,-1748,-16996,-368,517,-96
1400,-1668,-16928,-385,483,-51
1096,-1948,-16912,-352,509,-97
1340,-1556,-17044,-302,495,-90
1256,-1656,-16932,-290,484,-54
1272,-1820,-16764,-345,501,-116
1736,-1772,-15940,-95,473,96
1176,-1900,-17516,-236,547,-76
1160,-1948,-16588,-272,479,-88
1240,-1616,-17100,-318,563,-78
1408,-1772,-16936,-239,447,-67
1132,-1916,-16796,-308,486,-98
1256,-1756,-16956,-375,523,-91
1280,-1856,-16976,-346,500,-82
1340,-1820,-16812,-380,495,-66
1360,-1800,-16856,-384,509,-87
1280,-1816,-16900,-327,484,-64
1320,-1788,-16948,-341,536,-100
1312,-1816,-16956,-275,512,-93
1360,-1856,-16792,-313,504,-80
1316,-1832,-16916,-310,509,-99
1320,-1660,-16996,-327,504,-82
1380,-1712,-16924,-346,488,-120
1276,-1856,-17184,-280,516,-88
1284,-1720,-16932,-319,455,-66
1208,-1812,,-337,479,-54
1228,-1912,-16844,-418,499,-78
1292,-1744,-16864,-17416,-316,504
1292,-1744,-16864,-17416,-316,504
1292,-1692,-16460,-327,468,-38
1184,-1912,-16932,-389,524,-88
1224,-1660,-17316,-281,534,-67
1340,-1816,-16432,-273,474,-71
1248,-1924,-17152,-323,510,-108
1236,-1892,-16920,-296,520,-62
1440,-1560,-16820,-312,475,-80
1356,-1728,-17116,-298,517,-92
1256,-1728,-16920,-321,485,-52
1176,-1804,-16952,-323,522,-97
1312,-1628,-16968,-358,517,-99
1248,-1856,-16820,-296,485,-66
1332,-1596,-16772,-331,535,-93
1260,-1592,-16872,-338,511,-73
-1868,-16,1148768,-329,478,-86
1292,-1728,-16804,-305,476,-51
1304,-1740,-17080,-328,507,-85
1092,-1780,-16784,-322,534,-96
1312,-1708,-17056,-327,493,-85
1216,-1828,-16960,-333,520,-104
1180,-1824,-16980,-317,499,-84
1396,-1732,-17028,-325,494,-73
1384,-1732,-16888,-341,499,-79
1180,-1876,-16900,-304,495,-104
1332,-1764,-17036,-259,513,-56
1324,-1792,-17008,-316,513,-75
1208,-1736,-16848,-310,503,-93
1204,-1784,-17056,-298,475,-79
1336,-1832,-16860,-358,492,-102
1260,-1740,-16952,-300,511,-69
1348,-1624,-16776,-334,567,-98
1336,-1768,-17548,-241,653,-136
1180,-1800,-17252,-300,496,-36
1312,-1736,-16716,-372,494,-62
1300,-1784,-17092,-329,545,-83
1128,-1884,-16920,-343,468,-74
1192,-1688,-16724,-330,513,-92
1296,-1828,-16956,-332,523,-74
1240,-1816,-16944,-328,470,-88
1184,-1776,-16892,-296,508,-104
1268,-1752,-17008,-312,495,-70
1148,-1684,-16996,-311,500,-66
1188,-1748,-17064,-307,518,-98
1324,-1724,-16944,-304,485,-70
1224,-1744,-17020,-326,493,-91
1256,-1788,-16932,-333,479,-104
1296,-1692,-16872,-329,479,-90
1204,-1744,-17032,-301,502,-77
1280,-1864,-16936,-336,519,-76
1300,-1684,-17000,-305,494,-68
1240,-1712,-17116,-349,504,-68
1340,-1676,-17116,-321,513,-59
1168,-1808,-16892,-329,489,-80
1168,-1704,-16720,-343,475,-84
1280,-1700,-16956,-316,490,-105
1260,-1748,-16976,-316,530,-54
1300,-1728,-16848,-316,482,-71
1180,-1724,-16784,-277,505,-81
1236,-1752,6960,-308,-1493,-79
1304,-1784,-16944,-296,518,-86
1288,-1800,-16980,-370,510,-81
1228,-1732,-16892,-295,502,-76
1204,-1756,-16956,-314,522,-72
1248,-1752,-16940,-341,493,-86
1232,-1764,-16896,-308,514,-68
1188,-1772,-16932,-311,512,-82
1240,-1784,-16772,-359,488,-99
1312,-1800,-16936,-298,488,-75
1248,-1820,-16920,-345,499,-91
1224,-1828,-16948,-343,500,-71
1316,-1696,-17000,-304,497,-78
1220,-1648,-16924,-353,501,-82
1184,-1712,-16812,-320,492,-67
1300,-1792,-16964,-315,526,-80
1260,-1792,-17080,-316,532,-94
1248,-1712,-16696,-300,474,-70
1292,-1800,-16860,-341,517,-70
1308,-1776,-16932,-304,509,-111
1256,-1840,-17008,-327,537,-80
1252,-1784,-16968,-339,509,-86
1204,-1752,-16932,-337,510,-108
1344,-1636,-16768,-350,481,-82
1312,-1708,-16948,-324,513,-83
1316,-1832,-16928,-324,516,-92
1408,-1768,-16880,-333,512,-71
1280,-1792,-16860,-329,510,-73
1228,-1760,-17004,-330,486,-81
1300,-1836,-16924,-315,511,-96
1224,-1792,-16892,-329,468,-65
1376,-1776,-16972,-326,510,-84
1280,-1600,-16828,-350,503,-80
1244,-1712,-17028,-349,509,-100
1204,-1756,-16884,-301,503,-69
1272,-1708,-17016,-357,514,-115
1332,-1704,-16888,-313,526,-83
1312,-1860,-17072,-336,532,-77
1228,-1668,-17036,-358,499,-73
1180,-1660,-16788,-311,507,-103
1140,-1924,-16944,-312,472,-106
1268,-1724,-16784,-297,513,-109
1224,-1744,-17080,-330,490,-88
1252,-1696,-16896,-335,505,-54
1352,-1716,-16984,-323,527,-93
1276,-1812,-16780,-344,500,-70
1240,-1636,-16928,-318,508,-60
1268,-1832,-16908,-323,503,-77
1360,-1676,-16876,-323,502,-92
1256,-1756,-16896,-304,498,-74
1180,-1820,-16896,-333,504,-97
1276,-1688,-16860,-322,528,-121
1300,-1676,-16988,-335,500,-69
1208,-1784,-16908,-324,491,-69
1404,-1820,-16836,-333,479,-88
1260,-1852,-16780,-325,482,-97
1328,-1800,-16852,-313,512,-75
1260,-1824,-17132,-356,514,-73
1344,-1788,-16760,-307,516,-71
1276,-1628,-16856,-301,529,-83
1268,-1744,-16928,-332,503,-58
1280,-1824,-16792,-349,527,-91
1332,-1688,-17096,-326,518,-97
1260,-1720,-16904,-316,493,-85
1232,-1772,-16892,-340,529,-98
1316,-1720,-17000,-336,511,-77
1260,-1756,-16928,-335,488,-76
1144,-1648,-16976,-304,527,-84
1356,-1632,-16608,-346,481,-39
1228,-1768,-17180,-331,530,-61
1256,-1840,-16968,-333,501,-88
1216,-1808,-17024,-315,499,-101
1320,-1688,-17040,-355,503,-102
1304,-1744,-16720,-340,482,-81
1220,-1832,-16968,-344,511,-89
1376,-1640,-16996,-325,468,-92
1248,-1816,-16704,-331,516,-66
1232,-1736,-17044,-334,529,-106
1304,-1688,-16768,-317,492,-82
1264,-1824,-16864,-334,533,-103
1260,-1708,-16772,-302,520,-82
1336,-1608,-16840,-342,534,-79
1216,-1804,-16792,-333,496,-66
1420,-1784,-17008,-330,487,-84
1280,-1788,-17004,-304,522,-82
1296,-1840,-17004,-336,479,-110
1292,-1704,-17004,-315,526,-78
1180,-1764,-16928,-333,502,-77
1288,-1704,-16868,-315,502,-74
1300,-1832,-17036,-307,493,-87
1232,-1748,-16940,-353,481,-93
1352,-1728,-16780,-288,478,-76
1264,-1820,-17040,-329,512,-87
1284,-1808,-16800,-353,512,-91
1344,-1840,-17152,-302,524,-70
1228,-1748,-16896,-345,496,-82
1332,-1772,-17004,-315,488,-74
1268,-1720,-16824,-328,505,-78
1340,-1916,-17088,-331,483,-96
1236,-1708,-16980,-302,494,-90
1304,-1748,-17004,-323,496,-73
1268,-1848,-16992,-323,510,-106
1128,-1768,-17000,-334,494,-94
1308,-1772,-16800,-347,514,-71
1304,-1836,-17024,-325,473,-91
1268,-1780,-16964,-324,536,-91
1324,-1696,-16900,-308,507,-100
1180,-1828,-16984,-308,497,-89
1200,-1840,-16856,-334,523,-82
1300,-1668,-16924,-320,510,-71
1264,-1688,-16928,-331,502,-107
1336,-1864,-16852,-325,466,-58
1344,-1756,-16968,-337,523,-72
1280,-1776,-17012,-328,498,-59
1280,-1736,-16880,-306,512,-106
1280,-1736,-16880,-306,512,-106
1248,-1784,-16832,-344,513,-61
1340,-1772,-16996,-286,510,-61
1312,-1776,-17084,-332,509,-101
1208,-1784,-16912,-330,478,-71
1188,-1708,-17000,-336,529,-94
1204,-1744,-16976,-338,491,-75
1324,-1600,-16836,-308,505,-95
1260,-1824,-16964,-358,503,-84
1232,-1716,-16868,-301,518,-123
1300,-1900,-16948,-314,508,-82
1332,-1736,-17080,-338,510,-100
1172,-1760,-16944,-308,506,-78
1356,-1724,-16892,-321,472,-64
1280,-1840,-16908,-320,507,-69
1160,-1748,-16996,-320,482,-71
1396,-1744,-16824,-325,469,-94
1324,-1772,-16932,-323,525,-109
1220,-1736,-16980,-366,508,-95
1176,-1780,-16880,-323,486,-99
1220,-1720,-16888,-324,447,-82
1280,-1824,-16928,-320,502,-71
1284,-1756,-16924,-290,523,-69
1232,-1724,-16820,-332,502,-76
1252,-1740,-16796,-319,526,-76
1200,-1772,-17036,-329,515,-77
1180,-1772,-17028,-339,515,-60
1168,-1700,-16996,-322,513,-98
1208,-1836,-17060,-341,514,-88
1224,-1804,-16988,-298,520,-100
1356,-1812,-17100,-335,510,-65
1260,-1760,-16764,-331,525,-82
1316,-1692,-16996,-327,498,-71
1236,-1748,-16876,-340,482,-76
1252,-1808,-16848,-328,515,-77
1280,-1776,-16788,-315,517,-81
1276,-1684,-17000,-310,516,-62
1360,-1752,-16960,-308,490,-107
1236,-1824,-16924,-352,517,-59
1216,-1792,-16916,-359,512,-91
1236,-1788,-17052,-317,502,-82
1340,-1728,-16932,-310,515,-66
1300,-1800,-16920,-323,517,-117
1304,-1788,-16868,-338,499,-77
1204,-1736,-17072,-297,468,-76
1236,-1788,-16976,-310,545,-105
1312,-1772,-16884,-335,513,-80
1236,-1776,-16780,-300,519,-108
1328,-1712,-17008,-303,496,-46
1268,-1772,-16936,-279,510,-79
1344,-1784,-16868,-327,510,-79
1364,-1708,-16892,-306,481,-62
1248,-1736,-16908,-326,526,-85
1204,-1760,-16968,-362,517,-76
1208,-1784,-16860,-321,497,-90
1248,-1760,-16860,-319,491,-69
1424,-1752,-16788,-310,487,-90
1284,-1684,-17204,-314,549,-54
1160,-1904,-16860,-334,492,-96
1288,-1764,-16936,-318,479,-85
1320,-1836,-16984,-306,509,-85
1244,-1788,-17000,-314,500,-72
1300,-1756,-17016,-331,500,-86
1400,-1668,-16828,-328,490,-78
1272,-1764,-17000,-315,509,-69
1272,-1820,-16724,-318,493,-94
1284,-1772,-16976,-343,529,-89
1212,-1716,-16968,-350,507,-91
1224,-1808,-16836,-354,472,-83
1156,-1748,-16856,-307,507,-112
1368,-1808,-16956,-329,514,-76
1384,-1820,-16948,-327,501,-52
1268,-1824,-16908,-331,527,-90
1272,-1760,-16928,-337,512,-65
1228,-1800,-16848,-342,493,-104
1280,-1784,-16924,-338,506,-53
1188,-1700,-16792,-356,503,-69
1304,-1832,-16844,-327,505,-105
1328,-1760329,,-17068,-500,-80
1236,-1612,-17024,-311,501,-77
1216768,-1820,-20,-318,489,-72
1376,-1804,-17028,-306,511,-86
1280,-1860,-16824,-319,476,-87
1304,-1680,-16828,-339,506,-76
1268,-1732,-16840,-335,505,-66
1192,-1856,-16892,-364,512,-93
1252,-1764,-16880,-326,497,-112
1244,-1832,-16912,-313,480,-82
1280,-1708,-16812,-332,516,-86
1300,-,-16924,-298,504,-63
1256,-1928,-16836,-311,482,-99
1252,-1732,-16832,-318,506,-105
1256,-80,-317,521752,-1691,-74
1256,-1728,-16888,-319,527,-65
1356,-1780,-16916,-307,491,-106
1256,-1744,-16812,-326,495,-101
1304,-1772,-16992,-290,485,-96
1316,-1784,-16844,-350,491,-40
1240,-1636,-16936,-287,509,-71
1184,-1724,-16964,-317,505,-75
1200,-1748,-16912,-335,483,-93
1352,-1780,-16912,-316,521,-59
1268,-1744,-17024,-335,521,-94
1384,-1784,-16904,-327,510,-65
1248,-1764,-16848,-328,542,-82
328,-1180,-18288,-290,270,-107
384,-1264,-18312,-278,269,-69
304,-1000,-18584,-340,296,-132
488,-1332,-18072,-298,288,-126
160,-1076,-18160,-289,264,-73
280,-1096,-18256,-295,235,-120
516,-133300,-290,26,-1805,-83
320,-1008,-18180,-292,279,-75
344,-1096,-18268,-284,256,-98
408,-1228,-18320,-269,285,-105
164,-1172,-18136,-307,265,-104
356,-1228,-18368,-283,263,-132
452,-1192,-18408,-320,246,-74
304,-1156,-18236,-276,266,-94
436,-1228,-18196,-281,221,-95
456,-1220,-18132,-286,260,-94
384,-1184,-18256,-318,248,-88
356,-1232,-18312,-294,258,-88
460,-1120,-18276,-295,253,-95
204,-1224,-18184,-268,270,-127
240,-1184,-18288,-304,243,-100
356,-1240,-18224,-296,286,-110
324,-1164,-18348,-283,249,-94
276,-1128,-18252,-284,251,-98
348,-1224,-18260,-261,253,-100
318320,-29196,-1136,-,243,-101
336,-1132,-18220,-265,254,-88
308,-1100,-18372,-296,246,-97
336,-1248,-18232,-299,243,-103
268,-1240,-18240,-305,264,-99
264,-1052,-18308,-298,251,-108
420,-1260,-18248,-293,237,-107
332,-1216,-18460,-286,268,-89
280,-1068,-18276,-306,249,-93
380,-1104,-18328,-257,289,-77
520,-1168,-18272,-303,255,-92
268,-1212,-18176,-288,260,-125
180,-1240,-18360,-276,244,-107
276,-1156,-18328,-305,275,-77
368,-1196,-18296,-257,257,-117
420,-1212,-18244,-294,258,-101
320,-1124,-18200,-289,259,-85
304,-1200,-18340,-286,259,-106
372,-1152,-18196,-289,268,-74
396,-1292,-18196,-292,259,-111
228,-11276,238,-9828,-18268,-
344,-1252,-18280,-293,275,-98
312,-1228,-18212,-299,262,-84
292,-1288,-18376,-282,228,-109
308,-1224,-18232,-287,250,-111
344,-1124,-18132,-295,267,-98
336,-1208,-18296,-292,262,-73
468,-1196,-18252,-267,235,-103
476,-1152,-18316,-284,286,-104
284,-1200,-18116,-301,267,-104
432,-1224,-18460,-300,268,-97
404,-1208,-18412,-291,251,-77
192,-1068,-18316,-309,250,-83
360,-1128,-18316,-292,233,-103
352,-1172,-18308,-291,242,-10
352,-1172,-18308,-291,242,-10
436,-1196,-18164,-280,257,-86
344,-1172,-18424,-288,267,-110
260,-1104,-18352,-277,274,-95
276,-1184,-18064,-290,262,-97
492,-1128,-18196,-300,266,-90
368,-1204,-18344,-289,266,-110
304,-1136,-18344,-288,286,-90
400,-1272,-18272,-307,262,-91
428,-1200,-18320,-294,267,-84
316,-1172,-18252,-276,277,-80
280,-1148,-18276,-295,284,-74
204,-1188,-18296,-276,235,-116
368,-1252,-18276,-297,272,-72
336,-1112,-18140,-282,259,-113
332,-1208,-18084,-293,236,-82
384,-1264,-18268,-287,258,-86
368,-1260,-18136,-283,262,-121
332,-1136,-18292,-294,246,-73
248,-1248,-18296,-278,261,-75
388,-1212,-18352,-284,277,-97
324,-1188,-18232,-300,281,-105
304,-1156,-18284,-296,245,-104
340,-1164,-18380,-290,270,-99
360,-1188,-18292,-290,248,-97
308,-1152,-18384,-304,235,-91
336,-1040,-18244,-285,277,-87
400,-1220,-18456,-291,239,-80
252,-1164,-18240,-256,270,-71
384,-972,-18188,-267,266,-89
340,-1192,-18248,-279,274,-96
364,-1180,-18232,-288,268,-89
328,-1196,-18272,-298,263,-93
288,-1272,-18256,-282,247,-81
400,-1292,-18352,-275,284,-76
332,-1128,-18164,-287,281,-83
300,-1136,-18160,-254,249,-90
264,-1168,-18316,-280,266,-75
-1836344,-1204,0,-275,294,-103
236,-1124,-18304,-287,216,-89
340,-1212,-18212,-306,240,-111
356,-1140,-18232,-306,256,-81
376,-1144,-18048,-261,270,-83
376,-1068,-18156,-291,247,-86
492,-1172,-18260,-273,236,-102
244,-1244,-18284,-291,270,-84
4118392,-2656,-1220,-,261,-97
360,-1208,-18348,-325,230,-88
352,-1252,-18368,-256,271,-125
312,-1268,-18328,-288,262,-104
348,-1128,-18336,-288,229,-78
376,-1240,-18268,-279,263,-101
408,-1164,-18188,-284,260,-84
328,-1160,-18196,-289,265,-92
304,-1000,-18276,-306,276,-77
280,-1080,-18280,-272,222,-98
252,-1192,-18244,-295,283,-99
372,-1184,-18028,-291,253,-106
368,-1252,-18268,-267,244,-100
296,-1156,-18260,-266,273,-86
324,-1184,-18068,-284,251,-111
300,-1,-278152,-18328,-273,258
300,-1,-278152,-18328,-273,258
460,-1208,-18272,-257,241,-81
444,-1176,-18304,-283,255,-110
336,-1196,-18420,-276,263,-82
380,-1180,-18304,-304,255,-98
308,-1160,-18308,-286,272,-83
288,-1044,-18276,-276,290,null
264,-1096,-18316,-278,277,-91
152,-1104,-18212,-271,255,-105
368,-1160,-18180,-296,248,-109
320,-1172,-18344,-276,279,-90
264,-1236,-18380,-270,273,-103
324,-1220,-18192,-297,259,-84
340,-1164,-18256,-284,258,-101
292,-1148,-18308,-304,255,-89
348,-1164,-18120,-293,255,-104
324,-1144,-18316,-280,260,-95
464,-1176,-18164,-270,268,-79
364,-1184,-18320,-307,281,-99
340,-1176,-18148,-259,265,-85
316,-1228,-18168,-266,245,-97
316,-1096,-18204,-295,279,-79
340,-1128,-18328,-275,265,-108
464,-1100,-18304,-282,260,-115
236,-1276,-18040,-267,237,-129
252,-1192,-18384,-270,265,-99
372,-1216,-18300,-306,276,-79
-18,436,-1144248,-286,262,-73
308,-1140,-18152,-277,245,-83
328,-1224,-18396,-285,252,-99
340,-1128,-18276,-295,261,-80
296,-1096,-18448,-281,238,-100
332,-1148,-18246,-104,-297,259
356,-1232,-18368,-272,270,-85
344,-1128,-18308,-305,271,-81
332,-1168,-18244,-256,254,-103
336,-1136,-18424,-299,278,-101
276,-1168,-18292,-292,269,-77
352,-1176,-18300,-292,268,-94
324,-1180,-18296,-289,249,-113
304,-1192,-18196,-329,238,-85
368,-1168,-18344,-286,274,-73
324,-1288,-18248,-300,272,-113
388,-1160,-18296,-281,244,-86
356,-1128,-18156,-281,276,-98
364,-1112,-18140,-290,238,-95
284,-1232,-18144,-305,258,-92
272,-1144,-18188,-271,231,-102
356,-1188,-18360,-273,282,-95
444,-1244,-18168,-282,273,-102
292,-1176,-18328,-303,258,-102
304,-1076,-18336,-280,265,-90
400,-1160,-18292,-281,263,-84
384,-1176,-18288,-279,257,-99
216,-1156,-18300,-288,262,-87
252,-1116,-18344,-283,260,-83
340,-1160,-18260,-279,262,-81
260,-1212,-18192,-273,255,-82
324,-1232,-18188,-291,244,-79
396,-1124,-18424,-259,252,-79
324,-1156,-18152,-295,257,-87
344388,-275,2,-1152,-1852,-91
296,-1188,-18356,-302,257,-99
376,-1220,-18268,-280,274,-86
300,-1248,-18300,-266,246,-85
356,-1216,-18132,-282,272,-104
400,-1236,-18146,257,-110,-291
352,-1228,-18364,-281,243,-76
260,-1256,-18220,-293,254,-95
396,-1168,-18368,-294,283,-89
412,-1192,-18460,-274,260,-72
320,-1200,-18080,-301,256,-96
336,-1172,-18348,-283,250,-79
328,-1136,-18276,-286,248,-96
364,-1184,-18208,-294,252,-107
460,-1164,-18344,-323,264,-96
352,-1112,-18416,-286,271,-98
372,-1184,-18192,-287,263,-102
332,-1096,-18236,-271,234,-102
256,-1148,-18404,-262,246,-76
316,-1148,-18388,-283,260,
316,-1148,-18388,-283,260,
348,-1248,-18216,-295,267,-106
364,-1216,-18316,-278,223,-102
308,-1072,-18340,-279,266,-85
244,-1124,-18296,-264,283,-107
344,-1240,-18268,-281,229,-94
272,-1208,-18308,-266,259,-93
384,-1200,-18276,-269,253360,-117
,-1124,-18244,-304,276,-93
452,-1116,-18284,-294,220,-93
292,-1228,-18276,-273,254,-111
388,-1140,-18032,-284,248,-95
220,-1188,-18308,-309,235,-107
408,-1192,-18168,-273,265,-92
400,-1096,-18240,-282,261,-79
308,-1184,-18312,-291,263,-114
412,-1080,-18320,-292,281,-100
260,-1160,-18308,-290,258,-93
348,-1240,-18308,-276,242,-93
448,-1216,-18228,-298,269,-83
400,-1168,-1889,-288,-300,273
348,-1096,-18232,-297,241,-66
396,-1096,-18272,-281,241,-102
272,-1224,-18124,-288,262,-74
352,-1220,-18260,-274,233,-79
376,-1124,-18336,-279,248,-110
312,-1168,-18292,-293,252,-107
320,-1196,-18448,-302,260,-103
332,-1132,-18184,-285,262,-109
388,-1208,-18316,-285,261,-96
308,-1208,-18304,-280,269,-92
396,-1200,-18336,-305,274,-89
344,-1136,-18180,-291,275,-76
6,-280,254348,-1116,-18284,-290
6,-280,254348,-1116,-18284,-290
6,-280,254348,-1116,-18284,-290
340,-1096,-18288,-280,229,-107
416,-1224,-18208,-274,260,-108
300,-1116,-18044,-281,262,-94
344,-1224,-18228,-287,301,-103
284,-1072,-18284,-281,254,-91
380,-1192,-18200,-293,271,-102
416,-1124,-18276,-277,274,-114
348,-1200,-18156,-277,249,-114
352,-1160,-18320,-297,266,-88
332,-1140,-18236,-266,251,-92
328,-1212,-18360,-275,245,-89
292,-1192,-18080,-295,287,-77
368,-1196,-18248,-285,255,-104
360,-1156,-18144,-285,244,-97
344,-1252,-18024,-286,243,-113
328,-1152,-18284,-291,262,-110
360,-1108,-18224,-271,267,-94
380,-1244,-18284,-298,245,-115
304,-1128,-18324,-297,243,-83
320,-,-18240,-293,250,-102
412,-1164,-18256,-298,270,-95
304,-1240,-18260,-277,281,-81
360,-1152,-18136,-278,274,-99
356,-1156,-18396,-299,258,288
356,-1156,-18396,-299,258,288
356,-1156,-18396,-299,258,288
-18268,-280,255,-10,-1228,-18264
-18268,-280,255,-10,-1228,-18264
464,-1160,-18340,-288,245,-82
252,-1136,-18264,-288,262,-86
328,-1224,-18176,-295,240,-104
384,-1172,-18156,-284,248,-96
364,-1184,-18412,-304,222,-89
276,-1100,-18108,-285,245,-101
368,-1248,-18300,-299,254,-86
324,-1244,-18200,-268,273,-89
256,-1148,-18268,-293,268,-105
456,-1172,-18240,-292,260,-114
396,-1236,-18116,-257,282,-97
224,-1192,-18352,-281,235,-79
404,-1212,-18248,-303,271,-91
312,-112,-1188,-18052,-296,253
312,-112,-1188,-18052,-296,253
324,-1204,-18232,-251,272,-87
284,-1268,-18128,-288,267,-98
2843284,-1260,-1,-273,250,-100
364,-1096,-18208,-279,277,-108
412,4,-18132,-251,279,-95
292,-1096,-18260,-256,294,-79
400,-1168,-18352,-298,258,-86
308,-1160,-18328,-294,263,-95
364,-1140,-18304,-277,257,-94
372,-1172,-18228,-291,251,-110
372,-1092,-18180,-286,244,-91
296,-1144,-18416,-272,267,-68
356,-1224,-18244,-295,280,376
268,-1108,-18420,-299,252,-112
356,-1224,-18244,-295,280,376
304,-1200,-18120,-274,246,-78
376,-1284,-18116,-288,276,-107
336,-1120,-18448,-279,273,-83
400,-1132,-18192,-300,261,-104
436,-1264,-18232,-290,275,-91
396,-1200,-18328,-293,246,-90
404,-1116,-18188,-283,271,-72
424,-1236,-18308,-312,265,-120
348,-1152,-18260,-280,269,-104
292,-1284,-18236,-276,277,-104
468,-1232,-18024,-298,280,-81
336,-1152,-18260,-291,298,-95
320,-1292,-18248,-283,257,-107
296,-1080,-18188,-288,274,-109
404,-1108,-18156,-283,254,-104
232,-1204,-18304,-292,260,-91
492,-1132,-18444,-274,249,-97
216,-1124,-18184,-285,270,-98
272,-1140,-18372,-305,259,-71
332,-1200,-18264,-291,270,-116
432,-1212,-18080,-292,250,-107
308,-1116,-18384,-275,272,-92
376,-1212,-18220,-287,234,-95
412,-1208,-18206,-94,-265,243
172,-1172,-18160,-298,261,-103
364,-1132,-18272,-308,280,-83
356,-1172,-18268,-278,234,-104
332,-1240,-18272,-307,237,-98
364,-1220,-18364,-303,264,-100
268,-1140,-18168,-291,264,-108
336,-1172,-18228,-286,280,-84
376,-1208,-18228,-285,276,-116
384,-1072,-18280,-293,277,-112
220,-1168,-18264,-274,258,-83
316,-1128,-1837,-844,-270,254
332,-1228,-18240,-303,244,-100
316,-1268,-18360,-289,262,-82
344,-1168,-18252,-272,241,-78
376,-1108,-18336,-276,249,-86
340,-1068,-18232,-308,274,-93
324,-1180,-18296,-264,253,-123
324,-1156,-18180,-270,260,-95
264,-123672,2,-18344,-260,-83
220,-1164,-18284,-270,247,-111
172,-1136,-18108,-267,284,-90
452,-1252,-18232,-290,248,-98
364,-1164,-18324,-275,267,-101
196,-1112,-18344,-297,287,-99
264,-1112,-18128,-279,262,-110
356,-1104,-18252,-292,236,-96
320,-1044,-18376,-299,275,-100
284,-1164,-18168,-248,267,-106
328,-1216,-18324,-282,263,-82
332,-1272,-18212,-293,249,-95
356,-1168,-18352,-288,251,-75
336,-1228,-18108,-283,258,-109
252,-1072,-18264,-273,249,-83
400,-1136,-18308,-283,265,-114
344,-1208,-18300,-280,248,-106
388,-1108,-18384,-310,246,-104
29275,242,-12,-1096,-18280,-265
29275,242,-12,-1096,-18280,-265
29275,242,-12,-1096,-18280,-265
324,-1180,-18376,-291,242,-99
412,-1268,-18416,-276,257,-97
304,-1152,-18256,-282,276,-107
196,-1180,-18168,-271,258,-93
304,-1104,-18380,-291,241,-95
252,-1140,-18140,-260,231,-94
400,-1168,-18356,-268,243,-100
376,-1228,-18476,-295,255,-97
300,-1236,-18212,-267,285,-97
364,-1172,-18360,-297,252,-113
312,-1148,-18276,-290,256,-63
348,-1196,-18216,-301,255,-106
324,-1152,-18240,-268,272,-94
376,-1148,-18244,-290,255,-87
216,-1124,-18108,-301,267,-102
344,-1164,-18412,-276,245,-94
296,-1228,-18156,-289,259,-100
356,-1128,-18284,-284,250,-71
384,-1224,-18256,-278,254,-100
432,-1156,-18176,-285,264,-82
360,-1192,-18160,-251,282,-83
380,-1152,-18404,-289,256,-102
352,-1260,-18224,-299,279,-102
364,-1188,-18212,-303,268,-92
304,-1188,-18320,-259,273,-97
284,-1292,-18280,-314,245,-97
456,-1116,-18096,-271,271,-94
340,-1280,-18152,-296,275,-91
332,-1168,-18356,-277,255,-105
340,-1180,-18260,-281,254,-94
356,-1200,-18276,-267,254,-82
300,-1096,-18392,-269,281,-16
300,-1096,-18392,-269,281,-16
300,-1096,-18392,-269,281,-16
332,-1160,-18232,-272,265,-97
388,-1188,-18456,-301,234,-109
324,-1192,-18304,-274,248,-88
256,-1196,-18196,-292,255,68
256,-1196,-18196,-292,255,68
324,-1144,-18384,-294,280,-92
452,-1192,-18256,-297,286,-98
412,-1196,-18348,-275,252,-85
400,-1152,-18336,-282,254,-108
396,-1100,-18356,-280,264,-77
368,-1116,-18276,-261,265,-79
368,-1184,-18360,-311,249,-100
280,-1104,-18312,-284,246,-101
324,-1156,-18140,-295,252,-92
408,-1136,-18308,-280,242,-102
468,-1200,-18308,-282,247,-101
444,-1212,-18300,-289,246,-77
228,-1208,-18344,-286,261,-120
30834,-1200,-176,-298,235,-93
236,-1200,-18112,-275,235,-99
372,-1140,-18244,-274,259,-104
276,-1228,-18204,-299,272,-118
476,-1196,-18256,-271,273,-120
384,-1116,-18272,-284,235,-95
344,-1220,-18280,-286,271,-109
292,-1168,-18248,-284,236,-88
236,-1076,-18308,-278,249,-93
264,-1128,-18344,-273,270,-101
388,-1140,-18176,-281,245,-89
280,-1152,-18292,-258,260,-81
424,-1160,-18124,-287,258,-95
296,-1180,-18360,-278,246,-106
400,-1168,-18412,-294,242,-96
404,-1156,-18200,-269,270,-114
400,-1180,-18260,-294,240,-91
284,-1192,-18216,-279,260,-92
312,-1128,-18196,-289,247,-115
272,-1196,-18312,-288,291,-109
240,-1168,-18288,-304,253,-105
280,-1180,-18280,-294,281,-102
328,-1116,-18276,-266,242,-106
256,-1136,-18316,-295,247,-78
336,-1184,-18292,-286,300,-100
296,-1196,-18220,-308,267,-73
284,-1156,-18160,-282,278,-115
372,-1228,-18336,-282,273,-102
308,-1148,-18344,-283,244,-92
400,-1176,-18316,-284,260,-99
308,-1152,-18400,-268,243,-122
408,-1196,-18376,-281,265,-79
296,-1112,-18364,-291,254,-100
416,-1212,-18152,-273,258,-99
252,-1092,-18208,-275,284,-95
268,-1140,-18344,-301,254,-88
240,-1176,-18412,-270,279,-90
400,-1148,-18136,-300,263,-86
364,-1100,-18268,-275,264,-86
392,-1196,-18308,-300,285,-106
344,-1172,-18364,-280,255,-92
340,-1156,-18300,-286,250,-93
268,-1192,-18304,-278,270,-120
436,-1196,-18316,-268,237,-110
320,-1164,-18288,-288,272,-89
256,-1244,-18224,-272,273,-90
356,-1156,-18324,-282,280,-94
264,-1204,-18360,-269,278,-112
260,-1080,-18296,-272,263,-111
304,-1160,-18272,-291,251,-96
348,-1184,-18320,-282,260,-106
264,-1072,-18368,-262,238,-91
376,-1192,-18188,-286,279,-105
260,-1164,-18276,-280,277,-81
284,-1140,-18336,-267,277,-103
368,-1232,-18188,-290,266,-87
288,-1152,-18296,-295,242,-104
308,-1236,-18244,-287,244,-87
320,-1168,-18288,-297,277,-97
316,-1104,-18472,-288,228,-83
284,-1128,-18340,-301,289,-94
348,-1232,-18204,-301,264,-93
336,-1144,-18336,-290,276,-69
192,-1140,-18304,-299,251,-101
324,-1128,-18108,-285,243,-105
240,-1148,-18348,-279,277,-104
292,-1104,-18276,-281,261,-108
332,-1172,-18244,-289,285,-100
380,-1188,-18484,-283,277,-97
404,-1136,-18252,-281,252,-106
352,-1176,-18320,-295,283,-95
156,-1200,-18148,-297,265,-108
432,-1184,-18304,-302,270,-97
312,-1276,-18256,-290,2580,-1192
312,-1276,-18256,-290,2580,-1192
280,-1200,-18276,-300,227,-104
312,-1276,-18256,-290,2580,-1192
288,-1252,-18344,-275,293,-97
364,-1268,-18268,-301,263,-93
244,-1108,-18168,-262,262,-87
404,-1164,-18328,-280,266,-101
340,-1116,-18204,-286,249,-105
376,-1232,-18252,-285,247,-84
304,-1172,-18308,-297,254,-91
344,-1208,-18308,-294,233,-83
384,-1192,-18124,-297,240,-89
240,-1080,-18292,-270,253,-88
392,-1132,-18172,-283,249,-80
328,-1164,-18368,-299,242,-96
268,-1152,-18380,-281,267,-101
368,-1128,-18112,-297,255,-110
420,-1192,-18288,-272,245,-119
312,-1140,-18276,-278,264,8
312,-1140,-18276,-278,264,8
356,-1228,-18136,-303,258,-86
388,-1116,-18192,-305,259,-92
196,-1252,-18080,-274,281,-92
276,-1084,-18424,-292,264,-87
396,-1168,-18184,-284,256,-105
280,-1164,-18268,-290,265,-101
348,-1184,-18176,-277,270,-80
308,-1164,-18312,-274,262,-70
264,-1176,-18188,-287,260,-104
300,-1164,-18216,-283,257,-103
264,-1208,-18236,-280,264,-94
360,-1132,-18252,-279,273,-93
360,-1204,-18276,-282,279,-93
412,-1084,-18232,-269,264,-99
224,-1172,-18184,-298,273,-89
388,-1236,-18348,-284,268,-97
484,-1244,-18212,-302,266,-60
264,-1156,-18388,-233,286,-107
380,-1112,-18340,-278,261,-84
336,-1208,-18240,-291,261,-84
332,-1180,-18248,-285,257,-87
336,-1212,-18172,-261,259,-105
304,-1208,-18284,-289,249,-87
268,-1192,-18256,-267,253,-99
268,-1140,-18276,-276,278,-90
376,-1172,-18172,-297,247,-110
328,-1176,-18208,-279,252,-100
300,-1196,-18228,-283,260,-106
344,-1204,-18224,-291,268,-94
344,-1228,-18312,-282,317,-92
412,-1264,-18364,-279,249,-111
416,-1092,-18280,-264,273,-109
320,-1196,-18284,-297,261,-94
272,-1212,-18008,-273,279,-79
252,-1120,-18392,-298,272,-78
248,-1112,-18244,-275,238,-98
324,-1268,-18216,-291,254,-97
300,-1092,-18292,-271,254,-95
388,-1152,-18144,-278,253,-98
272,-1128,-18252,-267,290,-95
328,-1180,-18300,-278,274,-99
340,-1224,-18300,-307,264,-92
256,-1128,-18232,-288,238,-107
240,-1104,-18316,-277,273,-82
332,-1120,-18208,-305,234,-84
248,-1164,-18168,-285,233,-98
272,-1140,-18292,-302,275,-68
196,-1192,-18088,-274,245,-107
348,-1144,-18424,-281,266,-116
344,-1188,-18240,-293,269,-81
376,-1096,-18332,-276,276,-90
388,-1220,-18364,-273,255,-91
244,-1180,-18336,-292,253,-79
420,-1276,-18332,-269,260,-84
400,-1140,-18176,-304,269,-94
480,-1248,-18252,-292,266,-101
288,-1208,-18160,-269,240,-81
440,-1168,-18192,-271,261,-101
336,-1224,-18304,-276,253,-106
392,-1236,-18312,-288,265,-104
336,-1272,-18240,-303,271,-91
328,-1164,-18324,-281,270,-85
388,-1184,-18344,-273,258,-92
320,-1160,-18340,-271,290,-93
392,-1172,-18264,-288,270,-93
196,-1132,-18348,-295,279,-78
356,-1208,-18268,-273,237,-89
372,-1120,-18308,-280,244,-98
316,-1124,-18368,-304,278,-89
408,-1220,-18188,-254,234,-89
432,-1136,-18408,-283,265,-89
356,-1136,-18236,-286,271,-78
276,-1028,-18404,-276,237,-106
340,-1168,-18288,-297,270,-109
304,-1184,-18384,-263,269,-103
288,-956,-18260,-311,259,-88
436,-1160,-18356,-290,277,-109
344,-1140,-18084,-277,244,-107
328,-1120,-18352,-270,265,-87
432,-1132,-18168,-285,254,-86
249,-104,336,-1128,-18324,-273
249,-104,336,-1128,-18324,-273
249,-104,336,-1128,-18324,-273
368,-1216,-18204,-296,241,-104
368,-1232,-18180,-263,260,-88
268,-1212,-18292,-284,238,-84
336,-1220,-18224,-279,233,-104
404,-1116,-18216,-286,265,-93
284,-1228,-18292,-279,286,-96
384,-1160,-18192,-298,269,-100
292,-1208,-18136,-275,269,-106
380,-1192,-18256,-264,269,-89
484,-1100,-18312,-304,258,-93
316,-1100,-18152,-282,276,-96
336,-12279,262,-1024,-18272,-4
396,-1120,-18352,-275,266,-105
372,-1220,-18296,-285,281,-95
344,-1132,-18324,-308,237,-73
320,-1168,-18288,-279,255,-100
412,-1184,-18420,-293,250,-87
372,-1268,-18264,-279,256,-96
368,-1260,-18304,-273,278,-88
256,-1156,-18364,-274,234,-107
372,-1252,-18288,-282,259,-92
436,-1264,-18412,-282,271,-75
232,-1204,-18300,-269,248,-87
420,-1112,-18304,-291,247,-84
300,-1260,-18312,-277,240,-106
392,-1236,-18308,-287,262,-105
308,-1104,-18208,-291,267,-99
388,-1180,-18120,-303,257,-96
248,-1152,-18268,-284,257,-102
324,-1180,-18372,-257,259,-107
288,-1196,-18092,-284,260,-110
384,-1084,-18216,-278,240,-83
416,-1220,-18180,-298,253,-73
372,-1168,-18228,-291,237,-78
324,-1268,-18296,-277,246,-105
400,-1136,-18164,-269,269,-99
204,-1152,-18408,-261,245,-108
356,-1164,-18276,-296,273,-93
360,-1236,-18196,-266,253,-96
360,-1228,-18236,-271,248,-83
328,-1136,-18308,-320,247,-85
248,-1200,-18136,-267,258,-102
392,-1192,-18412,-306,267,-123
312,-1152,-18252,-292,261,-114
420,-1156,-18348,-303,264,-108
304,-1152,-18256,-291,250,-103
248,-1132,-18164,-277,241,-67
276,-1140,-18240,-288,262,-106
236,-1220,-18360,-286,274,-102
300,-1168,-18244,-264,262,-90
368,-1212,-18252,-313,261,-101
328,-1096,-18216,-277,266,-86
360,-1204,-18332,-304,267,-107
348,-1200,-18276,-300,272,-79
380,-1192,-18348,-288,280,-76
236,-1096,-18412,-272,254,-99
260,-1208,-18324,-299,253,-82
432,-1136,-18288,-280,265,-101
280,-1164,-18340,-282,244,-74
168,-1184,-18260,-300,253,-103
364,-1236,-18212,-294,258,-93
308,-1216,-18184,-283,262,-116
320,-1184,-18372,-274,232,-84
276,-1164,-18368,-287,238,-105
508,-1176,-18148,-251,244,-89
304,-1132,-18240,-289,284,-102
260,-1192,-18228,-313,255,-87
300,-1224,-18296,-250,272,-99
284,-1184,-18304,-309,275,-100
396,-1248,-18344,-280,255,-105
400,-1120,-18392,-280,263,-107
324,-1128,-18324,-298,264,-89
400,-1164,-18248,-289,250,-104
312,-1136,-18384,-267,240,-126
288,-1148,-18232,-291,260,-122
308,-1112,-18236,-309,257,-97
292,-1124,-18268,-298,291,-78
420,-1196,-18128,-309,241,-96
336,-1140,-18244,-293,null,null
400,-1176,-18132,-290,262,-85
332,-1264,-18432,-289,272,-87
372,-1200,-18364,-279,256,-89
296,-1212,-18380,-291,247,-83
228,-1148,-18232,-276,246,-97
284,-1128,-18084,-284,286,-87
340,-1124,-18376,-285,281,-84
296,-1208,-18264,-272,260,-75
228,-1168,-18232,-273,269,-100
420,-1132,-18284,-289,296,-112
344,-1080,-18216,-260,254,-82
324,-1232,-18236,-295,284,-82
336,-1272,-18216,-271,254,-86
376,-1188,-18164,-291,288,-74
332,-1140,-18392,-278,255,-8
332,-1140,-18392,-278,255,-8
332,-1140,-18392,-278,255,-8
324,-1104,-18316,-263,247,-103
280,-1088,-18380,-290,284,-108
188,-1244,-18284,-305,255,-109
304,-1168,-18292,-298,269,-100
360,-1172,-18256,-283,266,-93
388,-1116,-18192,-258,277,-103
340,-1208,-18276,-294,247,-76
340,-1124,-18256,-270,277,-94
348,-1244,-18400,-298,273,-102
308,-1172,-18156,-299,265,-83
352,-1144,-18408,-296,261,-80
372,-1240,-18176,-288,238,-99
384,-1236,-18200,-291,280,-86
372,-109282,280,-8,-18152,-29
412,-1196,-18316,-287,266,-106
356,-1152,-18336,-303,260,-94
300,-1096,-18248,-299,277,-97
404,-1260,-18316,-298,263,-90
312,-1272,-18220,-296,245,-92
284,-1128,-18208,-298,239,-95
340,-1140,-18168,-278,271,-92
308,-1144,-18192,-281,253,-89
340,-1180,-18188,-283,277,-76
292,-1112,-18220,-260,314,-106
364,-1212,-18464,-276,253,-85
288,-1232,-18240,-298,253,-107
296,-1124,-18276,-285,246,-116
312,-1248,-18340,-314,258,-88
396,-1168,-18308,-289,277,-87
320,-1228,-18436,-290,226,-101
356,-1236,-18288,-266,236,-113
352,-1184,-18012,-306,271,-88
312,-1084,-18420,-293,269,-90
388,-1108,-18344,-294,257,-93
284,-1144,-18148,-295,269,-101
324,-1196,-18272,-279,248,-117
372,-1124,-18272,-269,267,-114
332,-1144,-18280,-298,254,-102
372,-1168,-18380,-267,275,-82
192,-1148,-18280,-280,244,-99
352,-1116,-18460,-285,259,-90
320,-1248,-18232,-286,265,-99
324,-1192,-18164,-281,260,-98
420,-1188,-18308,-275,280,-101
396,-1232,-18236,-281,278,-103
336,-1156,-18252,-265,248,-89
316,-1168,-18240,-285,250,-87
244,-1172,-18252,-291,239,-103
400,-1068,-18368,-277,288,-84
304,-1284,-18120,-264,267,-105
328,-1120,-18432,-285,258,-86
316,-1200,-18208,-293,243,-76
336,-1240,-18320,-256,288,-86
304,-1196,-18308,-267,268,-91
324,-1196,-18356,-296,246,-103
244,-1188,-18376,-283,252,-107
304,-1136,-18268,-305,234,-97
380,-1100,-18244,-291,249,-102
256,-1196,-18188,-282,271,-82
300,-1180,-18236,-286,282,-88
300,-1172,-18164,-274,269,-85
360,-1148,-18216,-287,277,-90
260,-1116,-18400,-282,268,-116
188,-1092,-18184,-291,264,-96
-183448,-1140,20,-292,252,-108
240,-1200,-18240,-308,240,-77
324,-1104,-18252,-276,262,-74
292,-1236,-18352,-301,260,-98
284,-1144,-18280,-289,267,-101
304,-1184,-18260,-267,257,-104
332,-1208,-18336,-257,254,-99
280,-1116,-18204,-292,290,-103
264,-1200,-18236,-301,253,-117
284,-1184,-18280,-283,239,-88
288,-1196,-18160,-269,267,-72
352,-1064,-18384,-274,236,-103
396,-1260,-18244,-296,264,-88
388,-1136,-18476,-293,246,-109
372,-1164,-18328,-304,243,-94
412,-1200,-18380,-273,253,-84
328,-1164,-18380,-295,289,-93
316,-1168,-18264,-270,246,-103
376,-1220,-18308,-300,277,-107
320,-1156,-18248,-283,272,-82
316,-1160,-18244,-275,268,-93
308,-1284,-18132,-301,230,-74
272,-1240,-18264,-295,251,-82
360,-1216,-18260,-299,256,-108
332,-1116,-18276,-253,230,-117
452,-1180,-18160,-289,254,-95
408,-1132,-18164,-288,252,-74
296,-1244,-18472,-308,281,-84
336,-1232,-18228,-272,257,-78
312,-1108,-18208,-289,237,-116
360,-1184,-18392,-273,258,-105
392,-1192,-18260,-275,270,-73
344,-1180,-18292,-272,260,-96
356,-1236,-18200,-285,266,-111
364,-1208,-18288,-279,279,-97
396,-1180,-18372,-273,260,-79
272,-1088,-18232,-301,25316,-1320
272,-1088,-18232,-301,25316,-1320
272,-1088,-18232,-301,25316,-1320
272,-1088,-18232,-301,25316,-1320
272,-1088,-18232,-301,25316,-1320
464,-1248,-18208,-294,251,-92
304,-1088,-18608,-310,264,-103
288,-1140,-18340,-265,270,-105
324,-1164,-18036,-276,263,-86
344,-1200,-18164,-271,287,-106
152,-1172,-18484,-304,252,-89
512,-1180,-18228,-304,255,-101
316,-1084,-18052,-290,282,-109
368,-1192,-18312,-266,247,-89
352,-1240,-18132,-302,243,-111
172,-1088,-18128,-279,235,-87
292,-1180,-18404,-279,254,-113
240,-1136,-18180,-283,244,-84
316,-1132,-18304,-287,269,-101
332,-1172,-18232,-289,254,-86
304,-1212,-18268,-285,258,-92
432,-1228,-18420,-293,258,-103
424,-1180,-18312,-283,229,-86
396,-1152,-18180,-295,258,-99
400,-1184,-18228,-269,241,-92
380,-1132,-18340,-305,258,-88
336,-1192,-18140,-281,274,-124
304,-1188,-18088,-303,252,-95
292,-1180,-18196,-281,257,-105
304,-1204,-18472,-286,276,-122
328,-1248,-18196,-285,262,-97
456,-1304,-18328,-291,262,-89
356,-1156,-18420,-289,238,-89
268,-1144,-18368,-283,266,-100
324,-1144,-18336,-279,268,-100
224,-1116,-18240,-292,255,-91
388,-1160,-18456,-284,263,-104
236,-1140,-18164,-277,258,-95
236,-1128,-18364,-294,242,-95
392,-1304,-18308,-282,272,-93
332,-1140,-18152,-306,259,-122
352,-1204,-18572,-287,291,-108
388,-1096,-18168,-291,251,-89
396,-1204,-18316,-294,258,-89
276,-1172,-18188,-273,260,-97
332,-1212,-18288,-282,268,-90
204,-1280,-18112,-300,245,-95
424,-1100,-18292,-305,256,-100
328,-1096,-18224,-294,234,-89
228,-1112,-18368,-285,235,-96
344,-1148,-18516,-263,259,-85
204,-1132,-18364,-296,269,-78
476,-1268,-18280,-286,257,-102
300,-1088,-18316,-287,273,-93
324,-984,-18192,-279,256,-100
396,-1192,-18348,-310,236,-80
312,-1164,-18240,-279,238,-90
260,-1028,-18200,-303,263,-97
316,-1184,-18124,-291,254,-97
428,-1128,-18384,-284,311,-77
304,-1144,-18196,-270,255,-83
328,-1100,-18480,-286,243,-91
348,-1280,-18184,-276,256,-90
272,-1320,-18612,-282,280,-87
336,-1136,-18156,-299,283,-85
308,-1076,-18264,-286,234,-112
368,-1164,-18240,-281,246,-73
356,-1184,-18324,-293,253,-97
388,-1164,-18268,-312,243,-91
236,-1092,-18248,-292,265,-101
396,-1196,-18296,-283,282,-101
284,-1200,-18296,-293,282,-94
364,-1304,-18220,-309,247,-79
308,-1212,-18212,-269,252,-103
268,-1148,-18372,-280,278,-91
380,-1232,-18244,-323,267,-106
396,-1072,-18300,-276,269,-83
312,-1168,-18324,-273,264,-81
416,-1204,-18252,-283,255,-94
356,-1196,-18344,-270,258,-103
460,-1084,-18308,-254,245,-92
416,-1028,-18368,-286,255,-87
312,-1168,-18240,-283,256,-94
324,-1068,-18292,-303,273,-120
344,-1276,-18024,-289,251,-92
384,-1172,-18300,-281,266,-96
384,-1180,-18096,-289,255,-94
312,-1320,-18248,-253,284,-95
372,-1172,-18224,-275,260,-94
300,-1236,-18384,-268,241,-81
360,-1144,-18172,-312,265,-108
240,-1228,-18360,-281,251,-120
300,-1176,-18308,-302,248,-83
400,-1172,-18180,-269,248,-120
288,-1132,-18172,-298,253,-71
356,-1240,-18256,-286,260,-90
336,-1092,-18320,-299,262,-93
296,-1268,-18384,-297,272,-98
328,-1096,-17996,-298,265,-108
300,-1184,-18336,-267,277,-80
336,-1208,-18204,-315,227,-108
292,-1116,-18188,-267,264,-91
356,-1140,-18368,-281,257,-99
416,-1080,-18324,-270,253,-94
280,-1204,-18260,-269,257,-77
376,-1164,-18324,-283,279,-101
288,-1244,-18268,-283,235,-96
320,-1132,-18124,-275,248,-104
412,-1144,-18292,-284,259,-90
268,-1140,-18152,-292,283,-117
428,-1232,-18468,-277,260,-79
272,-1124,-18244,-288,269,-100
380,-1212,-18156,-270,261,-104
312,-1104,-18356,-263,259,-93
288,-1176,-18328,-279,239,-73
236,-1156,-18252,-272,248,-69
344,-1164,-18248,-289,241,-99
256,-1132,-18232,-296,276,-104
316,-1232,-18300,-291,270,-106
356,-1136,-18468,-276,266,-91
296,-1156,-18360,-279,272,-98
352,-1084,-18316,-297,248,-111
356,-1288,-18140,-259,279,-83
528,-1044,-18264,-304,252,-104
396,-1104,-18324,-282,254,-110
312,-1116,-18396,-271,249,-96
360,-1168,-18208,-299,274,-95
340,-1228,-18424,-274,268,-99
280,-1228,-18140,-297,269,-106
356,-1200,-18152,-274,247,-110
404,-1284,-18168,-291,239,-104
328,-1136,-18292,-265,242,-96
368,-1160,-18272,-296,259,-101
324,-1160,-18148,-281,270,-90
384,-1144,-18272,-282,270,-84
396,-1232,-18204,-277,265,-96
172,-1180,-18432,-269,272,-100
348,-1124,-18204,-285,267,-96
332,-1144,-18272,-298,269,-102
236,-1176,-18296,-289,256,-94
284,-1228,-18444,-270,255,-101
440,-1300,-18240,-303,261,-98
332,-1228,-18192,-302,237,-108
324,-1092,-18352,-270,262,-107
408,-1304,-18096,-274,251,-89
328,-1152,-18360,-284,257,-93
292,-1072,-18220,-297,236,-113
416,-1284,-18316,-275,240,-79
352,-1224,-18284,-286,248,-102
228,-1212,-18204,-266,258,-115
384,-1196,-18472,-279,263,-88
308,-1188,-18212,-293,238,-97
328,-1208,-18392,-288,286,-78
308,-1168,-18224,-295,263,-100
292,-1084,-18260,-265,275,-117
440,-1268,-18420,-301,245,-107
400,-1188,-18296,-252,270,-85
292,-1236,304,-1128,-18132,-282
292,-1236,304,-1128,-18132,-282
292,-1236,304,-1128,-18132,-282
336,-1164,-18404,-285,250,-87
344,-1160,-18132,-288,268,-106
312,-1152,-18220,-293,244,-123
388,-1168,-18268,-305,239,-79
284,-1200,-18408,-270,238,-97
364,-1224,-18392,-299,227,-100
312,-1076,-18180,-292,261,-95
368,-1184,-18316,-275,276,-74
380,-1188,-18096,-289,263,-70
356,-1032,-18200,-278,248,-93
364,-1156,-18188,-283,244,-89
376,-1156,-18332,-297,255,-93
220,-1172,-18136,-313,248,-91
304,-1256,-18368,-267,284,-91
356,-1192,-18120,-296,266,-90
236,-1132,-18400,-267,266,-82
396,-1184,-18148,-290,248,-91
348,-1092,-18272,-268,277,-68
360,-1172,-18320,-300,271,-103
384,-1228,-18252,-280,254,-92
276,-1096,-18196,-290,248,-81
304,-1088,-18276,-283,230,-97
404,-1148,-18340,-299,259,-95
312,-1108,-18156,-275,257,-80
352,-1092,-18360,-293,265,-122
204,-1140,-18268,-312,272,-81
332,-1112,-18412,-258,283,-92
348,-1204,-18300,-283,251,-102
344,-1128,-18232,-284,254,-103
324,-1128,-18168,-303,267,-92
388,-1140,-18320,-282,249,-86
352,-1084,-18252,-274,257,-99
324,-1192,-18160,-301,286,-81
380,-1080,-18468,-293,265,-76
280,-1132,-18164,-294,269,-98
372,-1180,-18092,-265,243,-94
312,-1152,-18108,-270,260,-90
336,-1192,-18376,-270,258,-94
396,-1268,-18332,-299,276,-117
360,-1200,-18284,-293,252,-81
392,-1100,-18196,-294,268,-113
248,-1172,-18368,-282,260,-98
312,-1164,-18368,-297,249,-89
280,-1128,-18192,-275,247,-86
468,-1224,-18276,-287,245,-82
252,-1252,-18336,-272,270,-109
416,-1168,-18332,-285,252,-109
312,-1148,-18196,-279,251,-102
212,-1260,-18316,-297,242,-118
340,-1312,-18196,-289,252,-72
404,-1212,-18220,-295,282,-81
308,-1088,-18500,-287,239,-71
456,-1140,-18300,-276,253,-101
424,-1104,-18332,-306,249,-102
300,-1192,-18260,-299,256,-84
376,-1216,-18152,-297,252,-95
280,-1080,-18356,-284,268,-94
312,-1096,-18096,-276,287,-103
488,-1236,-18404,-315,255,-105
308,-1160,-18228,-278,266,-85
304,-1188,-18400,-294,259,-89
424,-1172,-18348,-269,251,-112
272,-1172,-18256,-300,276,-121
428,-1180,-18376,-262,252,-83
328,-1124,-18092,-298,283,-111
372,-1140,-18188,-289,257,-89
348,-1200,-18284,-285,269,-94
300,-1240,-18228,-286,269,-73
240,-1116,-18216,-283,287,-95
452,-1224,-18264,-299,250,-95
292,-1056,-18148,-303,258,-112
328,-1200,-18308,-295,252,-118
248,-1248,-18248,-284,236,-94
328,-1220,-18340,-269,248,-93
392,-1236,-18380,-292,242,-88
412,-1240,-18388,-292,261,-74
372,-1116,-18128,-295,276,-91
348,-1144,-18280,-268,278,-89
328,-1288,-18212,-313,277,-89
316,-1164,-18240,-265,245,-100
396,-1156,-18316,-297,274,-102
380,-1156,-18312,-284,239,-110
376,-1172,-18312,-294,258,-100
368,-1116,-18152,-274,239,-109
380,-1208,-18232,-279,257,-112
308,-1224,-18164,-284,272,-99
232,-1100,-18212,-293,270,-106
304,-1144,-18432,-317,256,-104
432,-1260,-18316,-282,251,-92
244,-1148,-18328,-284,266,-99
308,-1152,-18288,-291,245,-111
368,-1200,-18208,-272,276,-121
368,-1132,-18396,-271,272,-93
332,-1172,-18288,-271,271,-103
408,-1168,-18340,-291,260,-92
380,-1228,-18304,-259,251,-91
324,-1136,-18360,-282,262,-99
304,-1236,-18052,-265,256,300
304,-1236,-18052,-265,256,300
304,-1236,-18052,-265,256,300
208,-1196,-18212,-292,265,-96
468,-1284,-18256,-278,261,-111
280,-1140,-18164,-309,244,-88
296,-1136,-18192,-279,291,-101
432,-1156,-18380,-291,232,-99
292,-1164,-18240,-297,265,-96
368,-1172,-18216,-295,262,-91
368,-1168,-18260,-297,248,-92
2,-269,264,96,-1200,-18304
2,-269,264,96,-1200,-18304
2,-269,264,96,-1200,-18304
2,-269,264,96,-1200,-18304
252,-1280,-18260,-291,244,-91
360,-1104,-18276,-260,243,-84
420,-1160,-18224,-291,253,-102
248,-1192,-17984,-306,228,-96
304,-1128,-18368,-290,270,-91
280,-1308,-18288,-301,246,-105
324,-1156,-18300,-291,252,-93
260,-1180,-18440,-285,230,-99
360,-1264,-18372,-299,245,-94
380,-1140,-18272,-301,245,-92
356,-1120,-18172,-283,259,-104
440,-1168,-18344,-306,256,-90
268,-1208,-18316,-297,245,-109
328,-1152,-18360,-297,257,-103
376,-1264,-18004,-295,279,-97
252,-1168,-18344,-279,264,-110
228,-1268,-18124,-316,265,-81
492,-1228,-18500,-277,245,-93
424,-1140,-18276,-295,253,-100
332,-1264,-18252,-284,264,-90
400,-1124,-18376,-291,260,-81
272,-1088,-18260,-277,233,-95
364,-1236,-18408,-308,268,-113
364,-1168,-18088,-267,279,-75
340,-1200,-18228,-299,259,-113
288,-1200,-18172,-302,269,-107
388,-1156,-18452,-271,240,-85
276,-1120,-17992,-306,272,-97
364,-1132,-18312,-284,228,-90
288,-1204,-18228,-301,263,-114
368,-1128,-18344,-290,261,-94
320,-1156,-18348,-298,266,-104
360,-1084,-18248,-274,282,-96
400,-1244,-18268,-278,258,-111
372,-1208,-18324,-285,250,-111
344,-1128,-18332,-285,252,-107
320,-1208,-18252,-283,244,-83
392,-1180,-18328,-291,254,-85
248,-1148,-18340,-283,249,-92
380,-1232,-18260,-259,262,-81
296,-1136,-18320,-288,290,-104
292,-1180,-18228,-271,275,-89
376,-1172,-18320,-292,247,-99
376,-1108,-18196,-295,281,-79
316,-1148,-18284,-290,250,-95
324,-1248,-18236,-289,258,-90
424,-1136,-18316,-280,247,-106
404,-1092,-18216,-270,284,-88
332,-1180,-18468,-274,254,-103
424,-1224,-18316,-294,291,-100
416,-1260,-18292,-293,263,-104
360,-1160,-18260,-297,265,-112
284,-1112,-18312,-289,250,-111
388,-1204,-18176,-303,271,-89
376,-1268,-18164,-291,249,-113
312,-1312,-18440,-291,251,-94
360,-1204,-18320,-278,293,-81
252,-1176,-18292,-299,278,-82
328,-1172,-18276,-284,244,-99
384,-1132,-18380,-306,256,-106
264,-1228,-18308,-286,267,-95
292,-1212,-18220,-264,269,-91
332,-1188,-18228,-278,249,-124
236,-1212,-18264,-307,259,-89
360,-1028,-18360,-280,226,-107
272,-1132,-18280,-284,262,-106
396,-1240,-18392,-276,237,-82
368,-1184,-18376,-301,284,-88
400,-1168,-18324,-290,246,-103
280,-1204,-18284,-311,231,-92
364,-1124,-18296,-300,243,-99
368,-1108,-18272,-296,260,-104
356,-1148,-18248,-279,239,-70
436,-1088,-18340,-273,276,-89
352,-1148,-18300,-275,276,-99
280,-1156,-18272,-265,260,-118
216,-1144,-18164,-287,256,-93
376,-1180,-18424,-261,251,-84
252,-1180,-18064,-299,254,-76
320,-1236,-18352,-292,258,-87
424,-1192,-18232,-281,248,-93
384,-1200,-18424,-276,251,-90
324,-1128,-18196,-283,281,-88
408,-1240,-18420,-260,287,-104
320,-1096,-18316,-309,235,-95
364,-1196,-18288,-292,258,-109
380,-1248,-18180,-273,251,-107
272,-1172,-18132,-258,256,-109
320,-1112,-18388,-294,266,-107
444,-1252,-18184,-265,267,-93
212,-1096,-18276,-275,255,-84
296,-1168,-18296,-269,236,-88
352,-1164,-18268,-271,261,-109
340,-1264,-18304,-290,260,-102
288,-1108,-18400,-272,253,-78
396,-1144,-18164,-289,249,-84
356,-1228,-18352,-280,250,-107
388,-1292,-18400,-292,256,-90
260,-1196,-18320,-268,285,-85
400,-1116,-18276,-315,239,-77
324,-1228,-18168,-296,275,-101
388,-1216,-18272,-270,240,-91
388,-1136,-18432,-271,247,-84
368,-1236,-18316,-268,246,-96
488,-1072,-18276,-294,270,-96
384,-1152,-18448,-299,247,-77
320,-1180,-18188,-281,266,-98
488,-1068,-18492,-264,241,-114
316,-1180,-18208,-301,245,-109
336,-1216,-18368,-302,237,-129
460,-1140,-18208,-299,253,-87
344,-1172,-18264,-285,264,-115
344,-1184,-18284,-292,275,-94
328,-1152,-18252,-272,259,-90
252,-1100,-18228,-286,257,-82
368,-1140,-18280,-288,263,-110
324,-1064,-18160,-308,241,-109
360,-1200,-18444,-297,249,-93
300,-1060,-18260,-322,260,-87
212,-1104,-18112,-316,251,-102
400,-64,-18324,-297,288,-92
248,-1272,-18136,-271,246,-100
308,-1068,-18108,-294,271,-81
388,-1204,-18312,-303,262,-76
404,-1116,-18300,-284,257,-85
368,-1228,-18252,-290,229,-112
432,-1144,-18148,-282,256,-112
404,-1168,-18272,-306,270,-104
380,-1112,-18288,-292,245,-81
320,-1248,-18168,-302,247,-109
436,-1228,-18220,-297,248,-116
364,-1136,-18256,-264,271,-98
292,-1220,-18308,-282,235,-104
296,-1156,-18036,-293,251,-112
316,-1188,-18224,-295,256,-112
372,-1156,-18292,-292,262,-98
376,-1176,-18424,-285,255,-113
320,-1136,-18272,-258,249,-90
388,-1176,-18248,-276,267,-96
304,-1072,-18304,-284,265,-77
236,-1240,-18248,-271,260,-115
324,-1148,-18296,-314,250,-86
380,-1184,-18168,-276,243,-97
332,-1108,-18496,-294,275,-93
276,-1156,-18116,-281,243,-85
392,-1168,-18216,-281,264,-98
328,-1212,-18196,-285,269,-98
328,-1184,-18212,-296,267,-94
360,-1208,-18264,-283,246,-90
332,-1084,-18564,-289,262,-113
332,-1192,-18316,-298,256,-95
376,-1200,-18356,-292,260,-98
412,-1192,-18284,-285,270,-104
316,-1156,-18260,-293,239,-98
296,-1280,-18136,-275,258,-95
420,-1092,-18252,-287,273,-98
352,-1220,-18412,-309,254,-111
268,-1256,-18252,-286,238,-75
340,-1232,-18368,-282,268,-91
28240,-284,24,-1144,-1865,-123
280,-1192,-18308,-298,230,-87
232,-1180,-18168,-307,259,-119
332,-1244,-18244,-282,270,-92
312,-1172,-18336,-260,264,-99
368,-1256,-18296,-277,249,-96
368,-1140,-18364,-302,251,-84
308,-1112,-18248,-293,283,-102
488,-1236,-18180,-328,219,-77
312,-1136,-18504,-284,240,-83
404,-1040,-18244,-330,203,-84
296,-1224,-18220,-307,241,-104
456,-1264,-18252,-273,263,-76
260,-1204,-18308,-291,251,-83
232,-1196,-18372,-282,261,-124
364,-1144,-18296,-243,253,-92
316,-1172,-18356,-298,246,-90
268,-1136,-18192,-277,280,-105
300,-1176,-18324,-284,218,-102
360,-1128,-18472,-259,285,-93
292,-1244,-18132,-308,281,-98
336,-1272,-18196,-291,253,-101
260,-1084,-18372,-295,269,-119
340,-1128,-18212,-292,256,-105
340,-1224,-18260,-289,264,-101
392,-1176,-18344,-294,259,-97
292,-1204,-18304,-279,235,-94
228,-1072,-18344,-268,260,-92
280,-1176,-18264,-286,273,-82
288,-1096,-18292,-276,251,-96
332,-1204,-18344,-264,250,-85
168,-1160,-18192,-274,261,-110
308,-1116,-18364,-281,266,-77
368,-1284,-18120,-300,270,-105
396,-1072,-18276,-256,247,-99
332,-1280,-18388,-324,256,-89
232,-1176,-18372,-285,255,-105
528,-1184,-18320,-303,244,-117
460,-1152,-18220,-288,246,-90
448,-1212,-18296,-304,255,-81
216,-1188,-18348,-281,234,-106
376,-1036,-1827148,-18212,-298,251
376,-1036,-1827148,-18212,-298,251
376,-1036,-1827148,-18212,-298,251
376,-1036,-1827148,-18212,-298,251
376,-1036,-1827148,-18212,-298,251
296,-1100,-18440,-308,239,-77
292,-1280,-18176,-293,275,-93
216,-1012,-18340,-294,249,-88
356,-1196,-18264,-270,277,-125
376,-1260,-18312,-275,246,-115
364,-1044,-18092,-282,269,-94
356,-1200,-18288,-279,252,-109
368,-1256,-18172,-284,247,-84
256,-1172,-18332,-262,247,-94
252,-1128,-18196,-304,267,-86
380,-1180,-18256,-272,221,-103
268,-1088,-18336,-294,280,-83
304,-1160,-18360,-283,249,-99
292,-1052,-18344,-295,254,-100
448,-1256,-18296,-295,259,-81
284,-1212,-18344,-289,279,-97
312,-1108,-18212,-290,280,-76
228,-1156,-18348,-296,269,-104
432,-1276,-18312,-278,235,-113
280,-1112,-18368,-265,238,-88
292,-1136,-18148,-287,275,-96
2,-302,26452,-1080,-18424,-288
2,-302,26452,-1080,-18424,-288
2,-302,26452,-1080,-18424,-288
420,-1244,-18152,-276,239,-86
380,-1172,-18460,-284,281,-94
268,-1148,-18172,-297,274,-96
240,-1280,-18244,-281,244,-115
448,-1176,-18252,-300,282,-86
376,-1140,-18216,-265,230,-108
384,-1156,-18364,-289,257,-55
208,-1072,-18304,-278,264,-103
388,-1132,-18232,-286,270,-99
344,-1264,-18288,-289,261,-92
280,-1132,-18336,-292,266,-81
184,-1152,-18380,-285,242,-93
412,-1180,-18152,-301,252,-93
304,-1144,-18276,-278,271,-111
280,-1184,-18308,-281,249,-94
300,-1076,-18364,-293,265,-80
372,-1148,-18256,-267,262,-94
296,-1028,-18172,-309,258,-97
432,-1160,-18260,-276,264,-76
332,-1204,-18432,-310,263,-90
316,-1148,-18332,-283,252,-84
324,-1200,-18260,-322,260,-89
236,-1156,-18392,-265,260,-97
340,-1264,-18332,-291,280,-102
396,-1192,-18148,-272,243,-88
352,-1308,-18280,-279,227,-89
420,-1172,-18252,-296,260,-91
288,-1116,-18156,-280,250,-97
308,-1200,-18284,-282,257,-96
376,-1128,-18236,-291,249,-96
316,-1260,-18192,-286,258,-71
344,-1076,-18388,-282,266,-80
304,-1060,-18184,-292,255,-102
316,-1092,-18264,-283,266,-93
340,-1236,-18276,-278,249,-95
356,-1056,-18128,-270,234,-90
396,-1192,-18248,-293,265,-110
412,-1232,-18288,-281,235,-86
304,-1196,-18192,-272,236,-101
288,-1156,-18248,-303,276,-82
304,-1048,-18292,-281,238,-99
276,-1248,-18192,-284,288,-100
308,-1228,-18100,-279,269,-101
340,-1068,-18260,-305,235,-79
304,-1112,-18220,-277,240,-97
412,-1192,-18284,-271,261,-97
400,-1112,-18184,-291,258,-84
332,-1112,-18340,-291,245,-94
336,-1068,-18388,-287,240,-122
360,-1136,-18172,-284,261,-94
436,-1152,-18456,-304,293,-91
328,-1204,-18380,-281,249,-96
348,-1200,-18188,-285,267,-98
328,-1180,-18244,-301,233,-101
240,-1260,-18360,-275,253,-97
284,-1144,-18220,-264,258,-92
304,-1164,-18380,-281,255,-94
368,-1176,-18120,-304,283,-97
240,-1108,-18328,-258,264,-107
272,-1124,-18416,-324,259,-107
440,-1104,-18144,-280,257,-69
348,-1248,-18280,-300,248,-91
304,-1116,-18188,-289,223,-114
404,-1176,-18316,-286,237,-110
352,-1152,-18172,-278,257,-97
252,-1120,-18264,-278,246,-80
308,-1100,-18184,-285,299,-111
292,-1184,-18404,-279,264,-119
348,-1276,-18292,-293,272,-110
420,-1128,-18460,-319,241,-89
360,-1120,-18296,-293,259,-103
336,-1160,-18208,-288,260,-93
288,-1164,-18156,-277,225,-90
320,-1228,-18256,-310,253,-78
400,-1108,-18384,-287,262,-77
244,-1240,-18132,-298,255,-117
340,-1176,-18388,-285,233,-103
336,-1104,-18216,-265,273,-114
304,-1252,-18464,-293,260,-90
248,-1076,-18368,-292,238,-103
368,-1084,-18312,-283,244,-108
328,-1256,-18180,-301,276,-83
328,-1236,-18136,-299,239,-101
336,-1212,-18380,-282,242,-89
360,-1180,-18372,-314,234,-85
348,-1092,-18320,-281,280,-102
400,-1124,-18420,-292,254,-87
336,-1196,-18420,-279,266,-90
184,-1196,-18284,-286,250,-88
336,-1084,-18236,-265,243,-103
380,-1240,-18272,-274,238,-98
284,-1100,-18392,-305,263,-93
360,-1216,-18304,-303,280,-103
376,-1136,-18360,-274,260,-100
348,-1168,-18388,-291,243,-90
408,-1200,-18248,-274,262,-102
396,-1160,-18220,-304,258,-82
344,-1256,-18440,-266,234,-83
416,-1140,-18284,-293,234,-89
320,-1180,-8212,-271,1262,-98
248,-1180,-18280,-269,240,-107
332,-1116,-18260,-260,266,-93
364,-1120,-18392,-278,257,-97
384,-1180,-18192,-293,269,-106
336,-1140,-18232,-287,224,-93
392,-1140,-18328,-269,242,-101
340,-1188,-18344,-286,261,-101
248,-1216,-18232,-289,252,-93
248,-1148,-18144,-274,217,-112
332,-1228,-18368,-274,230,-91
308,-1156,-18244,-295,240,-79
296,-1136,-18188,-262,268,-69
352,-1168,-18172,-292,278,-86
440,-1172,-18172,-294,264,-75
336,-1092,-18312,-277,258,-110
408,-1212,-18400,-309,249,-101
324,-1160,-18220,-269,268,-73
288,-1168,-18368,-273,262,-116
456,-1288,-18364,-284,218,-102
312,-1224,-18124,-289,243,-106
284,-1176,-18256,-274,265,-72
320,-1272,-18404,-269,239,-74
368,-1144,-18344,-277,261,-93
300,-1176,-18332,-287,265,-87
388,-1100,-18312,-289,249,-106
312,-1128,-18004,-298,253,-111
316,-1132,-18260,-314,270,-92
400,-1156,-18192,-292,275,-97
240,-1232,-18340,-284,215,-109
316,-1212,-18176,-275,266,-97
384,-1152,-18208,-283,238,-94
320,-1192,-18180,-265,294,-96
264,-1176,-18328,-299,267,-95
440,-1120,-18264,-300,264,-84
380,-1264,-18380,-275,234,-90
352,-1196,-18480,-283,243,-105
376,-1140,-18232,-282,247,-117
360,-1216,-18324,-283,264,-91
256,-1196,-18120,-293,258,-104
384,-1208,-18364,-272,263,-93
248,-1128,-18036,-268,294,-100
284,-1140,-18420,-292,240,-100
336,-1172,-18304,-280,300,-90
432,-1084,-18168,-273,246,-101
260,-1236,-18316,-254,270,-94
396,-1244,-18220,-267,213,-85
308,-1148,-18436,-295,266,-95
296,-1180,-18240,-287,277,-109
380,-1212,-18300,-273,245,-73
288,-1264,-18324,-308,286,-89
336,-1092,-18436,-276,256,-109
324,-1192,-18520,-275,232,-98
400,-1,-269164,-18168,273,-101
348,-1180,-18280,-289,246,-100
292,-1132,-18148,-268,264,-92
324,-1176,-18324,-302,265,-86
336,-1188,-18216,-298,278,-105
356,-1204,-18404,-281,230,-93
344,-1156,-18072,-302,258,-107
268,-1128,-18256,-296,270,-81
332,-1280,-18228,-286,280,-90
256,-1172,-18200,-278,266,-117
468,-1192,-18232,-282,244,-76
336,-1172,-18376,-290,265,-101
332,-1092,-18288,-258,258,-75
252,-1180,-18368,-275,239,-103
336,-1140,-18340,-285,276,-114
348,-1300,-18244,-288,287,-82
356,-1112,-18352,-279,247,-83
328,-1028,-18256,-278,269,-89
420,-1152,-18200,-282,259,-97
424,-1180,-18400,-305,250,-101
312,-1084,-18196,-290,243,-126
332,-1128,-18200,-289,268,-97
376,-1220,-18176,-290,259,-83
372,-1148,-18148,-292,250,-107
264,-1176,-18200,-288,252,-104
256,-1272,-18360,-282,261,-111
332,-1184,-18284,-297,258,-86
376,-123694,2,-18280,-284,-110
332,-1156,-18320,-266,261,-92
324,-1140,-18200,-266,243,-99
336,-1116,-18368,-290,256,-68
332,-1164,-18244,-290,266,-106
340,-1212,-18392,-282,274,-100
244,-1212,-18264,-270,276,-101
372,-1080,-18256,-271,270,-93
352,-1172,-18212,-271,244,-104
312,-1184,-18392,-271,240,-84
30408,-1144,-183,-253,268,-105
436,-1196,-18308,-274,245,-95
272,-1088,-18256,-286,242,-99
288,-1252,-18304,-274,250,-100
256,-1124,-18192,-284,280,-88
372,-1252,-18232,-287,256,-98
392,-1260,-18360,-272,244,-98
388,-1072,-18276,-286,270,-89
432,-120873,264,-11,-18332,-20
344,-1256,-18264,-281,267,-88
204,-1092,-18240,-277,252,-92
420,-1148340,-268,0,-1259,-106
312,-1124,-18160,-286,280,-95
204,-1268,-18136,-299,246,-101
468,-1196,-18284,-278,252,-97
332,-1152,-18192,-289,245,-130
292,-1072,-18264,-284,238,-113
352,-1248,-18300,-298,263,-97
324,-1020,-18224,-270,246,-100
312,-1144,-18284,-278,251,-103
328,-1192,-18348,-304,275,-110
212,-1156,-18240,-298,238,-95
324,-1168,-18108,-295,249,-102
276,-1096,-18300,-279,271,-105
416,-1128,-18132,-265,270,-100
336,-1124,-18244,-284,253,-96
428,-1288,-18416,-294,280,-101
260,-1160,-18352,-278,283,-93
364,-1156,-18508,-291,260,-105
400,-1212,-18296,-298,231,-74
228,-1176,-18264,-276,243,-109
440,-1200,-18392,-293,264,-91
300,-1188,-18160,-300,273,-89
356,-1124,-18244,-277,240,-88
263,248,-1172,-18276,-282,274
263,248,-1172,-18276,-282,274
288,-1208,-18240,-304,277,-85
356,-1144,-18324,-292,269,-94
460,-1156,-18396,-310,239,-111
352,-1220,-18336,-262,227,-94
364,-1180,-18428,-271,247,-78
316,-1088,-18156,-307,255,-82
408,-1176,-18304,-286,242,-91
260,-1196,-18328,-287,274,-91
276,-1072,-18252,-282,256,-88
272,-1244,-18192,-290,269,-96
304,-1192,-18412,-286,258,-92
364,-1220,-18284,-302,254,-89
252,-1108,-18488,-278,263,-98
216,-1116,-18368,-306,241,-103
376,-1208,-18324,-285,275,-90
336,-1268,-18272,-302,278,-83
444,-1188,-18276,-305,245,-101
348,-1068,-18284,-285,269,-99
248,-1204,-18288,-275,251,-84
372,-1108,-18296,-269,233,-98
376,-1144,-18240,-280,260,-87
300,-1216,-18240,-294,238,-94
300,-1156,-18164,-277,270,-91
400,-1108,-18588,-307,223,-82
272,-1076,-18384,-310,259,-110
404,-1168,-18228,-285,256,-85
320,-1180,-18352,-293,247,-110
360,-1196,-18292,-290,251,-91
444,-1172,-18448,-295,245,-96
2182876,-1052,-4,-268,260,-88
348,-1220,-18408,-311,268,-86
304,-1168,-18316,-303,279,-88
324,-1240,-18400,-304,246,-102
460,-1300,-18412,-275,272,-80
216,-1144,-18216,-304,282,-78
472,-1216,-18328,-263,267,-101
412,-1120,-18336,-294,289,-113
208,-1104,-18160,-280,255,-89
344,-1132,-18168,-277,256,-99
396,-1128,-18348,-281,277,-110
332,-1116,-18320,-303,245,-105
184,-1132,-18100,-274,265,-89
380,-1164,-18500,-292,260,-90
316,-1136,-18440,-298,280,-94
412,-1148,-18140,-280,250,-96
488,-1116,-18252,-298,247,-84
336,-1128,-18308,-276,267,-86
380,-1216,-18212,-308,246,-84
340,-1184,-18192,-286,267,-86
328,-1088,-18364,-299,278,-97
