1680,-3156,-18036,-162,97,16
1736,-3128,-18112,-161,93,13
1632,-3116,-17804,-148,76,20
1592,-3176,-17984,-147,91,10
1684,-3056,-18024,-151,101,23
1660,-3116,-17992,-156,110,-2
1776,-3004,-18024,-151,89,9
1772,-3020,-18088,-169,82,34
1716,-3092,-17980,-151,97,8
1556,-3096,-18044,-158,83,41
1656,-3124,-18076,-141,100,24
1636,-3032,-18048,-163,113,10
1684,-3092,-17940,-155,112,8
1636,-3120,-18052,-166,88,5
1732,-3048,-18052,-141,94,-4
1712,-3084,-17984,-171,89,-4
1672,-3088,-18148,-143,92,17
1752,-3072,-17900,-145,115,0
1700,-3056,-17912,-162,96,9
1656,-3136,-18004,-170,104,3
1748,-3128,-18032,-143,90,8
1608,-3080,-18004,-153,118,14
1636,-3092,-18048,-160,77,12
1732,-2932,-17868,-144,103,-9
1640,-3064,-18040,-153,106,-11
1716,-3112,-18016,-163,98,9
1664,-3100,-17884,-165,114,-1
1720,-3096,-18052,-156,108,15
1696,-3088,-18052,-153,67,22
1656,-3172,-17908,-163,100,22
1688,-3172,-17872,-168,94,21
1788,-3112,-18100,-156,85,-2
1720,-3068,-18048,-153,123,0
1692,-3140,-18024,-161,120,19
1800,-3156,-18156,-158,100,5
1672,-3124,-17892,-158,114,24
1636,-3140,-17916,-174,107,2
1684,-3156,-18148,-159,89,12
1632,-3036,-18096,-158,88,5
1672,-3032,-18132,-152,79,8
1624,-3008,-18064,-162,79,4
1700,-3024,-17920,-151,82,19
1612,-3104,-18036,-147,102,9
1648,-3088,-18128,-156,96,0
1712,-3064,-18112,-157,87,21
1656,-3100,-18068,-161,81,24
1692,-3096,-18060,-187,79,21
1580,-3060,-17968,-179,113,13
1724,-3132,-18160,-168,105,19
1636,-3088,-17928,-158,96,6
1684,-3056,-18272,-157,103,17
1720,-3092,-18076,-164,112,-2
1772,-3108,-17956,-147,108,38
1772,-3096,-18028,-157,99,-6
1700,-3056,-18204,-163,106,-5
1788,-3008,-18040,-173,105,1
1608,-3136,-17908,-162,86,5
1716,-3092,-18092,-166,92,11
1664,-3120,-18068,-148,96,-4
1724,-3108,-18072,-175,93,16
1696,-3072,-18116,-157,98,13
1664,-3116,-18020,-153,87,5
1592,-3080,-18136,-166,108,4
1708,-2968,-17976,-155,88,2
1596,-3132,-18168,-166,92,4
1684,-3116,-17988,-145,121,10
1752,-3132,-18052,-166,89,14
1768,-3076,-17980,-153,112,20
1720,-3040,-17984,-150,92,19
1672,-3124,-18004,-148,93,2
1732,-3080,-17964,-155,92,7
1696,-3060,-18092,-153,112,2
1760,-3076,-18228,-159,99,22
1696,-3048,-18188,-154,105,12
1596,-3192,-17984,-151,102,3
1696,-3144,-18184,-146,108,-5
1680,-3068,-18104,-162,98,11
1608,-3024,-17884,-169,67,4
1628,-3144,-18096,-164,85,-8
1636,-3220,-17932,-171,97,32
1632,-3028,-18116,-161,127,4
1676,-3156,-18064,-161,95,2
1648,-3100,-17928,-168,98,5
1692,-3048,-18104,-169,90,6
1660,-3112,-18040,-161,95,8
1664,-3080,-18012,-166,95,21
1692,-3068,-17960,-174,98,8
1708,-3124,-17944,-164,116,30
1700,-3036,-18152,-175,82,20
1668,-3092,-18136,-157,141,-1
1764,-3044,-18140,-158,81,9
1676,-3016,-18096,-158,92,35
1764,-3016,-17896,-160,97,7
1668,-3160,-18028,-159,88,0
1692,-3032,-18088,-155,94,19
1652,-3124,-18016,-158,80,18
1676,-3144,-17912,-165,150,17
1688,-3060,-18024,-161,78,30
1708,-3040,-18052,-155,104,32
1720,-3116,-17896,-158,109,7
1748,-3144,-18068,-148,81,2
1672,-3152,-17968,-149,85,-8
1672,-3156,-18056,-170,63,-5
1656,-3108,-18096,-161,94,19
1764,-3140,-18232,-178,72,12
1660,-3008,-17964,-195,101,38
904,-3628,-17212,-891,353,-202
1644,-3120,-17968,325,-112,31
1724,-3072,-17928,-207,178,17
1608,-3104,-18128,-147,150,10
1684,-3068,-18156,-159,128,0
1644,-3152,-17968,-166,52,14
1632,-3112,-18004,-151,142,24
1612,-3140,-17964,-162,79,18
1624,-3064,-17984,-165,43,23
1712,-3012,-18136,-189,52,18
1660,-3020,-17968,-141,217,-16
1700,-3084,-17992,-174,25,15
1688,-3068,-17904,-155,79,6
1712,-3148,-18060,-165,138,-21
1780,-3092,-17912,-161,143,3
1652,-3080,-17988,-164,25,15
1612,-3060,-17992,-164,101,12
1660,-3004,-18212,-157,110,10
1548,-3052,-18064,-153,82,30
1708,-3044,-18080,-145,223,-7
1664,-3112,-17924,-191,-7,17
1644,-3212,-18024,-133,148,4
1688,-3120,-17980,-167,138,14
1664,-2988,-18000,-172,-52,29
1708,-3196,-17956,-133,204,-16
1604,-3016,-18116,-190,34,14
1680,-3120,-18016,-154,66,29
1720,-3088,-17956,-145,162,13
1736,-3120,-18024,-171,39,13
1728,-3080,-18108,-142,119,25
1696,-3052,-18052,-160,143,4
1688,-3172,-18000,-162,49,13
1728,-3172,-17872,-149,107,20
1700,-3156,-18148,-185,87,26
1608,-3056,-17944,-152,106,-5
1776,-3108,-18024,-151,108,19
1684,-3076,-17900,-180,95,6
1676,-3092,-18120,-150,99,21
1720,-3096,-18112,-157,101,15
1664,-3168,-18028,-174,112,19
1744,-3136,-18068,-166,91,8
1692,-3080,-18044,-180,92,30
1780,-3108,-17792,-161,118,-1
1608,-3080,-17964,-167,96,8
1696,-3140,-18024,-137,72,-1
1724,-3128,-17920,-158,100,5
1680,-3100,-17948,-148,96,1
1660,-3108,-17956,-155,102,10
1692,-3148,-17972,-165,85,-8
1708,-3104,-18080,-162,81,12
1556,-3068,-18116,-154,99,4
1724,-3124,-17924,-155,72,12
1692,-3068,-18048,-137,96,11
1680,-3148,-18084,-183,84,12
1632,-3120,-17936,-140,107,2
1696,-3076,-18120,-179,57,5
1632,-3076,-17964,-160,95,1
1756,-3060,-18204,-168,113,17
1676,-2988,-17848,-183,104,10
1696,-3104,-18080,-161,81,23
1756,-3056,-18000,-149,139,21
1768,-3092,-18056,-155,45,3
1800,-3076,-18016,-174,104,15
1600,-3088,-18044,-169,79,3
1636,-3156,-17980,-146,74,25
1720,-3012,-18036,-131,128,14
1704,-3116,-17944,-198,44,15
1800,-3088,-18092,-173,86,7
1596,-3124,-18120,-150,131,13
1700,-3124,-18076,-154,63,15
1768,-3092,-17948,-174,116,5
1688,-2972,-18136,-131,122,15
1664,-3068,-17980,-137,62,-3
1656,-3000,-17888,-155,85,16
1632,-3184,-17996,-168,140,-1
1636,-3084,-18008,-163,89,1
1704,-3040,-18116,-132,87,0
1644,-3052,-18016,-149,88,1
1688,-3092,-18184,-185,117,11
1724,-3132,-17908,-188,86,5
1680,-3088,-18024,-153,108,18
1660,-3060,-18040,-151,111,-1
1604,-3180,-17976,-135,100,-7
1716,-3128,-18092,-150,95,21
1716,-3160,-18048,-176,94,8
1764,-3136,-17964,-146,83,25
1660,-3172,-17956,-195,147,-5
1712,-3140,-17988,-139,100,9
1632,-3088,-17996,-169,97,14
1660,-3188,-17940,-145,68,22
1748,-2984,-18060,-172,106,10
1728,-3132,-17780,-185,106,-5
1736,-3068,-17944,-145,119,24
1660,-3032,-18120,-155,93,3
1656,-3052,-18088,-177,109,6
1684,-3100,-18100,-170,67,39
1668,-3056,-18084,-160,93,22
1672,-3020,-18104,-161,106,-6
1760,-3112,-18016,-160,93,15
1712,-3104,-18056,-155,101,15
1744,-3152,-17952,-152,102,16
1596,-3128,-18008,-170,79,33
1772,-3120,-17944,-189,81,2
1796,-3016,-18008,-171,112,16
1692,-3032,-18016,-148,85,16
1640,-3084,-17892,-157,95,-2
1684,-3112,-18048,-149,89,7
1728,-3160,-18148,-168,77,-10
1652,-3136,-18040,-161,86,1
1624,-3032,-18084,-147,93,8
1624,-3100,-17952,-186,126,-9
1704,-3076,-17888,-157,69,5
1552,-3000,-17980,-172,98,17
1672,-3088,-18080,-169,80,28
1672,-3068,-17964,-155,74,4
1696,-3040,-17976,-132,127,15
1672,-3068,-18144,-149,103,-10
1708,-3224,-17948,-167,65,8
1668,-3036,-18092,-173,118,8
1688,-3068,-18108,-166,97,-2
1728,-3136,-18020,-158,119,12
1556,-3088,-18060,-162,80,18
1576,-3128,-17948,-159,73,22
1660,-3072,-17940,-167,110,2
1712,-3144,-18060,-165,124,23
1648,-3056,-17992,-170,97,3
1672,-3144,-18052,-144,43,-4
1700,-3016,-18048,-175,94,13
1584,-3044,-18092,-188,77,15
1720,-3060,-18028,-132,124,-2
1628,-3032,-17984,-161,77,17
1664,-3060,-18080,-168,62,15
1612,-3048,-18136,-170,132,17
1640,-3020,-18036,-175,56,17
1624,-3152,-18108,-169,102,4
1608,-3080,-18048,-166,113,-3
1644,-3020,-18052,-153,105,2
1668,-3088,-18016,-153,73,34
1592,-3048,-18044,-154,112,-8
1672,-3112,-17988,-170,104,13
1636,-3096,-18076,-167,83,5
1672,-3152,-18076,-166,106,1
1608,-3072,-18012,-152,104,17
1656,-3092,-17972,-176,96,4
1688,-3124,-17872,-169,88,16
1672,-3072,-17992,-166,88,19
1748,-3088,-17956,-172,102,-7
1712,-2988,-17904,-153,87,7
1648,-3088,-17908,-150,79,7
1672,-2976,-17936,-188,66,5
1716,-3112,-18012,-146,66,3
1632,-3088,-18032,-178,95,18
1732,-3144,-18040,-140,115,7
1784,-3048,-18152,-165,77,24
1628,-3116,-17892,-158,88,-6
1604,-3160,-17972,-168,103,10
1712,-3204,-17900,-149,87,8
1648,-3048,-18008,-126,69,11
1716,-3080,-17992,-149,115,25
1692,-3112,-18204,-161,91,8
1636,-3152,-17828,-166,60,19
1640,-3080,-18116,-162,83,13
1676,-3080,-18000,-144,84,10
1620,-3096,-17996,-149,85,8
1700,-3040,-17952,-154,105,1
1700,-3160,-18100,-145,106,18
1712,-3060,-18016,-175,80,34
1644,-3168,-17956,-175,117,27
1708,-3136,-17900,-159,98,0
1768,-3060,-18084,-151,85,19
1668,-3108,-18092,-150,123,17
1556,-3104,-17900,-154,94,8
1588,-3104,-18048,-162,83,12
1684,-3096,-18020,-164,105,13
1704,-3044,-18028,-167,89,18
1624,-3068,-18016,-165,91,7
1688,-3096,-17844,-179,75,19
1688,-3024,-17916,-171,125,7
1672,-3060,-18068,-154,91,31
1632,-3084,-18064,-146,114,26
1712,-3140,-17924,-170,87,7
1660,-3032,-17988,-162,80,15
1592,-3080,-17980,-156,120,7
1584,-3068,-18040,-157,102,-6
1652,-3040,-17996,-147,72,5
1620,-3120,-17984,-173,82,6
1620,-3164,-17980,-167,129,23
1724,-3036,-18104,-128,93,21
1684,-3160,-17928,-164,65,16
1632,-2984,-18016,-167,108,15
1672,-3088,-18040,-176,73,5
1660,-3096,-17940,-170,127,27
1732,-3132,-17936,-155,111,6
1688,-3028,-18072,-163,94,15
1672,-3112,-18104,-160,88,13
1732,-3060,-18064,-212,84,-2
1724,-3104,-18132,-157,92,16
1764,-3092,-18012,-156,107,-4
1700,-3068,-17964,-171,80,24
1752,-3060,-18092,-158,96,19
1720,-3120,-18212,-149,61,9
1664,-3064,-18040,-143,109,16
1620,-3116,-17992,-170,96,23
1688,-3100,-18152,-142,102,23
1616,-3132,-18056,-148,107,-2
1700,-3136,-17964,-144,109,14
1576,-3204,-17912,-144,94,2
1736,-3056,-17948,-158,115,8
1732,-3040,-18112,-155,115,-6
1748,-3120,-18020,-135,94,31
1696,-3100,-18060,-143,66,15
1688,-2960,-18012,-155,86,17
1628,-3112,-17808,-181,87,34
1704,-3136,-17916,-167,67,26
1648,-3060,-17996,-162,96,2
1692,-3136,-18136,-163,75,14
1524,-3160,-17888,-149,83,7
1612,-3052,-17956,-162,67,-9
1724,-3084,-17936,-151,112,-1
1712,-3072,-18048,-146,99,16
1696,-3092,-18048,-153,106,20
1632,-3096,-18232,-163,90,17
1572,-3012,-17944,-151,90,-5
1612,-3116,-18132,-148,106,8
1692,-3092,-18012,-184,106,15
1676,-3104,-18208,-166,82,5
1716,-3048,-17948,-160,106,29
1712,-3112,-17948,-185,84,2
1636,-3068,-18040,-142,84,17
1732,-3072,-17804,-170,101,13
1712,-3176,-18016,-169,101,33
1616,-3116,-18180,-150,102,10
1648,-3028,-18060,-157,104,10
1604,-3148,-17992,-173,99,-1
1656,-3076,-18060,-144,88,12
1696,-3020,-18056,-140,119,21
1628,-3104,-18120,-163,111,18
1696,-3172,-18056,-182,110,3
1784,-3132,-18048,-160,129,-2
1636,-3068,-17936,-152,96,0
1720,-3156,-18032,-176,83,1
1688,-3008,-18104,-158,110,23
1628,-3104,-18056,-169,84,8
1636,-3048,-18000,-150,70,-18
1756,-3104,-18048,-159,92,11
1648,-3084,-17980,-156,100,0
1732,-3092,-18088,-156,91,4
1692,-3184,-18112,-155,92,-2
1664,-3108,-17992,-163,106,12
1620,-3120,-18176,-150,114,18
1700,-3148,-18108,-174,102,29
1708,-3216,-18112,-164,90,7
1648,-3084,-18008,-173,58,6
1748,-2992,-18044,-163,91,23
1656,-3072,-18044,-178,77,42
1640,-3028,-18192,-154,92,12
1688,-3100,-18052,-159,122,7
1672,-3040,-18004,-157,76,14
1736,-3200,-17880,-165,81,30
1676,-3072,-18120,-172,119,22
1620,-3040,-17984,-170,119,-1
1660,-3072,-18040,-141,91,8
1628,-3148,-18084,-156,116,3
1716,-3096,-18208,-141,89,20
1672,-3068,-18160,-175,85,11
1644,-3056,-18140,-165,114,-7
1652,-3116,-17992,-127,94,29
1628,-3088,-17924,-162,97,18
1720,-3172,-18024,-180,69,17
1660,-3076,-18128,-168,94,28
1644,-3140,-18256,-161,94,5
1752,-3048,-18024,-145,71,-24
1724,-3148,-17792,-149,112,20
1608,-3160,-18004,-162,94,-11
1680,-3080,-17968,-169,91,7
1684,-3052,-18040,-163,98,15
1696,-3148,-18192,-163,78,6
1620,-3116,-18048,-162,98,3
1640,-3116,-18140,-175,96,-2
1720,-3056,-17996,-177,91,-13
1744,-3148,-17940,-170,96,4
1540,-3112,-18032,-161,96,7
1608,-3012,-17980,-160,103,22
1640,-3120,-18012,-163,85,2
1608,-3052,-17964,-146,81,14
1724,-3084,-18076,-150,114,9
1684,-3032,-18144,-146,101,1
1740,-3152,-18084,-152,82,7
1676,-3048,-18080,-158,107,-1
1636,-3160,-17960,-168,84,23
1740,-3132,-17936,-168,94,-18
1724,-3064,-18000,-157,104,22
1588,-3040,-17964,-164,92,24
1652,-3044,-17880,-167,112,20
1660,-3108,-18020,-168,88,12
1716,-3140,-18032,-170,79,8
1616,-3072,-18032,-168,124,18
1660,-3204,-18096,-204,126,2
1588,-3152,-18128,-150,69,3
1624,-3108,-18036,-133,120,9
1556,-3204,-18116,-219,58,25
1624,-3104,-17996,-174,111,10
1720,-2992,-17904,-150,96,11
1716,-3068,-18232,-145,76,24
1660,-3072,-18136,-187,39,16
1744,-3168,-17964,-148,91,9
1612,-3176,-17920,-157,96,3
1620,-3244,-18156,-160,94,15
1680,-3032,-18048,-136,76,5
1724,-3092,-17944,-153,98,-20
1724,-3084,-18064,-180,110,13
1592,-3140,-17896,-169,96,31
1692,-3020,-17908,-121,100,8
1748,-3048,-18000,-167,84,12
1644,-3104,-17980,-162,138,13
1596,-2988,-17976,-156,98,45
1636,-3080,-18068,-165,54,4
1604,-3180,-17968,-199,120,12
1560,-3100,-18036,-154,123,17
1696,-3048,-17944,-148,57,8
1724,-3108,-18168,-147,114,-6
1672,-3068,-18036,-173,77,17
1632,-3060,-17916,-129,98,0
1548,-3036,-18032,-152,61,10
1632,-3068,-17928,-146,103,26
1636,-3120,-18188,-157,96,8
1696,-3044,-18048,-177,87,-7
1744,-3048,-18000,-145,97,17
1692,-3112,-17916,-149,138,13
1660,-3076,-17872,-166,88,15
1664,-3104,-17904,-166,113,5
1656,-3084,-18068,-160,90,7
1720,-3092,-17968,-163,79,34
1724,-3152,-18024,-159,90,4
1756,-3180,-18188,-175,105,15
1612,-3092,-18012,-185,73,12
1652,-3092,-17928,-150,123,1
1728,-3108,-18236,-163,80,13
1768,-3124,-17924,-178,102,13
1672,-3124,-18008,-149,105,13
1812,-3228,-17956,-149,103,2
1616,-3080,-18176,-165,94,11
1732,-3144,-17912,-167,114,29
1616,-3136,-17920,-157,78,12
1716,-3036,-18040,-160,86,-6
1692,-3184,-17824,-172,104,13
1684,-3028,-18044,-153,112,-11
1652,-3020,-17988,-154,29,30
1616,-3076,-18084,-151,95,7
1684,-3028,-17980,-144,91,-4
1632,-3052,-17992,-140,57,-4
1624,-3008,-18092,-141,137,37
1580,-3088,-18104,-178,84,5
1636,-3060,-18084,-178,66,29
1668,-3124,-18044,-156,104,11
1708,-3032,-18064,-155,103,16
1660,-3084,-18116,-180,115,23
1652,-3052,-17836,-149,142,9
1704,-3156,-17920,-149,48,23
1688,-3124,-17952,-170,113,5
1700,-3160,-18004,-156,99,-1
1676,-3124,-18032,-172,83,7
1704,-3160,-18040,-151,109,10
1596,-3016,-18128,-170,119,24
1684,-3052,-17860,-166,55,8
1616,-3116,-18068,-158,121,17
1696,-3092,-18100,-142,126,34
1608,-3080,-17976,-160,89,20
1552,-3152,-18220,-173,89,9
1732,-2992,-17844,-154,103,5
1636,-3084,-17912,-163,84,11
1620,-3140,-18012,-164,90,25
1688,-3156,-18012,-145,103,9
1684,-3112,-18008,-153,92,15
1676,-3180,-17932,-178,145,8
1752,-3060,-18128,-135,75,9
1720,-3060,-18052,-160,74,9
1672,-3160,-18128,-162,98,-5
1660,-2956,-18016,-164,96,3
1696,-3144,-18128,-175,115,4
1624,-3088,-18000,-153,93,13
1680,-3096,-18072,-147,97,6
1648,-3100,-17884,-162,89,20
1696,-3100,-17856,-162,79,12
1648,-3048,-17928,-174,111,13
1576,-3080,-17984,-152,105,33
1556,-3108,-18100,-166,76,33
1776,-3080,-18100,-147,97,26
1760,-3040,-18088,-158,77,13
1712,-3136,-17876,-164,61,26
1744,-3156,-18032,-160,142,6
1660,-3180,-17932,-170,10,1
1656,-3104,-17944,-148,83,-16
1688,-3136,-18084,-157,46,9
1608,-2940,-18044,-155,105,0
1596,-3076,-17996,-151,104,8
1716,-3016,-17984,-144,85,16
1684,-3208,-18024,-174,117,15
1724,-3112,-17796,-167,90,12
1624,-3008,-18092,-170,72,9
1692,-3120,-17868,-169,127,22
1724,-3096,-18184,-162,74,4
1692,-3072,-18036,-161,65,21
1688,-3036,-17976,-165,110,27
1712,-3124,-18036,-161,94,0
1632,-2948,-18060,-168,81,-10
1664,-3104,-18064,-168,93,24
1668,-3056,-18144,-139,93,5
1700,-3080,-17972,-163,94,24
1692,-3048,-18024,-161,78,13
1696,-3084,-17924,-137,90,15
1736,-3112,-18124,-184,78,22
1672,-3024,-18104,-162,98,18
1660,-3068,-18084,-175,99,3
1628,-3124,-18000,-194,60,4
1652,-3180,-17948,-147,101,3
1716,-3116,-18048,-155,88,24
1704,-3120,-17996,-154,106,3
1648,-3204,-18004,-165,78,-1
1584,-3060,-18000,-148,87,5
1764,-3096,-17936,-157,82,1
1628,-3140,-18052,-167,117,2
1712,-3080,-18096,-156,80,4
1684,-3136,-18088,-161,79,17
1636,-3080,-17908,-178,104,13
1768,-3144,-18120,-160,76,14
1660,-2956,-17956,-167,71,20
1584,-3088,-17924,-162,105,16
1780,-3200,-18024,-173,99,-17
1616,-3180,-18044,-165,97,14
1616,-3100,-18064,-164,109,8
1588,-3148,-18064,-162,98,3
1672,-3064,-18048,-165,131,14
1592,-3100,-18140,-172,71,26
1756,-3060,-18068,-168,88,2
1708,-3088,-18008,-162,83,8
1648,-3072,-18304,-164,98,18
1716,-3016,-17924,-153,108,10
1676,-3076,-18080,-173,95,6
1748,-3092,-18036,-157,105,21
1632,-3088,-18016,-178,89,14
1552,-2948,-18040,-169,50,-1
1660,-3044,-17952,-156,122,5
1672,-3136,-17952,-167,87,5
1612,-3076,-17888,-161,75,-1
1596,-3092,-18052,-152,98,-6
1652,-3088,-17804,-160,110,30
1628,-3080,-18104,-159,106,-2
1704,-3072,-18048,-166,77,2
1744,-3108,-17904,-157,104,12
1628,-3116,-17980,-150,79,-7
1696,-3164,-17980,-153,101,8
1656,-3028,-18016,-159,78,3
1636,-3060,-17916,-185,101,-4
1672,-3088,-18144,-146,84,10
1604,-3152,-17964,-136,85,1
1680,-3116,-17940,-151,99,3
1672,-3120,-17928,-141,101,1
1544,-3140,-18072,-134,120,6
1656,-3060,-18244,-155,118,26
1640,-3072,-17904,-149,104,27
1680,-3068,-18028,-136,94,7
1656,-3080,-18152,-161,103,4
1672,-3136,-18000,-164,102,-3
1784,-3096,-17884,-170,101,9
1640,-3196,-18232,-156,102,21
1720,-2992,-18060,-171,88,7
1724,-3104,-18092,-163,103,7
1640,-3116,-18076,-148,97,7
1608,-3040,-18120,-170,77,16
1612,-3144,-18020,-164,95,12
1700,-3052,-18104,-146,129,3
1592,-3072,-18064,-170,87,9
1572,-3116,-18108,-161,92,20
1612,-3184,-18056,-153,129,4
1744,-3048,-18144,-164,77,-2
1792,-3084,-18232,-171,101,5
1640,-3080,-18044,-159,124,23
1692,-3060,-17972,-173,96,11
1592,-3040,-17976,-154,51,33
1676,-3140,-18056,-167,97,9
1684,-3040,-17856,-173,74,12
1688,-3120,-18016,-176,90,16
1716,-2984,-18108,-164,106,7
1640,-3100,-18076,-138,88,16
1668,-3044,-17964,-151,64,20
1696,-3096,-18064,-153,76,13
1688,-3092,-18128,-138,95,17
1728,-3156,-17936,-152,91,26
1708,-3204,-18036,-168,78,18
1708,-3128,-18224,-154,102,23
1720,-3120,-18124,-153,124,-6
1748,-3092,-18200,-153,85,11
1660,-3064,-18084,-177,125,18
1636,-3124,-18024,-156,95,-5
1624,-3040,-18096,-151,97,17
1624,-3112,-17976,-166,64,27
1688,-3056,-18192,-157,64,1
1748,-3092,-18032,-146,114,3
1672,-3192,-18016,-161,119,20
1688,-3040,-17992,-146,105,29
1692,-3204,-17892,-158,110,-2
1664,-3052,-17884,-157,85,24
1592,-3096,-18012,-158,78,13
1624,-3044,-18052,-160,120,6
1616,-3080,-17912,-143,100,9
1712,-2984,-18076,-157,103,-15
1716,-3128,-18040,-170,78,14
1616,-3048,-18052,-160,96,18
1668,-3120,-18024,-150,83,1
1768,-3160,-18108,-148,90,18
1708,-3120,-18176,-164,101,9
1616,-3116,-17860,-182,81,9
1624,-3012,-18180,-158,80,31
1660,-3108,-17884,-155,95,9
1708,-3100,-17880,-170,78,19
1720,-3016,-17872,-168,72,10
1652,-3136,-18092,-163,135,3
1584,-3140,-17980,-172,67,-10
1652,-3080,-17932,-164,110,23
1620,-3032,-17952,-151,123,21
1688,-3052,-18056,-155,68,6
1648,-3100,-18008,-164,92,10
1624,-3124,-17912,-159,91,12
1684,-3100,-17964,-160,77,-4
1636,-3044,-17956,-143,84,2
1636,-3108,-18012,-153,110,19
1648,-3056,-18076,-168,84,9
1664,-3108,-18056,-155,114,10
1724,-3144,-18152,-163,101,5
1592,-3172,-18160,-172,93,16
1680,-3104,-18052,-136,105,-3
1596,-3136,-17832,-159,90,13
1616,-3120,-18024,-148,84,16
1592,-3068,-18120,-156,135,-3
1696,-3016,-17984,-187,72,11
1656,-3120,-17864,-155,92,2
1604,-3036,-18140,-164,52,25
1680,-3164,-18008,-153,115,16
1724,-3036,-18056,-174,127,16
1740,-3060,-18016,-161,84,5
1620,-3024,-17936,-165,88,31
1656,-3056,-18100,-141,118,8
1616,-3024,-18068,-157,71,18
1624,-3052,-18080,-164,114,-5
1668,-3052,-17800,-176,95,1
1720,-3044,-17952,-166,95,25
1656,-3084,-18140,-157,127,6
1624,-3048,-17964,-158,101,0
1684,-3136,-18000,-158,94,25
1712,-3072,-18092,-173,119,15
1716,-2984,-17964,-147,77,-4
1664,-3000,-18052,-166,112,16
1612,-2960,-18096,-158,96,-16
1632,-3060,-17968,-160,91,26
1568,-3040,-17920,-160,73,8
1616,-3168,-18256,-156,84,19
1644,-3036,-18124,-157,83,2
1716,-3040,-18208,-157,101,6
1632,-3136,-18056,-145,100,7
1692,-3080,-18028,-148,93,23
1616,-3088,-18132,-156,100,21
1656,-3052,-18028,-164,89,-18
1684,-3048,-18084,-164,86,16
1664,-3124,-18020,-160,103,8
1660,-3032,-18080,-167,92,2
1624,-3148,-18076,-142,65,-8
1712,-3108,-18028,-175,107,17
1692,-3156,-17988,-145,106,18
1696,-3076,-17936,-161,98,18
1612,-3152,-17984,-151,96,3
1668,-3120,-18096,-159,121,1
1604,-3092,-18040,-143,100,-3
1624,-3088,-18136,-147,80,31
1744,-3112,-17892,-157,88,19
1656,-3084,-17916,-165,78,17
1664,-3124,-17928,-165,81,-14
1644,-3128,-18048,-157,103,5
1628,-3020,-17892,-142,99,7
1648,-3048,-18048,-173,97,7
1612,-3120,-18184,-156,85,24
1704,-3104,-18160,-184,98,-8
1692,-3028,-18096,-164,77,0
1680,-3164,-17944,-162,84,-9
1644,-3072,-18056,-165,87,-19
1608,-3096,-17928,-178,123,10
1704,-3096,-17964,-143,103,25
1604,-2976,-18136,-158,110,-19
1668,-3120,-18004,-147,116,4
1644,-2980,-18056,-167,62,1
1552,-3116,-18144,-140,108,9
1632,-2988,-18008,-158,116,28
1684,-3124,-18032,-161,78,17
1664,-3112,-18208,-165,112,8
1704,-3052,-18016,-161,71,12
1660,-3012,-18108,-156,100,27
1608,-3120,-17964,-167,107,8
1804,-3096,-18104,-161,87,12
1676,-3076,-18052,-163,115,13
1712,-3152,-17888,-182,62,16
1596,-3124,-17892,-157,93,9
1560,-3060,-18000,-159,88,6
1692,-3072,-18040,-153,79,5
1632,-3132,-18160,-163,88,-6
1580,-3128,-18100,-163,101,10
1656,-3140,-17984,-140,85,10
1716,-3064,-17996,-161,96,19
1656,-3100,-18052,-159,82,7
1716,-3060,-18068,-149,119,12
1688,-3144,-17928,-157,95,4
1540,-3048,-18012,-148,68,20
1568,-3200,-18268,-165,101,17
1636,-3044,-17912,-149,96,7
1708,-3100,-17864,-155,81,-17
1712,-3192,-18056,-159,105,-2
1620,-3032,-18064,-166,63,21
1604,-3096,-17964,-167,107,-2
1684,-3112,-18044,-168,101,27
1700,-3068,-17932,-168,82,3
1684,-3096,-18140,-176,112,2
1636,-3016,-18080,-168,80,12
1732,-3080,-17984,-147,100,4
1608,-3160,-17988,-150,97,2
1616,-3108,-18040,-156,98,-4
1744,-3020,-18064,-167,123,24
1664,-3052,-18124,-167,90,12
1736,-3116,-18060,-166,91,2
1724,-3036,-18148,-167,110,12
1712,-3124,-18084,-169,63,5
1680,-3076,-18004,-148,71,2
1700,-3064,-18232,-162,75,12
1648,-3004,-18004,-156,109,25
1716,-3168,-18132,-176,93,6
1720,-3048,-17972,-141,105,3
1668,-3140,-18016,-142,86,14
1556,-3080,-17924,-146,80,17
1728,-3028,-17920,-180,95,6
1648,-3164,-17948,-155,89,15
1624,-3024,-17944,-164,95,6
1604,-3040,-18064,-139,102,-1
1660,-3164,-17920,-153,69,25
1640,-3064,-17964,-153,92,21
1700,-3096,-18192,-149,87,2
1728,-3096,-18216,-165,81,29
1692,-3036,-18084,-156,89,1
1600,-3068,-17908,-162,82,14
1720,-3016,-18064,-164,102,1
1604,-3092,-17892,-161,100,3
1716,-3012,-18084,-143,83,6
1652,-3108,-17848,-154,82,9
1624,-3072,-17976,-149,68,16
1616,-3036,-17948,-144,109,9
1532,-3076,-17940,-178,101,21
1632,-3048,-17936,-171,88,-1
1672,-3120,-18016,-157,106,22
1636,-3100,-18140,-165,92,9
1720,-3064,-18084,-153,88,7
1616,-3080,-17980,-158,86,6
1692,-3132,-18108,-156,85,13
1624,-3064,-18076,-130,121,28
1648,-3044,-17848,-183,61,13
1732,-3160,-18028,-138,119,32
1572,-3112,-18044,-153,74,9
1604,-3128,-17692,-154,93,9
1664,-3064,-18008,-173,95,12
1676,-3108,-18080,-153,95,13
1688,-3084,-18024,-166,100,32
1684,-3076,-18056,-162,103,-11
1588,-3092,-18076,-147,105,7
1668,-3144,-17984,-153,69,15
1696,-3016,-17996,-154,83,14
1580,-3104,-18028,-170,98,19
1744,-3092,-18144,-163,109,33
1556,-3092,-18068,-161,83,-3
1584,-3116,-18056,-157,84,10
1708,-3172,-18092,-164,96,0
1680,-3020,-17932,-148,73,4
1696,-2996,-18104,-158,84,-2
1688,-3164,-17908,-160,106,38
1612,-3164,-18048,-172,113,11
1632,-3088,-18156,-161,60,6
1720,-3040,-17876,-163,92,30
1680,-3076,-17940,-150,108,40
1536,-3168,-18072,-149,109,-8
1664,-3116,-17916,-159,92,3
1628,-3120,-18084,-173,107,2
1632,-3112,-18032,-164,77,23
1724,-3140,-17944,-143,103,16
1716,-3092,-18176,-167,74,18
1620,-3112,-17964,-154,92,-1
1648,-3040,-18256,-153,95,9
1656,-3080,-18104,-158,92,3
1744,-3060,-18036,-160,112,-2
1688,-3088,-17876,-157,92,30
1604,-3140,-18092,-167,122,1
1676,-3108,-17964,-155,90,29
1716,-3104,-18084,-152,104,8
1688,-3008,-18204,-167,100,14
1720,-3100,-17972,-150,82,-12
1708,-3180,-18048,-172,100,-10
1560,-3012,-18064,-162,82,26
1608,-3212,-18064,-153,96,-1
1736,-2972,-17972,-171,75,8
1664,-3128,-18100,-169,104,-10
1580,-3068,-18048,-158,102,29
1576,-3048,-18012,-164,87,0
1604,-3088,-18096,-153,101,9
1612,-3064,-17992,-158,98,11
1576,-3044,-17956,-147,117,44
1668,-3060,-18208,-155,119,1
1616,-3016,-18124,-154,73,7
1604,-3108,-18156,-148,85,1
1636,-2992,-18032,-157,80,12
1728,-3060,-18072,-162,103,27
1672,-3160,-17960,-159,58,4
1724,-3092,-17952,-148,100,5
1652,-3084,-18036,-147,99,14
1632,-3128,-17996,-164,113,3
1588,-3084,-17812,-146,94,22
1720,-3040,-18040,-157,66,2
1712,-3112,-17960,-164,79,26
1592,-3044,-18016,-138,111,30
1620,-2996,-18056,-159,109,27
1660,-3096,-17980,-161,115,30
1652,-3204,-18028,-162,90,17
1660,-3072,-18072,-156,132,6
1632,-3172,-17888,-153,88,3
1668,-3096,-18216,-172,110,6
1668,-3088,-17972,-173,97,8
1668,-3016,-18112,-153,137,2
1712,-3048,-18172,-142,98,7
1732,-3116,-17968,-159,85,6
1608,-3104,-17936,-158,92,21
1620,-3124,-17980,-166,104,-8
1656,-3104,-17988,-164,87,8
1640,-3128,-18160,-168,104,5
1620,-3128,-18016,-159,104,32
1668,-3056,-18052,-166,92,-5
1576,-3104,-17920,-148,107,17
1600,-3088,-17976,-168,63,-2
1596,-3064,-17864,-153,110,28
1628,-3068,-18084,-150,110,22
1620,-3072,-17948,-153,69,2
1664,-3124,-18100,-158,113,25
1640,-3144,-18116,-162,97,12
1560,-3064,-18052,-145,61,2
1552,-3148,-18036,-149,94,26
1660,-3064,-17908,-178,103,23
1560,-3100,-17964,-144,94,11
1656,-3112,-18120,-141,152,-2
1700,-3144,-17928,-160,112,-10
1544,-3080,-17988,-153,43,20
1620,-3184,-18148,-153,144,8
1608,-3108,-17872,-161,129,24
1632,-3060,-18044,-163,61,0
1588,-3192,-18080,-155,118,13
1624,-3044,-17864,-158,86,6
1712,-3096,-17848,-151,88,23
1632,-2984,-18040,-157,80,18
1692,-3100,-18144,-167,102,0
1708,-3096,-17988,-173,91,37
1732,-3028,-17892,-144,94,2
1768,-3084,-17920,-159,101,0
1732,-3108,-18060,-149,105,22
1532,-3080,-17972,-168,108,20
1716,-3032,-18180,-154,108,14
1616,-3068,-18040,-147,94,6
1400,-3536,-17996,-168,87,19
1516,-3468,-17916,-151,118,-16
1504,-3560,-17788,-162,34,10
1512,-3448,-17820,-149,109,28
1556,-3380,-18100,-172,108,21
1540,-3456,-18120,-139,87,9
1604,-3460,-17992,-156,79,25
1412,-3560,-17992,-159,98,0
1552,-3520,-18020,-163,103,2
1464,-3528,-17940,-177,99,20
1408,-3524,-17968,-156,92,18
1500,-3536,-17824,-164,105,4
1440,-3472,-17900,-168,110,-14
1500,-3536,-17896,-150,86,27
1440,-3552,-17820,-150,118,16
1432,-3456,-17872,-176,99,22
1528,-3508,-17784,-145,130,27
1508,-3484,-17996,-148,87,20
1472,-3476,-17984,-158,96,-1
1400,-3496,-18024,-152,112,-13
1436,-3528,-17852,-176,102,4
1384,-3452,-17936,-156,88,34
1500,-3504,-17968,-175,132,-3
1436,-3448,-17904,-163,117,6
1436,-3568,-18008,-141,105,5
1480,-3516,-18024,-159,123,15
1476,-3464,-17964,-149,120,25
1488,-3564,-18044,-134,99,17
1388,-3532,-18112,-158,104,4
1452,-3572,-17880,-158,86,6
1428,-3608,-17944,-163,110,4
1452,-3396,-17932,-152,110,7
1504,-3504,-17812,-151,74,-10
1452,-3524,-17836,-173,109,20
1476,-3460,-17928,-148,84,-7
1384,-3476,-17988,-140,92,3
1488,-3532,-18068,-158,100,3
1532,-3476,-17956,-170,94,15
1424,-3440,-18036,-143,71,5
1480,-3468,-18020,-172,96,16
1464,-3436,-17780,-152,100,15
1508,-3504,-17844,-149,99,12
1556,-3484,-18048,-152,110,26
1508,-3428,-17896,-163,103,-10
1468,-3536,-17980,-159,112,14
1468,-3516,-17940,-147,93,18
1428,-3456,-17976,-158,118,2
1456,-3388,-18060,-176,128,11
1492,-3508,-18048,-157,86,17
1488,-3556,-17892,-154,90,29
1424,-3424,-18016,-157,102,1
1520,-3540,-17944,-180,101,20
1448,-3532,-17940,-183,81,10
1476,-3364,-18032,-166,80,11
1500,-3420,-18048,-141,106,0
1396,-3508,-17980,-147,114,15
1524,-3504,-17948,-158,94,13
1612,-3372,-18032,-163,84,10
1460,-3492,-17992,-155,64,26
1484,-3508,-17956,-179,93,30
1560,-3508,-17960,-151,81,19
1476,-3504,-17944,-161,102,19
1440,-3468,-18028,-156,80,19
1536,-3428,-17956,-155,112,24
1512,-3528,-17856,-168,88,20
1548,-3488,-18012,-161,114,3
1560,-3512,-18016,-170,97,0
1472,-3440,-17792,-155,106,5
1556,-3476,-17972,-161,105,14
1548,-3496,-17788,-177,77,10
1440,-3480,-17936,-161,107,6
1448,-3532,-18016,-162,92,0
1452,-3404,-17832,-161,102,15
1532,-3532,-18016,-157,96,16
1596,-3488,-17936,-162,88,16
1468,-3508,-17928,-161,67,7
1388,-3512,-17944,-161,74,1
1488,-3576,-17960,-162,137,-2
1496,-3464,-17788,-145,86,12
1504,-3420,-17712,-159,81,10
1488,-3444,-17936,-167,105,17
1416,-3560,-18236,-158,86,5
1444,-3484,-18164,-178,77,10
1500,-3464,-18004,-155,122,10
1384,-3428,-18004,-163,116,24
1468,-3488,-17800,-159,91,14
1540,-3476,-17972,-171,109,9
1460,-3528,-17940,-152,116,4
1480,-3440,-18028,-169,114,7
1428,-3520,-17900,-149,77,26
1472,-3388,-17940,-159,107,18
1488,-3488,-17944,-139,105,9
1460,-3400,-18032,-148,101,9
1492,-3464,-18028,-160,111,5
1424,-3548,-17904,-164,133,19
1412,-3508,-18020,-154,98,12
1476,-3524,-17992,-161,106,14
1388,-3572,-18028,-168,145,12
1468,-3516,-18084,-157,84,12
1468,-3516,-18032,-146,105,35
1412,-3436,-17876,-163,108,34
1552,-3536,-18008,-149,116,15
1540,-3492,-18064,-146,126,14
1496,-3560,-18128,-152,91,29
1560,-3476,-17880,-173,108,19
1412,-3436,-17872,-189,98,19
1472,-3532,-17888,-132,102,8
1444,-3452,-17920,-143,78,11
1508,-3460,-17960,-167,121,14
1596,-3496,-17940,-161,119,27
1488,-3480,-17952,-151,80,29
1452,-3536,-17924,-159,99,6
1472,-3540,-18196,-139,105,11
1488,-3488,-18048,-161,118,14
1452,-3496,-17876,-160,130,15
1504,-3616,-17880,-161,110,-5
1464,-3464,-17956,-165,93,15
1444,-3580,-17968,-161,91,12
1492,-3556,-17956,-154,93,2
1444,-3528,-17992,-163,73,21
1444,-3532,-18068,-150,110,20
1572,-3540,-17956,-163,120,12
1436,-3448,-18024,-162,94,4
1404,-3468,-17804,-157,91,7
1620,-3524,-18084,-169,90,22
1500,-3456,-17876,-168,111,12
1528,-3476,-18020,-153,90,31
1388,-3480,-17976,-155,87,19
1476,-3584,-17892,-175,129,-11
1508,-3496,-18008,-163,68,21
1472,-3424,-18020,-176,88,18
1496,-3400,-17964,-159,92,16
1384,-3496,-17964,-147,118,10
1480,-3508,-18040,-169,63,12
1476,-3480,-17980,-175,134,-16
1424,-3492,-17976,-160,118,14
1452,-3456,-17832,-178,77,-17
1400,-3488,-17932,-141,94,20
1552,-3536,-17924,-174,112,16
1456,-3620,-17972,-180,103,34
1324,-3440,-18052,-158,59,17
1480,-3456,-18064,-159,135,10
1452,-3428,-17992,-158,117,22
1552,-3504,-17804,-160,92,7
1412,-3524,-18064,-166,116,19
1516,-3560,-18056,-165,105,26
1392,-3444,-17936,-164,72,20
1476,-3412,-18004,-170,110,22
1472,-3508,-18164,-151,106,12
1472,-3512,-17812,-153,69,7
1448,-3488,-18052,-169,80,21
1544,-3508,-17940,-152,106,15
1396,-3476,-18004,-164,71,-11
1444,-3480,-17852,-153,98,12
1472,-3432,-18000,-146,95,11
1620,-3400,-17984,-154,97,8
1564,-3588,-17912,-156,92,28
1332,-3484,-18016,-173,131,36
1448,-3516,-18100,-148,83,11
1496,-3548,-18040,-156,112,33
1500,-3428,-17984,-146,112,10
1452,-3560,-18012,-168,76,34
1468,-3444,-17920,-148,93,13
1504,-3440,-17932,-169,84,5
1416,-3436,-17956,-166,91,13
1440,-3524,-17848,-165,76,-4
1528,-3392,-18032,-166,107,13
1380,-3452,-18028,-164,112,13
1560,-3584,-18024,-189,116,30
1492,-3532,-18004,-161,106,-16
1452,-3476,-17956,-163,112,8
1556,-3540,-17952,-157,101,5
1472,-3456,-17884,-150,64,24
1480,-3424,-17852,-162,119,10
1436,-3548,-17812,-177,113,19
1492,-3384,-18040,-176,103,6
1512,-3404,-18000,-158,45,31
1508,-3532,-18012,-148,124,2
1424,-3540,-18020,-159,94,-5
1412,-3520,-17868,-150,134,17
1488,-3448,-17976,-152,80,3
1512,-3496,-17872,-152,111,-7
1524,-3468,-17768,-152,95,19
1540,-3560,-17992,-137,91,4
1520,-3576,-17892,-163,116,24
1436,-3532,-18012,-154,100,-11
1428,-3444,-17920,-168,112,0
1548,-3508,-18044,-156,106,13
1468,-3384,-18068,-163,71,14
1552,-3536,-17872,-148,68,5
1512,-3496,-17972,-154,85,-8
1592,-3588,-18052,-136,100,9
1408,-3436,-18032,-147,49,22
1512,-3520,-17832,-150,106,17
1412,-3572,-17944,-168,123,-2
1488,-3432,-17956,-162,91,15
1476,-3404,-18068,-152,104,4
1524,-3496,-17960,-137,122,10
1424,-3492,-17692,-150,93,22
1576,-3496,-17848,-158,116,-3
1420,-3316,-17920,-164,90,37
1484,-3396,-17860,-162,99,2
1520,-3468,-17856,-157,100,9
1460,-3572,-17996,-136,119,24
1516,-3460,-17828,-148,64,22
1472,-3464,-17876,-147,104,19
1372,-3544,-17868,-166,99,19
1532,-3480,-17892,-159,69,31
1488,-3560,-17972,-152,90,22
1496,-3560,-17900,-173,163,16
1484,-3424,-18020,-146,43,7
1408,-3496,-17928,-143,87,22
1584,-3492,-17968,-166,126,8
1536,-3512,-17868,-153,90,19
1516,-3512,-17980,-144,57,1
1524,-3496,-17924,-168,126,12
1484,-3504,-18136,-158,57,27
1540,-3548,-17848,-161,98,5
1456,-3492,-17820,-156,112,29
1468,-3552,-17956,-172,106,12
1484,-3488,-17840,-173,93,30
1440,-3440,-17852,-158,122,17
1484,-3408,-17920,-162,109,32
1492,-3520,-18044,-161,78,8
1612,-3412,-17896,-159,109,-4
1416,-3548,-17804,-148,107,18
1556,-3512,-18088,-139,110,-5
1492,-3500,-17896,-150,112,17
1428,-3512,-17848,-148,94,9
1548,-3544,-17804,-161,121,19
1504,-3512,-18020,-156,65,-7
1452,-3404,-18012,-174,83,14
1492,-3428,-18084,-159,82,14
1412,-3504,-17896,-155,87,21
1568,-3484,-18016,-159,94,10
1476,-3416,-18036,-155,86,18
1508,-3528,-17792,-158,82,5
1500,-3528,-17968,-158,69,-1
1472,-3492,-17972,-169,107,-11
1384,-3496,-17740,-164,131,22
1452,-3476,-18108,-159,69,16
1436,-3432,-18028,-164,-10,18
1500,-3536,-17744,-165,222,-4
1456,-3556,-17996,-198,134,28
1540,-3384,-18128,-160,19,18
1408,-3560,-17940,-161,103,19
1512,-3496,-17904,-158,156,1
1468,-3472,-17912,-143,49,5
1524,-3480,-17800,-172,111,7
1368,-3544,-18052,-153,115,9
1464,-3560,-17904,-161,92,-4
1428,-3552,-17888,-161,95,-19
1520,-3488,-18072,-172,100,9
1520,-3436,-17976,-150,99,11
1420,-3416,-17892,-151,104,22
1468,-3524,-17888,-178,112,-5
1440,-3472,-18028,-153,76,-8
1464,-3452,-17976,-170,124,28
1492,-3540,-17980,-158,123,-2
1436,-3428,-18020,-167,71,18
1408,-3508,-17932,-160,104,-23
1440,-3468,-17980,-150,110,15
1420,-3456,-18044,-144,90,5
1532,-3464,-17992,-149,123,28
1428,-3516,-17736,-156,105,22
1536,-3440,-17944,-147,95,20
1368,-3520,-18124,-167,109,33
1492,-3436,-17804,-158,91,20
1500,-3468,-17852,-156,107,6
1468,-3476,-18160,-142,98,-5
1456,-3448,-17996,-144,110,18
1428,-3528,-17936,-141,112,13
1536,-3464,-18132,-164,103,-3
1348,-3444,-17968,-156,95,30
1408,-3452,-17920,-140,106,32
1480,-3504,-17984,-141,115,13
1476,-3600,-17920,-163,106,31
1476,-3456,-17928,-147,84,9
1448,-3448,-17988,-181,123,16
1496,-3496,-17944,-167,81,26
1580,-3352,-18060,-165,123,7
1436,-3520,-17768,-145,86,12
1584,-3468,-17928,-161,105,14
1472,-3492,-17796,-164,97,16
1472,-3540,-17996,-168,85,32
1512,-3496,-17972,-144,100,19
1448,-3496,-17956,-135,114,24
1476,-3520,-17972,-155,104,5
1508,-3540,-17976,-163,106,-7
1368,-3448,-18104,-162,109,11
1504,-3560,-17996,-173,98,30
1440,-3488,-17876,-155,115,13
1532,-3500,-17968,-142,96,6
1464,-3496,-18124,-164,110,7
1492,-3512,-17920,-166,86,34
1420,-3520,-18016,-167,105,15
1500,-3508,-17996,-145,109,11
1492,-3496,-17996,-149,75,35
1400,-3548,-17824,-169,108,10
1560,-3456,-17868,-150,110,5
1540,-3428,-18032,-138,96,23
1524,-3500,-17992,-159,111,26
1496,-3488,-17876,-167,133,19
1424,-3516,-18068,-182,100,18
1440,-3536,-18032,-166,100,20
1392,-3496,-17980,-179,59,8
1496,-3520,-17972,-157,94,-10
1524,-3424,-17960,-155,75,13
1552,-3596,-17916,-176,93,10
1448,-3480,-18060,-160,104,14
1568,-3504,-17988,-142,101,11
1480,-3408,-17952,-161,123,24
1404,-3508,-18016,-148,76,27
1484,-3484,-17988,-165,67,17
1440,-3524,-17804,-166,139,5
1448,-3564,-17940,-132,105,16
1484,-3476,-18000,-170,71,13
1540,-3404,-18112,-146,88,2
1496,-3392,-18024,-159,108,13
1472,-3460,-18120,-153,65,14
1496,-3376,-17884,-149,93,16
1428,-3520,-18000,-148,126,20
1472,-3464,-18032,-168,97,17
1540,-3468,-17948,-159,105,13
1520,-3536,-17864,-174,100,14
1544,-3468,-17988,-166,71,18
1528,-3404,-17896,-153,122,15
1560,-3468,-18036,-158,92,9
1500,-3560,-17908,-157,105,10
1468,-3420,-17952,-174,113,26
1496,-3524,-17852,-144,67,4
1484,-3604,-17800,-160,78,21
1524,-3480,-17892,-142,105,9
1512,-3548,-17744,-163,91,13
1496,-3492,-17860,-152,105,20
1524,-3496,-17980,-163,91,9
1504,-3508,-18032,-174,81,-3
1424,-3504,-17972,-158,77,11
1496,-3424,-18016,-142,138,7
1532,-3448,-18112,-164,97,-2
1416,-3488,-17904,-187,81,22
1564,-3524,-17872,-164,118,6
1480,-3536,-17952,-175,107,16
1444,-3508,-18064,-146,98,7
1520,-3508,-17852,-143,111,34
1476,-3544,-17872,-150,59,16
1492,-3448,-18120,-156,96,-3
1500,-3536,-17768,-157,100,30
1368,-3556,-18024,-159,89,16
1556,-3516,-17884,-153,82,19
1524,-3512,-18084,-170,112,14
1436,-3540,-18152,-149,87,-4
1544,-3428,-17972,-138,135,16
1416,-3596,-17892,-148,100,23
1508,-3468,-17824,-168,119,27
1540,-3532,-17876,-170,72,0
1480,-3524,-17960,-153,98,-5
1508,-3572,-17808,-142,95,0
1528,-3388,-17996,-139,113,1
1452,-3484,-18004,-162,92,-3
1468,-3528,-18004,-166,105,3
1444,-3508,-18052,-171,89,7
1548,-3448,-17836,-161,119,12
1516,-3508,-18036,-155,86,8
1468,-3532,-18008,-159,110,3
1560,-3396,-17984,-176,111,12
1476,-3448,-17892,-151,115,6
1472,-3424,-18032,-133,79,2
1428,-3452,-18056,-152,94,20
1428,-3472,-17980,-149,92,22
1540,-3392,-17948,-152,120,23
1464,-3540,-17760,-164,49,15
1564,-3436,-18080,-160,126,-4
1480,-3416,-17972,-156,98,22
1424,-3568,-17932,-158,95,-1
1452,-3416,-17920,-159,123,30
1528,-3468,-18160,-162,115,4
1544,-3608,-17912,-157,100,2
1448,-3488,-18120,-150,108,-1
1520,-3488,-17920,-179,128,12
1508,-3492,-17848,-160,84,0
1504,-3468,-18024,-156,113,12
1564,-3536,-17916,-159,139,0
1516,-3448,-18056,-161,65,13
1404,-3516,-17976,-158,108,18
1492,-3352,-18104,-151,107,9
1512,-3476,-17980,-155,59,20
1488,-3480,-17904,-152,110,4
1536,-3448,-18004,-174,127,21
1508,-3496,-18056,-143,67,5
1432,-3524,-17972,-152,124,15
1508,-3524,-17812,-155,79,19
1484,-3488,-17964,-153,83,14
1532,-3440,-17776,-167,61,19
1588,-3448,-18028,-166,101,22
1568,-3412,-18032,-153,120,20
1540,-3448,-17940,-149,95,1
1456,-3552,-18124,-144,66,5
1416,-3476,-18068,-154,104,20
1500,-3436,-17964,-157,69,17
1516,-3540,-18040,-172,69,22
1492,-3552,-17916,-164,103,18
1368,-3400,-17912,-156,60,18
1472,-3488,-17888,-154,123,-1
1532,-3476,-18012,-152,94,15
1496,-3376,-17876,-166,101,6
1452,-3408,-17960,-173,112,15
1520,-3508,-17980,-168,109,-6
1496,-3408,-17876,-162,114,24
1528,-3456,-18020,-160,99,8
1448,-3564,-17952,-175,127,7
1460,-3500,-17808,-167,92,19
1464,-3512,-17896,-176,90,7
1412,-3536,-17972,-154,80,10
1508,-3464,-17940,-165,85,8
1456,-3432,-18036,-132,77,18
1388,-3428,-17836,-150,99,21
1464,-3488,-17964,-150,122,6
1472,-3592,-17964,-160,118,22
1496,-3412,-18136,-160,59,3
1528,-3528,-17996,-157,93,3
1416,-3448,-17912,-161,120,13
1520,-3380,-17916,-161,103,-12
1396,-3544,-17976,-146,70,3
1504,-3504,-18112,-171,106,24
1476,-3520,-17988,-173,82,10
1396,-3480,-17920,-192,83,-9
1480,-3492,-17996,-151,155,11
1544,-3540,-17928,-154,85,19
1428,-3476,-17916,-156,90,9
1524,-3396,-17972,-167,83,18
1452,-3456,-17980,-164,108,12
1604,-3412,-18056,-151,143,10
1496,-3568,-17924,-160,103,19
1504,-3456,-17976,-164,12,16
1452,-3544,-18020,-172,166,2
1460,-3508,-17884,-153,66,-2
1456,-3444,-18100,-146,61,21
1464,-3476,-17824,-163,81,15
1368,-3440,-17876,-153,109,20
1424,-3632,-17860,-134,73,26
1444,-3440,-18072,-162,133,19
1580,-3472,-18036,-156,86,11
1544,-3400,-17916,-156,109,14
1600,-3488,-17920,-153,63,-3
1600,-3492,-18028,-163,130,8
1444,-3508,-18020,-173,82,3
1348,-3392,-17888,-146,100,22
1476,-3348,-18048,-132,82,16
1496,-3544,-17900,-173,128,15
1472,-3444,-18060,-165,82,15
1448,-3544,-17760,-160,108,7
1488,-3472,-17792,-155,117,-8
1540,-3472,-18076,-152,84,15
1540,-3472,-17824,-157,102,2
1464,-3520,-18008,-163,88,12
1504,-3472,-17816,-169,112,9
1464,-3416,-17896,-166,81,23
1428,-3620,-18120,-156,95,5
1432,-3496,-17896,-165,102,-6
1392,-3460,-17976,-172,94,28
1596,-3484,-17920,-171,90,4
1396,-3516,-17952,-164,79,20
1504,-3436,-17964,-155,77,4
1456,-3420,-18040,-171,105,9
1440,-3528,-18076,-165,87,17
1472,-3468,-18004,-146,87,8
1492,-3540,-18120,-179,99,12
1464,-3456,-17928,-134,85,0
1464,-3516,-18180,-161,75,-1
1444,-3444,-17932,-174,95,1
1472,-3496,-17876,-165,114,22
1484,-3448,-18140,-183,55,15
1408,-3480,-18040,-155,105,7
1508,-3608,-17972,-172,66,20
1424,-3552,-17828,-192,98,-14
1444,-3448,-17964,-171,106,16
1448,-3484,-17856,-170,95,26
1428,-3472,-17920,-156,88,6
1496,-3440,-17988,-157,111,15
1424,-3456,-17924,-169,97,13
1480,-3548,-18032,-139,65,20
1468,-3536,-18140,-139,142,3
1564,-3400,-17952,-168,109,11
1540,-3476,-18032,-169,107,2
1524,-3428,-17852,-153,71,-6
1508,-3496,-18012,-151,123,28
1456,-3468,-17968,-162,101,20
1468,-3508,-17900,-159,63,20
1536,-3488,-17980,-155,69,12
1396,-3528,-17964,-152,98,8
1556,-3548,-17952,-156,112,24
1516,-3592,-17912,-156,89,12
1404,-3496,-17972,-173,83,0
1476,-3488,-17868,-162,83,3
1392,-3548,-17828,-157,102,22
1460,-3404,-18080,-154,86,18
1468,-3508,-17848,-163,117,19
1448,-3484,-17888,-165,104,14
1464,-3460,-17964,-162,114,26
1496,-3480,-17760,-166,106,1
1492,-3460,-18012,-142,113,20
1484,-3484,-17856,-149,94,5
1504,-3472,-17940,-164,111,7
1468,-3416,-17888,-142,100,-1
1388,-3400,-17864,-164,91,1
1504,-3480,-18076,-169,81,15
1408,-3488,-17956,-156,120,10
1456,-3476,-17988,-150,116,35
1500,-3492,-17872,-165,114,-4
1476,-3500,-17804,-159,75,13
1440,-3596,-17944,-171,113,1
1500,-3484,-17840,-158,87,15
1480,-3408,-17900,-166,100,-11
1556,-3568,-17980,-164,86,-3
1568,-3500,-17992,-155,79,-14
1484,-3548,-17940,-146,87,11
1500,-3588,-18092,-154,99,-4
1512,-3420,-17876,-168,125,12
1496,-3472,-18032,-160,90,17
1484,-3584,-17936,-155,113,6
1536,-3504,-18028,-161,108,-13
1432,-3556,-18040,-161,126,-12
1448,-3504,-18024,-157,92,16
1436,-3496,-17964,-171,92,23
1488,-3568,-17956,-174,97,36
1420,-3472,-17888,-153,92,21
1504,-3468,-18060,-170,75,-1
1484,-3620,-17964,-171,117,17
1460,-3504,-17968,-161,97,11
1644,-3464,-18028,-183,124,-17
1372,-3396,-17924,-158,94,14
1472,-3436,-18004,-154,81,35
1504,-3408,-17992,-163,131,9
1484,-3476,-17940,-158,93,6
1528,-3476,-18000,-167,114,8
1548,-3524,-17936,-155,73,10
1484,-3492,-17916,-151,112,10
1508,-3440,-17920,-166,104,9
1524,-3484,-17824,-166,74,17
1480,-3440,-17916,-140,89,-5
1404,-3392,-17996,-152,102,18
1552,-3592,-17768,-141,110,-1
1540,-3468,-17900,-165,106,1
1444,-3544,-17980,-163,113,5
1504,-3484,-17852,-147,121,24
1572,-3452,-17844,-175,70,17
1416,-3424,-18012,-151,96,8
1528,-3440,-17924,-154,94,18
1408,-3392,-17908,-172,113,17
1472,-3596,-17936,-165,94,9
1480,-3520,-17928,-163,122,-4
1440,-3516,-17876,-145,107,10
1500,-3448,-17908,-173,117,6
1452,-3484,-18092,-176,107,8
1520,-3436,-17832,-162,92,6
1492,-3496,-18004,-152,75,7
1544,-3500,-17820,-150,95,26
1532,-3536,-17748,-157,94,3
1536,-3516,-17860,-162,72,-8
1476,-3488,-17920,-167,112,27
1468,-3476,-17984,-164,72,7
1532,-3544,-17972,-150,113,-7
1496,-3536,-17988,-168,103,-5
1508,-3512,-17988,-171,134,27
1596,-3428,-18044,-153,95,5
1472,-3484,-18032,-161,101,5
1488,-3516,-17904,-173,101,33
1492,-3548,-18140,-152,97,18
1488,-3480,-18060,-168,101,10
1440,-3456,-17800,-142,112,18
1492,-3500,-17972,-173,106,-8
1448,-3432,-17944,-166,66,9
1440,-3516,-18016,-157,127,-2
1484,-3380,-17808,-174,101,-1
1496,-3524,-18016,-161,110,17
1560,-3456,-18032,-151,74,10
1480,-3452,-17944,-165,121,-8
1416,-3456,-18064,-163,99,11
1548,-3516,-18116,-160,115,8
1436,-3460,-17740,-148,84,23
1484,-3432,-18048,-156,84,14
1500,-3520,-17952,-161,94,-1
1448,-3496,-17944,-143,76,17
1576,-3452,-17984,-163,97,12
1496,-3456,-17928,-149,82,0
1560,-3464,-17900,-158,81,3
1448,-3476,-18108,-155,94,2
1540,-3496,-17920,-165,97,15
1588,-3556,-18080,-166,100,17
1496,-3508,-17868,-156,92,25
1528,-3504,-17888,-150,90,-3
1484,-3448,-17964,-165,103,14
1468,-3392,-18052,-169,120,22
1452,-3528,-17956,-159,137,16
1616,-3392,-17952,-162,106,-6
1552,-3464,-17900,-153,71,7
1432,-3564,-17944,-126,107,-3
1532,-3420,-18040,-166,96,7
1396,-3444,-17832,-162,92,12
1552,-3544,-17916,-162,92,8
1472,-3532,-18000,-155,95,4
1516,-3528,-18016,-164,102,14
1584,-3540,-18032,-164,85,-6
1556,-3568,-17976,-157,99,11
1472,-3468,-17924,-158,80,4
1480,-3456,-17888,-155,126,24
1516,-3536,-17820,-156,75,12
1540,-3480,-17984,-153,101,11
1540,-3460,-17892,-168,94,29
1500,-3440,-17820,-178,78,9
1520,-3464,-17920,-163,117,-7
1568,-3544,-17972,-160,123,13
1516,-3560,-17812,-158,79,7
1456,-3428,-18068,-173,74,0
1484,-3500,-18068,-161,123,4
1484,-3564,-17960,-163,102,-10
1548,-3536,-18024,-163,82,15
1476,-3500,-17972,-167,108,3
1508,-3456,-17940,-154,99,-3
1452,-3504,-17908,-148,126,43
1484,-3608,-17992,-169,72,25
1548,-3492,-18024,-144,126,7
1404,-3512,-17812,-148,74,13
1436,-3444,-17924,-173,126,6
1472,-3504,-17908,-161,80,6
1412,-3456,-17900,-167,107,4
1556,-3532,-18056,-176,141,-13
1500,-3548,-17940,-170,84,11
1496,-3508,-17964,-144,94,24
1464,-3536,-17952,-153,126,8
1532,-3488,-17888,-165,78,2
1408,-3600,-18136,-161,97,22
1512,-3484,-17864,-151,121,10
1472,-3444,-18052,-162,100,-3
1440,-3584,-17984,-152,90,24
1496,-3424,-17988,-166,116,5
1440,-3480,-18068,-163,123,2
1592,-3540,-17944,-157,91,17
1480,-3496,-18008,-165,74,-10
1344,-3452,-17840,-159,80,30
1564,-3472,-17908,-159,83,-14
1520,-3516,-18068,-145,108,19
1564,-3420,-17988,-157,96,3
1512,-3464,-17840,-162,107,22
1428,-3464,-18040,-154,79,21
1536,-3488,-17936,-155,107,1
1540,-3524,-17840,-165,108,35
1484,-3580,-17744,-162,54,-6
1472,-3524,-17840,-149,123,21
1504,-3504,-18016,-159,96,32
1356,-3476,-17976,-172,121,-6
1376,-3520,-18068,-164,81,19
1524,-3580,-17992,-155,110,9
1544,-3516,-17872,-152,79,15
1516,-3528,-17860,-167,122,7
1428,-3532,-18124,-161,112,-3
1616,-3472,-17924,-173,92,23
1528,-3428,-18036,-164,70,-5
1500,-3504,-17864,-165,139,-12
1464,-3496,-17988,-146,113,8
1496,-3528,-17824,-168,90,-11
1424,-3484,-18032,-186,75,22
1428,-3516,-18112,-177,141,13
1464,-3528,-18016,-163,99,20
1496,-3504,-17856,-159,85,9
1508,-3552,-17956,-172,104,3
1392,-3572,-17984,-144,100,3
1524,-3448,-17768,-176,102,19
1480,-3464,-17920,-140,99,30
1520,-3556,-17832,-168,114,7
1480,-3400,-17892,-152,83,1
1396,-3524,-18036,-166,85,-8
1524,-3500,-17804,-159,104,20
1528,-3544,-17828,-156,96,12
1476,-3508,-18076,-169,102,23
1384,-3464,-17968,-143,74,10
1516,-3488,-17988,-163,80,5
1508,-3432,-17928,-153,83,3
1408,-3592,-17916,-173,110,27
1428,-3392,-17864,-160,111,-2
1428,-3372,-17988,-151,98,15
1384,-3440,-17900,-149,78,6
1532,-3460,-17848,-147,103,29
1636,-3516,-18100,-148,105,22
1424,-3468,-18136,-158,111,7
1452,-3452,-18100,-146,88,10
1444,-3540,-17948,-169,87,36
1384,-3412,-18000,-169,88,17
1528,-3392,-17856,-163,58,38
1500,-3444,-17952,-163,99,-2
1448,-3468,-18088,-153,90,-5
1568,-3476,-17988,-153,89,10
1472,-3524,-17736,-176,118,21
1412,-3456,-18072,-156,85,7
1456,-3528,-18004,-161,73,23
1464,-3480,-17944,-172,102,28
1416,-3460,-17792,-163,116,29
1508,-3564,-17884,-153,90,14
1512,-3492,-17980,-158,93,11
1560,-3496,-17932,-160,112,17
1400,-3524,-18072,-162,110,12
1396,-3464,-17868,-163,98,-4
1524,-3536,-17972,-159,101,23
1576,-3424,-17772,-172,79,26
1476,-3480,-17880,-163,117,5
1448,-3508,-17932,-160,107,7
1428,-3396,-17908,-164,98,3
1520,-3448,-17928,-163,109,15
1508,-3484,-17916,-156,109,11
1384,-3564,-18008,-175,69,24
1472,-3512,-17972,-144,83,9
1408,-3460,-17848,-153,89,2
1496,-3348,-18068,-167,113,1
1496,-3524,-17948,-163,94,15
1452,-3484,-17944,-159,113,12
1588,-3572,-17828,-169,114,29
1532,-3464,-17944,-156,99,16
1532,-3520,-17900,-180,69,22
1480,-3484,-17956,-160,97,16
1448,-3492,-17928,-155,113,19
1480,-3512,-17928,-175,77,15
1508,-3560,-17924,-167,67,13
1476,-3424,-17948,-152,97,23
1504,-3448,-17936,-163,98,25
1468,-3400,-17880,-162,67,13
1508,-3380,-18000,-161,100,13
1576,-3480,-17880,-166,99,17
1520,-3476,-17916,-146,89,22
1508,-3468,-17956,-165,114,44
1536,-3488,-17992,-151,94,-6
1448,-3448,-17932,-169,101,3
1512,-3484,-18036,-163,92,6
1464,-3396,-17840,-162,88,36
1480,-3420,-17956,-182,133,9
1588,-3504,-17996,-176,76,1
1504,-3480,-17912,-154,104,-13
1452,-3508,-17980,-152,90,9
1476,-3444,-17832,-151,102,23
1528,-3464,-17988,-161,98,7
1416,-3396,-18044,-172,95,-8
1472,-3420,-17944,-148,115,6
1540,-3544,-17996,-175,86,20
1476,-3508,-18000,-145,107,27
1424,-3428,-17996,-161,75,20
1436,-3404,-18040,-163,111,13
1508,-3492,-17892,-171,118,28
1416,-3404,-17968,-184,107,12
1528,-3456,-17932,-158,113,29
1480,-3532,-17884,-133,120,13
1508,-3520,-17968,-172,86,17
1532,-3456,-17804,-172,93,21
1480,-3456,-17848,-153,92,10
1600,-3488,-17916,-143,82,30
1568,-3496,-17928,-163,95,11
1536,-3540,-17900,-157,101,8
1416,-3468,-17996,-144,105,18
1532,-3432,-18084,-167,110,-5
1544,-3604,-17984,-153,85,16
1496,-3484,-17944,-167,98,11
1464,-3388,-18104,-165,118,8
1504,-3512,-17896,-160,111,34
1568,-3416,-18100,-161,108,3
1520,-3476,-18084,-163,118,20
1452,-3468,-18076,-169,68,9
1572,-3436,-17960,-145,99,-18
1528,-3504,-17884,-161,122,19
1492,-3508,-17964,-158,87,18
1472,-3480,-18068,-169,94,10
1456,-3420,-17920,-167,95,22
1536,-3468,-17984,-149,110,33
1504,-3488,-17876,-159,84,28
1592,-3480,-17720,-159,98,33
1492,-3464,-17968,-176,101,8
1480,-3452,-17976,-163,126,17
1532,-3488,-17936,-164,118,15
1516,-3528,-18048,-177,111,9
1444,-3480,-17860,-171,125,18
1560,-3476,-17964,-155,86,25
1480,-3488,-17888,-167,82,8
1560,-3424,-18044,-161,96,16
1448,-3504,-17928,-163,123,4
1428,-3508,-17836,-175,107,10
1564,-3476,-17852,-158,109,16
1548,-3584,-17848,-156,111,31
1520,-3492,-17772,-154,107,-4
1532,-3392,-17972,-170,99,27
1460,-3464,-17844,-142,97,37
1456,-3508,-17908,-146,93,16
1484,-3444,-17876,-153,106,13
1528,-3480,-18084,-165,79,8
1496,-3456,-18080,-161,90,7
1488,-3544,-17892,-172,78,24
1496,-3488,-17968,-164,91,11
1532,-3504,-17856,-170,118,14
1484,-3500,-17944,-172,108,40
1500,-3392,-18048,-165,104,17
1436,-3508,-18088,-174,122,18
1440,-3548,-17860,-155,83,4
1436,-3492,-17872,-162,101,22
1472,-3548,-17940,-152,92,24
1444,-3456,-18016,-162,100,20
1556,-3480,-18000,-182,103,26
1472,-3580,-17948,-155,114,25
1472,-3484,-17920,-172,110,24
1488,-3388,-17936,-162,102,22
1536,-3460,-17940,-150,104,13
1528,-3440,-17900,-153,92,5
1444,-3484,-18024,-172,100,14
1640,-3480,-17952,-156,106,-2
1432,-3508,-17832,-162,128,11
1496,-3508,-18076,-157,123,13
1496,-3468,-17948,-168,64,18
1516,-3528,-17796,-180,100,-3
1528,-3476,-18012,-149,78,20
1464,-3416,-17820,-184,114,6
1544,-3520,-18180,-147,82,5
1520,-3500,-17972,-158,98,12
1444,-3408,-18000,-147,96,15
1536,-3564,-18084,-146,91,27
1560,-3448,-17812,-163,91,28
1512,-3540,-17972,-163,106,15
1432,-3472,-17904,-157,89,17
1572,-3460,-17876,-174,99,9
1500,-3464,-18024,-146,108,3
1528,-3404,-18028,-141,81,28
1508,-3480,-17808,-159,74,15
1400,-3480,-18144,-160,110,7
1528,-3488,-18092,-144,117,1
1472,-3500,-17892,-155,96,19
1400,-3520,-17924,-164,109,19
1524,-3536,-17792,-175,86,12
1528,-3464,-17860,-177,102,7
1456,-3436,-17940,-168,110,13
1388,-3424,-17880,-156,83,21
1392,-3512,-17956,-162,118,10
1596,-3428,-17992,-155,116,1
1508,-3480,-17924,-171,91,17
1532,-3532,-17820,-157,107,1
1484,-3476,-18008,-165,88,24
1468,-3444,-18080,-168,123,13
1468,-3464,-18020,-168,103,25
1564,-3516,-17964,-161,83,11
1512,-3408,-17928,-141,109,13
1468,-3408,-17816,-152,90,18
1536,-3412,-17748,-151,86,10
1480,-3492,-17964,-163,96,8
1572,-3456,-18092,-174,123,24
1476,-3460,-17868,-154,88,27
1500,-3424,-18052,-164,86,21
1444,-3520,-17896,-175,111,8
1508,-3520,-17916,-155,100,16
1544,-3520,-17896,-147,91,10
1484,-3496,-17904,-171,117,22
1476,-3480,-17940,-161,121,21
1492,-3420,-17936,-156,96,27
1572,-3548,-17856,-135,84,39
1572,-3448,-17936,-153,92,11
1580,-3420,-18068,-153,88,11
1432,-3468,-18092,-154,97,15
1444,-3600,-17928,-180,90,-29
1412,-3552,-17864,-165,72,30
1392,-3500,-17960,-168,86,4
1484,-3512,-17892,-152,109,14
1432,-3332,-17860,-164,92,8
1456,-3548,-17868,-154,79,18
1608,-3392,-17824,-162,89,21
1456,-3460,-17996,-184,76,21
1556,-3580,-18016,-167,90,19
1540,-3524,-17952,-164,104,27
1468,-3496,-17988,-119,-87,53
1460,-3488,-17912,-237,-49,-3
1500,-3452,-17796,-188,213,3
1400,-3448,-17972,-252,99,-32
1604,-3588,-18656,-327,57,-112
1552,-3440,-18144,56,-142,20
1552,-3508,-17956,-146,543,4
1436,-3420,-17916,-187,-110,20
1540,-3472,-17860,-161,4,14
1464,-3404,-17836,-159,161,14
1444,-3508,-18172,-151,243,6
1368,-3484,-17968,-148,-73,46
1492,-3516,-17856,-175,173,5
1436,-3464,-18040,-169,87,7
1432,-3516,-18100,-165,90,5
1432,-3404,-17928,-157,89,13
1480,-3476,-17872,-187,120,14
1460,-3536,-17796,-162,77,14
1396,-3524,-17992,-167,133,13
1396,-3476,-18084,-153,65,27
1448,-3496,-18160,-171,108,-1
1476,-3416,-18084,-169,103,14
1512,-3472,-18016,-162,92,28
1436,-3396,-18008,-153,81,14
1596,-3480,-17940,-176,127,24
1512,-3464,-17956,-168,104,10
1588,-3476,-17892,-174,87,14
1476,-3596,-17892,-142,110,20
1492,-3460,-17940,-143,62,28
1532,-3424,-17764,-162,144,4
1456,-3384,-18000,-160,99,14
1520,-3500,-17892,-157,133,2
1468,-3452,-17792,-153,87,35
1504,-3484,-17968,-148,83,20
1452,-3472,-17976,-167,99,19
1428,-3456,-17960,-164,106,2
1436,-3508,-17876,-156,92,-12
1444,-3612,-18028,-152,80,14
1512,-3568,-17988,-176,78,-4
1496,-3512,-18016,-161,127,9
1484,-3496,-17844,-171,87,9
1484,-3520,-17944,-165,84,6
1496,-3604,-17700,-178,111,12
1412,-3516,-17932,-179,114,-13
1516,-3352,-17836,-144,106,5
1544,-3468,-18024,-164,90,10
1500,-3552,-17876,-159,73,7
1484,-3504,-18036,-154,127,16
1476,-3516,-17944,-149,104,12
1524,-3408,-17924,-144,56,7
1508,-3544,-18016,-142,79,-4
1492,-3516,-17936,-168,133,19
1556,-3576,-18032,-159,107,26
1500,-3504,-17924,-153,101,12
1492,-3404,-17992,-170,80,26
1452,-3456,-17968,-157,75,20
1436,-3556,-17820,-162,69,17
1556,-3456,-17920,-160,126,13
1492,-3500,-17952,-155,121,26
1484,-3468,-17836,-137,86,12
1444,-3544,-17940,-162,108,14
1480,-3440,-17948,-159,84,20
1428,-3456,-17980,-162,98,8
1540,-3508,-18052,-172,100,-4
1456,-3508,-17832,-175,108,12
1528,-3424,-17868,-167,99,19
1556,-3448,-17872,-160,118,11
1572,-3492,-18040,-157,96,11
1468,-3532,-17828,-174,107,23
1412,-3452,-17952,-150,95,2
1536,-3444,-18036,-147,112,20
1508,-3480,-17916,-173,73,11
1500,-3496,-17964,-159,110,22
1564,-3424,-17940,-154,118,4
1468,-3480,-17872,-162,101,39
1476,-3468,-17876,-166,106,13
1488,-3488,-17832,-155,90,15
1440,-3508,-17984,-168,96,12
1456,-3396,-17932,-152,90,17
1612,-3508,-18016,-172,94,-4
1504,-3532,-17868,-176,96,16
1440,-3472,-17896,-182,76,-12
1548,-3488,-17952,-167,72,8
1432,-3500,-17936,-166,113,13
1428,-3508,-17940,-164,112,8
1452,-3484,-17892,-170,63,31
1492,-3412,-18056,-165,76,14
1568,-3496,-17952,-175,124,12
1484,-3468,-17912,-161,129,15
1484,-3448,-17972,-160,86,27
1516,-3436,-18032,-164,104,4
1468,-3464,-17996,-162,115,4
1436,-3456,-17780,-177,126,23
1552,-3508,-17896,-157,81,12
1388,-3448,-17912,-160,102,16
1400,-3420,-17880,-162,89,38
1484,-3432,-18156,-158,113,13
1500,-3504,-17932,-145,101,22
1564,-3452,-17992,-159,89,4
1580,-3396,-18024,-162,98,23
1452,-3516,-18076,-152,91,3
1504,-3600,-17996,-164,96,19
1472,-3496,-17908,-163,93,13
1500,-3480,-17920,-171,106,-1
1508,-3468,-18172,-165,96,14
1508,-3548,-17804,-177,101,3
1480,-3480,-17836,-147,118,18
1452,-3436,-17976,-163,72,20
1492,-3452,-17912,-146,125,2
1456,-3476,-17848,-167,91,21
1476,-3488,-17788,-157,96,27
1488,-3468,-18120,-172,73,-7
1456,-3504,-17944,-164,111,18
1420,-3524,-18100,-172,76,36
1484,-3404,-17972,-155,94,-12
1404,-3468,-17996,-167,110,6
1520,-3492,-17904,-156,112,12
1548,-3488,-17856,-163,121,7
1532,-3480,-18088,-153,107,9
1556,-3356,-17932,-177,100,11
1412,-3456,-17940,-153,95,5
1504,-3524,-18084,-152,92,-16
1452,-3496,-17744,-150,94,7
1508,-3528,-17868,-158,117,1
1524,-3440,-17868,-156,87,11
1540,-3416,-17976,-180,80,6
1488,-3464,-17944,-162,115,42
1444,-3392,-17840,-144,109,26
1396,-3516,-17856,-184,111,21
1420,-3484,-17872,-165,86,4
1400,-3504,-17732,-185,100,0
1464,-3516,-17840,-155,86,10
1500,-3604,-17924,-169,103,10
1492,-3532,-17924,-154,85,8
1544,-3408,-18004,-149,100,18
1588,-3468,-17944,-165,124,8
1536,-3580,-17992,-157,97,-2
1424,-3540,-17796,-161,83,28
1468,-3476,-18168,-147,97,35
1364,-3548,-17904,-147,102,30
1496,-3472,-17928,-171,122,18
1492,-3496,-17936,-144,95,10
1456,-3564,-18000,-174,81,25
1532,-3532,-18100,-152,97,22
1528,-3412,-17800,-168,77,24
1480,-3408,-17800,-164,97,8
1516,-3428,-17856,-156,94,28
1468,-3428,-17988,-166,80,27
1492,-3384,-17924,-165,122,-1
1488,-3544,-17912,-154,99,13
1456,-3456,-17972,-163,114,0
1540,-3496,-17820,-175,82,14
1488,-3468,-17852,-147,86,-4
1468,-3480,-17952,-142,81,25
1516,-3452,-18044,-163,110,-5
1456,-3444,-17928,-146,90,22
1528,-3564,-18152,-173,90,10
1412,-3472,-18048,-155,116,3
1428,-3464,-17896,-168,101,24
1456,-3460,-17900,-165,95,10
1440,-3464,-18092,-161,108,25
1464,-3628,-17880,-158,98,9
1492,-3440,-18000,-157,87,-2
1516,-3528,-18100,-160,117,9
1536,-3512,-18008,-143,108,10
1440,-3584,-18008,-178,95,17
1436,-3444,-17968,-160,91,25
1468,-3408,-17932,-164,95,31
1528,-3440,-17904,-161,108,0
1576,-3492,-18044,-142,109,13
1384,-3488,-17780,-173,109,10
1532,-3476,-18028,-170,81,6
1436,-3400,-18076,-156,103,2
1436,-3544,-17840,-149,99,15
1480,-3488,-17892,-156,98,10
1404,-3388,-17824,-139,78,14
1560,-3500,-17924,-148,38,19
1568,-3528,-17960,-151,103,18
1456,-3436,-17912,-161,105,12
1472,-3548,-17956,-163,120,6
1532,-3432,-17972,-160,107,19
1464,-3520,-17992,-170,111,12
1512,-3464,-17908,-147,100,21
1424,-3428,-17884,-176,57,13
1440,-3444,-17884,-178,105,10
1468,-3448,-17944,-146,106,3
1556,-3440,-17988,-144,94,23
1444,-3488,-18100,-164,116,10
1512,-3420,-18036,-165,73,6
1440,-3456,-17796,-160,114,9
1460,-3560,-18060,-157,91,22
1508,-3488,-18008,-164,104,24
1464,-3496,-17876,-162,100,7
1500,-3416,-18104,-163,83,14
1436,-3492,-17856,-164,109,-2
1384,-3508,-17900,-148,81,21
1544,-3516,-17868,-153,88,2
1440,-3460,-17996,-163,109,4
1604,-3476,-17980,-161,112,6
1460,-3564,-17952,-158,100,6
1484,-3528,-17836,-158,111,-2
1440,-3508,-18120,-174,103,15
1448,-3436,-17876,-170,107,-6
1464,-3444,-17816,-165,115,5
1452,-3544,-17884,-160,125,8
1476,-3424,-17936,-163,107,25
1424,-3468,-17936,-171,102,32
1532,-3476,-18052,-162,84,33
1464,-3480,-18076,-144,65,18
1508,-3428,-17916,-154,82,0
1400,-3568,-18112,-168,102,27
1500,-3492,-18008,-155,107,12
1476,-3456,-17936,-171,100,39
1456,-3600,-18100,-163,97,42
1476,-3404,-18072,-134,91,6
1596,-3452,-17992,-172,82,17
1508,-3476,-17912,-169,114,23
1536,-3444,-18036,-156,105,22
1428,-3460,-17900,-169,96,7
1508,-3532,-18056,-156,98,22
1532,-3512,-17864,-149,100,19
1596,-3456,-17932,-164,121,16
1460,-3480,-17912,-155,104,4
1444,-3504,-17956,-156,88,3
1488,-3468,-18024,-167,87,25
1456,-3432,-18116,-166,109,-1
1508,-3416,-18024,-161,90,28
1484,-3480,-17924,-174,97,15
1544,-3392,-18064,-163,104,21
1456,-3548,-17876,-175,86,11
1560,-3496,-17948,-141,74,12
1492,-3456,-17876,-167,116,16
1540,-3472,-17840,-142,107,8
1452,-3456,-18024,-177,77,15
1436,-3452,-18100,-162,86,19
1476,-3412,-18072,-141,128,7
1548,-3612,-17924,-153,94,29
1564,-3460,-17844,-158,81,18
1504,-3420,-17924,-157,126,9
1560,-3428,-17864,-166,99,19
1528,-3464,-17920,-162,98,19
1436,-3440,-17892,-158,87,15
1484,-3464,-17852,-164,115,16
1468,-3532,-17960,-139,114,22
1564,-3464,-17828,-164,80,2
1428,-3488,-17908,-179,77,15
1504,-3540,-17996,-158,90,16
1464,-3412,-18108,-174,104,2
1604,-3488,-18028,-146,92,14
1512,-3556,-17852,-161,91,15
1468,-3476,-17924,-161,94,-9
1436,-3540,-17820,-157,106,8
1468,-3416,-17708,-149,115,21
1560,-3476,-17976,-154,102,13
1396,-3516,-18120,-165,76,15
1568,-3524,-18088,-160,101,19
1476,-3332,-17992,-147,115,8
1404,-3436,-18048,-163,97,34
1396,-3476,-17928,-163,103,5
1504,-3476,-17964,-175,95,5
1424,-3520,-17888,-179,104,18
1508,-3384,-17980,-167,75,12
1480,-3484,-17972,-174,113,22
1560,-3488,-18012,-180,84,6
1520,-3576,-17876,-173,96,19
1372,-3536,-17860,-146,75,-9
1488,-3576,-17868,-154,107,8
1480,-3568,-17896,-163,109,13
1468,-3440,-17892,-171,93,10
1440,-3488,-18068,-168,94,20
1456,-3356,-17908,-180,128,29
1488,-3528,-18136,-155,101,15
1456,-3376,-18112,-163,137,12
1476,-3496,-17892,-158,109,0
1536,-3504,-18040,-174,109,2
1412,-3468,-17848,-171,96,-5
1444,-3524,-18004,-157,79,25
1532,-3448,-17992,-164,76,14
1500,-3556,-18044,-165,130,16
1516,-3484,-18048,-137,87,11
1360,-3400,-18028,-154,90,10
1408,-3456,-17784,-162,86,35
1468,-3528,-17928,-166,86,18
1564,-3500,-17916,-148,152,6
1500,-3424,-17968,-168,102,3
1452,-3436,-17992,-159,89,47
1592,-3552,-17924,-172,89,16
1524,-3388,-18040,-161,149,20
1452,-3504,-17968,-172,113,23
1508,-3436,-17964,-153,89,20
1448,-3436,-18052,-165,84,-3
1492,-3516,-17964,-179,75,38
1400,-3468,-17872,-157,104,17
1424,-3444,-17724,-158,86,4
1524,-3508,-18044,-157,97,5
1488,-3416,-17912,-166,108,-8
1496,-3508,-17944,-159,127,24
1428,-3476,-17896,-153,92,14
1472,-3464,-17916,-173,92,13
1504,-3496,-17980,-169,92,-6
1500,-3444,-18084,-172,92,13
1500,-3464,-17988,-159,101,5
1416,-3508,-17956,-156,129,4
1528,-3384,-17840,-158,98,29
1532,-3436,-18028,-166,91,23
1472,-3524,-17908,-163,112,12
1628,-3460,-17956,-167,117,57
1488,-3536,-17884,-189,114,0
1528,-3488,-17872,-166,100,18
1468,-3504,-17748,-162,115,-7
1504,-3488,-17872,-176,97,16
1428,-3424,-17908,-155,89,24
1568,-3488,-17892,-149,86,27
1464,-3392,-18084,-165,100,14
1520,-3504,-17892,-164,91,22
1468,-3496,-18036,-168,69,18
1480,-3488,-17856,-161,159,17
1388,-3452,-17900,-146,108,-2
1492,-3356,-17824,-159,76,9
1480,-3408,-17872,-159,127,28
1508,-3456,-18008,-155,106,35
1476,-3520,-18040,-164,47,18
1536,-3460,-17824,-165,98,-1
1516,-3496,-17872,-153,95,0
1428,-3500,-17880,-144,87,7
1484,-3536,-17964,-135,115,6
1456,-3524,-17936,-164,131,27
1528,-3580,-17924,-154,91,-13
1540,-3500,-17952,-141,64,23
1548,-3436,-17936,-177,133,23
1452,-3452,-17944,-180,89,17
1488,-3472,-17872,-165,114,15
1572,-3404,-18020,-162,53,8
1488,-3532,-17856,-172,101,33
1572,-3528,-17892,-164,110,19
1448,-3436,-17984,-166,107,10
1572,-3420,-18000,-166,40,21
1492,-3492,-17864,-164,83,27
1524,-3492,-18068,-181,123,20
1452,-3572,-18016,-150,98,3
1464,-3456,-17908,-170,105,19
1580,-3440,-17964,-199,94,17
1464,-3408,-17908,-146,99,24
1436,-3636,-18040,-168,100,29
1500,-3556,-18072,-173,50,4
1464,-3508,-17900,-177,77,20
1468,-3476,-18032,-161,97,12
1424,-3544,-17904,-149,61,30
1516,-3468,-18188,-157,93,2
1512,-3392,-17908,-157,116,8
1564,-3380,-17844,-159,72,24
1536,-3488,-17920,-154,95,27
1488,-3476,-18032,-174,123,-2
1452,-3512,-17924,-156,98,2
1528,-3376,-17836,-149,86,25
1540,-3496,-18064,-140,110,18
1364,-3540,-17860,-164,98,21
1516,-3504,-18120,-163,105,24
1496,-3560,-17944,-152,101,13
1456,-3468,-17816,-162,104,4
1456,-3512,-17996,-164,97,5
1444,-3444,-17828,-163,130,-2
1500,-3484,-18136,-163,102,24
1504,-3424,-17928,-169,112,13
1484,-3536,-18160,-175,94,14
1524,-3416,-17992,-168,99,28
1524,-3460,-17848,-148,65,-6
1432,-3424,-18116,-154,107,13
1468,-3568,-17984,-154,108,3
1592,-3540,-18036,-157,102,20
1500,-3420,-18072,-161,84,-4
1416,-3436,-18144,-163,82,33
1476,-3472,-18068,-171,77,9
1476,-3492,-17844,-153,107,2
1556,-3544,-18008,-163,113,10
1512,-3488,-18032,-154,94,26
1512,-3524,-17932,-150,106,31
1504,-3516,-17828,-152,122,19
1496,-3452,-17888,-160,93,6
1560,-3532,-18040,-171,118,15
1256,-3484,-18084,-169,97,45
1432,-3504,-17892,-168,107,43
1456,-3484,-17956,-162,85,15
1484,-3420,-18028,-170,109,3
1428,-3436,-17920,-154,98,21
1420,-3456,-18072,-174,95,9
1520,-3476,-17848,-158,95,-16
1420,-3480,-17980,-177,111,18
1552,-3524,-17936,-166,103,27
1476,-3436,-17928,-152,101,33
1492,-3548,-17820,-147,99,0
1528,-3520,-17792,-150,83,-13
1524,-3436,-17832,-150,111,1
1508,-3548,-18152,-173,103,13
1576,-3472,-18000,-150,77,20
1456,-3504,-18028,-186,104,12
1436,-3544,-18064,-149,115,16
1456,-3588,-18108,-152,92,4
1460,-3496,-17768,-146,109,21
1436,-3432,-17932,-160,121,19
1536,-3532,-17924,-166,95,11
1452,-3480,-17956,-154,121,-4
1504,-3556,-17856,-170,126,30
1500,-3456,-17832,-170,59,26
1464,-3440,-17852,-153,101,5
1524,-3560,-18148,-167,97,-3
1400,-3428,-18020,-151,91,1
1460,-3500,-17952,-155,97,28
1448,-3596,-17908,-180,106,12
1492,-3540,-17840,-178,86,14
1444,-3440,-17888,-160,108,22
1464,-3540,-17856,-166,101,15
1452,-3488,-17860,-147,114,22
1464,-3424,-17984,-168,78,25
1520,-3444,-17784,-152,80,-4
1520,-3528,-17984,-147,97,2
1532,-3388,-17768,-161,86,20
1448,-3524,-17888,-149,111,-12
1476,-3568,-18016,-181,94,30
1536,-3604,-18000,-158,77,35
1508,-3384,-18064,-176,85,24
1528,-3432,-17952,-164,99,17
1580,-3504,-18024,-161,96,0
1480,-3472,-17888,-152,111,10
1420,-3500,-18056,-155,115,15
1532,-3480,-18080,-165,80,13
1500,-3356,-17888,-151,90,1
1492,-3484,-17952,-171,81,22
1520,-3464,-17876,-163,116,6
1532,-3572,-18012,-144,118,33
1448,-3540,-17984,-161,106,18
1400,-3432,-18012,-174,108,16
1520,-3560,-17952,-157,103,22
1476,-3504,-17980,-177,99,21
1508,-3428,-17788,-158,123,19
1540,-3516,-17980,-140,100,16
1488,-3444,-17940,-158,94,-2
1440,-3412,-17904,-166,124,11
1464,-3492,-17812,-181,107,-11
1508,-3468,-17900,-161,83,-3
1504,-3448,-17992,-155,103,6
1476,-3448,-17884,-160,113,7
1368,-3536,-18080,-170,101,8
1436,-3404,-17964,-158,83,10
1592,-3496,-17848,-159,90,20
1444,-3476,-18104,-148,106,19
1488,-3428,-18092,-160,100,9
1488,-3432,-17876,-152,93,24
1536,-3480,-17832,-163,96,24
1492,-3464,-17928,-158,93,-3
1492,-3412,-17992,-172,85,12
1572,-3456,-17984,-156,82,0
1492,-3452,-17844,-153,79,28
1456,-3516,-18004,-171,83,8
1512,-3420,-17788,-162,107,10
1484,-3548,-17952,-163,126,19
1568,-3556,-17996,-161,101,20
1516,-3428,-17996,-150,99,35
1528,-3556,-18084,-177,128,15
1496,-3472,-18000,-166,128,21
1448,-3540,-17780,-185,115,8
1468,-3484,-18004,-161,80,12
1468,-3476,-17944,-158,88,28
1428,-3388,-18080,-154,111,32
1564,-3468,-17972,-162,104,22
1448,-3468,-18020,-160,102,8
1464,-3452,-17916,-164,89,4
1504,-3440,-18052,-162,101,1
1520,-3580,-17860,-158,87,14
1524,-3544,-17904,-162,105,20
1440,-3512,-17900,-158,74,-4
1584,-3504,-17912,-166,108,15
1428,-3560,-18044,-159,82,17
1488,-3528,-18048,-186,113,17
1460,-3540,-17968,-150,106,16
1520,-3492,-17752,-155,114,23
1516,-3540,-18112,-172,117,23
1460,-3544,-17932,-153,84,14
1496,-3540,-17832,-157,96,27
1432,-3488,-17940,-177,88,17
1568,-3424,-17952,-165,94,14
1576,-3452,-17888,-167,100,36
1472,-3496,-17932,-158,106,-4
1520,-3528,-18064,-163,117,15
1440,-3544,-17936,-168,102,25
1576,-3420,-17996,-169,96,25
1460,-3408,-17892,-167,98,11
1436,-3404,-18012,-176,104,31
1536,-3560,-17952,-161,102,1
1560,-3396,-17952,-166,90,1
1448,-3464,-17964,-149,105,2
1416,-3476,-17820,-159,95,34
504,372,-17460,-1058,-543,-104
452,452,-17432,-1078,-512,-80
544,408,-17548,-1063,-524,-63
456,432,-17404,-1047,-514,-90
580,496,-17416,-1050,-516,-83
472,380,-17612,-1056,-509,-89
520,504,-17468,-1058,-523,-101
412,488,-17392,-1071,-533,-72
532,360,-17488,-1037,-509,-87
400,416,-17368,-1069,-539,-110
436,392,-17500,-1055,-521,-73
548,360,-17436,-1064,-522,-84
528,396,-17396,-1061,-493,-88
556,500,-17476,-1043,-499,-70
496,508,-17364,-1056,-497,-102
440,436,-17556,-1048,-510,-96
528,396,-17400,-1064,-527,-107
384,380,-17512,-1051,-502,-89
516,408,-17344,-1077,-522,-86
416,364,-17328,-1057,-530,-87
408,432,-17404,-1060,-552,-69
480,444,-17524,-1081,-516,-111
648,360,-17552,-1055,-508,-68
596,336,-17540,-1053,-526,-75
684,328,-17592,-1046,-514,-103
456,392,-17464,-1050,-534,-90
552,376,-17328,-1067,-561,-83
504,372,-17408,-1065,-519,-91
432,404,-17440,-1058,-534,-81
524,472,-17484,-1068,-522,-106
456,352,-17320,-1063,-518,-76
488,480,-17576,-1059,-528,-89
568,480,-17492,-1073,-520,-87
468,440,-17560,-1047,-534,-92
492,432,-17476,-1064,-505,-90
496,420,-17432,-1067,-508,-66
528,464,-17428,-1055,-509,-90
424,380,-17440,-1071,-514,-86
436,448,-17472,-1046,-542,-95
472,384,-17416,-1064,-524,-89
336,388,-17484,-1059,-502,-94
420,440,-17452,-1060,-509,-96
496,396,-17556,-1080,-521,-84
464,412,-17460,-1072,-521,-95
540,432,-17432,-1049,-549,-67
476,316,-17432,-1056,-515,-81
432,424,-17440,-1077,-513,-80
408,488,-17380,-1062,-522,-69
516,404,-17332,-1043,-515,-99
412,324,-17448,-1077,-503,-77
412,496,-17484,-1043,-503,-100
704,452,-17484,-1054,-523,-92
548,476,-17300,-1053,-532,-78
464,464,-17564,-1060,-509,-84
532,424,-17392,-1074,-525,-107
436,356,-17468,-1072,-499,-72
472,240,-17444,-1069,-517,-59
368,480,-17404,-1062,-528,-103
536,520,-17312,-1069,-521,-69
408,364,-17384,-1078,-514,-81
520,404,-17456,-1070,-536,-105
592,452,-17492,-1067,-507,-68
656,480,-17436,-1081,-509,-95
492,452,-17412,-1066,-525,-103
412,468,-17520,-1063,-520,-71
532,420,-17496,-1073,-523,-95
484,456,-17428,-1055,-540,-84
368,372,-17384,-1065,-504,-70
568,468,-17484,-1057,-516,-80
416,316,-17388,-1077,-518,-76
432,428,-17488,-1070,-502,-93
444,388,-17516,-1048,-523,-88
480,388,-17528,-1053,-521,-104
512,408,-17364,-1038,-502,-93
576,472,-17240,-1065,-523,-95
600,420,-17576,-1066,-502,-80
440,356,-17444,-1038,-506,-84
576,428,-17468,-1072,-526,-91
524,504,-17416,-1074,-535,-92
500,472,-17500,-1075,-502,-66
592,396,-17456,-1061,-530,-94
532,436,-17452,-1043,-536,-91
548,408,-17412,-1071,-519,-95
520,396,-17496,-1049,-521,-87
532,500,-17428,-1059,-544,-89
672,436,-17500,-1065,-529,-85
512,376,-17448,-1055,-518,-87
472,424,-17432,-1038,-520,-89
652,400,-17460,-1077,-515,-98
500,460,-17444,-1074,-544,-93
540,440,-17596,-1072,-501,-91
488,424,-17324,-1068,-523,-94
432,348,-17500,-1052,-503,-72
508,396,-17584,-1072,-536,-87
464,472,-17500,-1089,-513,-73
348,484,-17508,-1059,-526,-77
544,384,-17448,-1050,-512,-90
532,412,-17396,-1057,-541,-80
468,492,-17420,-1071,-512,-91
520,440,-17360,-1049,-532,-87
488,292,-17440,-1059,-486,-72
412,460,-17600,-1092,-525,-90
536,480,-17504,-1054,-498,-82
448,300,-17488,-1062,-516,-93
368,376,-17336,-1056,-523,-85
492,440,-17396,-1073,-528,-86
444,400,-17560,-1073,-520,-98
472,464,-17508,-1072,-522,-85
480,336,-17456,-1064,-503,-85
368,396,-17392,-1066,-522,-103
592,472,-17492,-1057,-538,-62
508,528,-17480,-1092,-506,-94
512,492,-17444,-1074,-533,-93
588,408,-17508,-1069,-490,-57
488,444,-17508,-1080,-522,-58
448,488,-17360,-1064,-498,-90
492,484,-17452,-1085,-538,-86
540,496,-17484,-1058,-532,-93
416,316,-17340,-1060,-524,-84
488,328,-17420,-1068,-512,-79
532,464,-17472,-1055,-522,-89
512,464,-17592,-1043,-542,-97
652,408,-17388,-1042,-541,-82
496,452,-17412,-1067,-514,-78
524,496,-17464,-1066,-517,-85
536,280,-17604,-1070,-506,-85
512,340,-17492,-1086,-524,-86
616,464,-17376,-1067,-522,-84
464,464,-17444,-1060,-529,-73
524,444,-17376,-1059,-502,-99
528,348,-17460,-1072,-532,-69
484,364,-17336,-1076,-510,-78
516,424,-17348,-1068,-512,-100
440,516,-17528,-1061,-500,-85
508,396,-17356,-1062,-532,-117
440,420,-17296,-1074,-538,-77
424,432,-17256,-1074,-532,-75
336,408,-17256,-1051,-521,-94
344,404,-17484,-1060,-521,-76
500,516,-17520,-1064,-515,-73
456,408,-17440,-1063,-515,-87
580,432,-17416,-1077,-516,-60
420,352,-17396,-1072,-501,-84
500,264,-17316,-1055,-506,-75
332,400,-17500,-1052,-515,-89
436,444,-17544,-1057,-544,-87
440,316,-17496,-1074,-509,-87
384,412,-17396,-1058,-535,-71
488,488,-17548,-1058,-521,-90
524,440,-17424,-1065,-507,-73
452,476,-17420,-1048,-533,-105
556,460,-17364,-1079,-520,-88
564,404,-17300,-1068,-521,-80
584,440,-17348,-1046,-513,-93
564,352,-17536,-1060,-520,-100
352,456,-17456,-1027,-514,-80
404,376,-17604,-1070,-492,-97
504,420,-17404,-1062,-527,-70
348,408,-17488,-1058,-503,-72
484,336,-17420,-1073,-531,-81
496,424,-17352,-1091,-526,-97
456,388,-17312,-1068,-489,-90
528,360,-17392,-1063,-508,-79
528,412,-17380,-1060,-502,-107
396,372,-17276,-1064,-532,-84
640,432,-17408,-1055,-515,-84
576,396,-17424,-1078,-527,-98
528,520,-17476,-1051,-526,-85
460,376,-17452,-1064,-506,-84
544,376,-17428,-1098,-505,-89
496,472,-17500,-1063,-506,-102
596,540,-17444,-1067,-512,-72
412,344,-17540,-1062,-503,-58
560,528,-17396,-1049,-519,-108
348,396,-17536,-1055,-502,-92
456,380,-17436,-1088,-513,-83
528,484,-17452,-1080,-499,-57
352,500,-17552,-1066,-542,-92
472,416,-17444,-1070,-492,-96
608,400,-17444,-1073,-537,-93
448,396,-17444,-1049,-526,-88
476,436,-17404,-1072,-505,-77
464,460,-17460,-1056,-520,-104
476,388,-17380,-1051,-519,-87
480,384,-17388,-1073,-519,-75
448,376,-17492,-1061,-517,-92
608,404,-17512,-1065,-529,-79
488,340,-17600,-1046,-504,-98
636,424,-17432,-1077,-508,-100
520,384,-17440,-1057,-522,-88
496,408,-17520,-1069,-507,-93
424,424,-17512,-1071,-523,-71
424,444,-17404,-1067,-511,-100
388,448,-17532,-1067,-524,-83
424,364,-17392,-1058,-513,-99
292,376,-17440,-1083,-513,-88
368,376,-17392,-1041,-511,-81
492,412,-17504,-1038,-517,-95
480,380,-17424,-1088,-510,-86
464,476,-17536,-1071,-540,-82
432,364,-17388,-1080,-540,-106
560,528,-17464,-1069,-507,-93
400,312,-17324,-1054,-526,-95
592,488,-17408,-1052,-534,-88
452,540,-17372,-1075,-544,-94
560,504,-17456,-1071,-528,-110
504,308,-17396,-1065,-539,-87
432,396,-17496,-1059,-522,-84
396,288,-17456,-1053,-518,-89
444,392,-17248,-1054,-528,-110
408,364,-17568,-1077,-511,-79
552,496,-17532,-1052,-525,-96
376,484,-17568,-1064,-530,-61
580,496,-17508,-1053,-514,-74
488,336,-17464,-1094,-513,-73
412,420,-17420,-1061,-508,-84
568,508,-17368,-1084,-504,-98
508,424,-17400,-1083,-502,-91
488,524,-17448,-1055,-499,-71
400,408,-17552,-1081,-500,-118
536,456,-17372,-1050,-523,-97
516,456,-17448,-1057,-520,-97
628,512,-17396,-1048,-534,-85
524,460,-17532,-1051,-518,-101
528,452,-17308,-1080,-498,-105
544,444,-17568,-1054,-493,-94
520,408,-17400,-1058,-499,-99
592,360,-17496,-1051,-541,-93
576,492,-17332,-1051,-512,-97
432,364,-17388,-1070,-526,-79
632,456,-17544,-1071,-520,-77
588,420,-17248,-1056,-509,-92
460,440,-17472,-1062,-529,-75
472,452,-17372,-1075,-510,-68
536,520,-17476,-1062,-513,-92
408,332,-17428,-1056,-528,-90
564,380,-17368,-1056,-512,-71
584,380,-17456,-1071,-520,-89
580,500,-17448,-1049,-517,-98
580,492,-17460,-1069,-538,-89
620,496,-17420,-1067,-524,-88
564,444,-17472,-1062,-535,-96
552,416,-17372,-1058,-516,-98
472,432,-17380,-1050,-529,-79
724,464,-17480,-1046,-513,-87
536,336,-17376,-1055,-524,-97
496,424,-17344,-1049,-514,-101
308,448,-17340,-1082,-507,-85
452,340,-17448,-1074,-538,-84
536,432,-17288,-1051,-537,-76
468,436,-17384,-1073,-512,-76
476,468,-17424,-1092,-520,-101
560,388,-17380,-1058,-529,-76
456,424,-17392,-1055,-498,-77
468,332,-17456,-1070,-516,-96
472,480,-17444,-1037,-542,-97
480,388,-17408,-1052,-510,-79
336,404,-17412,-1054,-502,-93
492,460,-17556,-1071,-501,-88
436,376,-17348,-1052,-510,-78
360,444,-17544,-1069,-523,-82
480,440,-17368,-1067,-526,-98
412,428,-17468,-1072,-538,-63
380,308,-17500,-1062,-532,-85
476,424,-17456,-1083,-539,-107
572,368,-17480,-1052,-521,-88
496,384,-17460,-1061,-494,-105
508,396,-17264,-1059,-518,-67
464,472,-17540,-1056,-523,-87
528,520,-17460,-1055,-522,-81
380,444,-17328,-1066,-522,-102
556,532,-17396,-1069,-504,-67
464,364,-17444,-1072,-510,-79
504,488,-17448,-1060,-513,-78
552,476,-17524,-1066,-500,-131
512,336,-17572,-1074,-510,-91
544,392,-17312,-1061,-523,-91
416,348,-17560,-1078,-538,-87
500,476,-17540,-1056,-499,-73
552,460,-17440,-1069,-509,-71
520,416,-17440,-1048,-519,-111
420,448,-17388,-1073,-511,-96
476,408,-17484,-1041,-514,-98
432,464,-17416,-1040,-538,-94
436,432,-17380,-1060,-513,-102
528,360,-17484,-1069,-521,-97
508,328,-17524,-1071,-509,-86
584,412,-17352,-1068,-525,-93
584,428,-17432,-1060,-495,-95
536,460,-17300,-1076,-549,-91
432,440,-17484,-1060,-498,-94
496,392,-17416,-1045,-508,-99
560,472,-17364,-1072,-529,-84
504,452,-17552,-1072,-536,-107
512,428,-17532,-1077,-521,-84
432,420,-17288,-1092,-524,-97
600,500,-17404,-1067,-522,-66
472,412,-17584,-1070,-503,-104
520,396,-17428,-1058,-519,-76
416,484,-17464,-1063,-516,-95
512,428,-17380,-1069,-519,-103
552,520,-17356,-1073,-539,-92
448,404,-17452,-1069,-538,-95
488,476,-17428,-1058,-520,-114
496,420,-17460,-1067,-523,-85
524,500,-17524,-1070,-509,-86
484,428,-17404,-1075,-507,-88
500,344,-17508,-1056,-528,-76
432,496,-17368,-1076,-519,-101
604,356,-17528,-1050,-522,-87
568,412,-17460,-1072,-553,-91
616,480,-17512,-1058,-529,-98
536,376,-17500,-1059,-498,-80
524,400,-17480,-1061,-522,-82
448,452,-17448,-1056,-526,-69
608,384,-17504,-1057,-519,-110
408,368,-17512,-1059,-538,-85
432,388,-17368,-1063,-515,-53
468,480,-17372,-1072,-519,-97
428,424,-17368,-1060,-528,-91
392,348,-17504,-1075,-519,-86
512,384,-17432,-1077,-543,-85
452,396,-17472,-1064,-506,-103
504,416,-17400,-1064,-520,-102
428,368,-17460,-1057,-503,-102
644,404,-17456,-1075,-512,-94
428,396,-17440,-1052,-508,-97
568,396,-17384,-1058,-533,-98
436,336,-17532,-1076,-529,-94
376,484,-17416,-1063,-500,-121
448,492,-17424,-1058,-536,-96
468,340,-17436,-1061,-505,-93
488,452,-17380,-1046,-519,-99
424,412,-17488,-1067,-539,-89
604,308,-17380,-1063,-527,-85
516,468,-17584,-1076,-516,-85
588,356,-17292,-1061,-512,-106
456,348,-17472,-1070,-535,-83
432,444,-17340,-1057,-521,-94
436,292,-17416,-1080,-493,-87
512,436,-17392,-1064,-531,-82
444,404,-17384,-1070,-502,-89
540,444,-17400,-1058,-507,-86
444,344,-17460,-1087,-534,-105
512,412,-17468,-1066,-527,-90
456,348,-17360,-1058,-535,-64
584,464,-17384,-1061,-520,-88
468,420,-17364,-1061,-518,-94
452,552,-17444,-1061,-527,-76
552,444,-17468,-1069,-519,-81
448,472,-17372,-1097,-517,-83
484,448,-17320,-1050,-523,-84
512,480,-17408,-1062,-501,-77
480,392,-17416,-1058,-540,-91
376,348,-17556,-1054,-510,-71
568,432,-17432,-1062,-499,-116
540,376,-17492,-1063,-540,-104
588,436,-17284,-1066,-512,-87
468,412,-17472,-1061,-510,-87
352,304,-17436,-1072,-503,-97
480,384,-17468,-1068,-534,-95
552,384,-17420,-1074,-522,-72
468,328,-17428,-1068,-528,-97
376,428,-17420,-1065,-532,-102
684,392,-17348,-1076,-517,-94
500,452,-17332,-1070,-504,-73
476,404,-17460,-1077,-520,-86
520,432,-17468,-1056,-503,-86
460,488,-17736,-1079,-526,-98
508,376,-17436,-1048,-526,-83
596,312,-17372,-1060,-510,-89
500,412,-17376,-1070,-520,-72
592,448,-17512,-1079,-521,-70
472,404,-17356,-1073,-529,-89
548,408,-17372,-1071,-506,-78
588,492,-17372,-1056,-515,-81
584,460,-17292,-1072,-540,-102
472,320,-17372,-1050,-517,-99
444,480,-17576,-1053,-519,-75
444,436,-17464,-1065,-518,-91
464,404,-17500,-1076,-536,-97
524,448,-17500,-1046,-502,-95
316,452,-17532,-1046,-523,-87
424,392,-17668,-1064,-496,-76
428,512,-17436,-1047,-533,-108
580,384,-17488,-1062,-517,-92
460,452,-17348,-1088,-517,-95
508,456,-17420,-1058,-514,-67
632,384,-17468,-1061,-545,-77
528,504,-17480,-1070,-533,-99
432,492,-17372,-1063,-504,-102
400,376,-17544,-1057,-516,-87
568,512,-17452,-1052,-521,-87
556,364,-17316,-1060,-522,-84
496,364,-17452,-1067,-524,-101
540,380,-17468,-1037,-514,-88
504,404,-17448,-1071,-539,-99
412,480,-17512,-1057,-529,-91
352,412,-17476,-1043,-514,-90
524,472,-17388,-1072,-520,-90
512,364,-17476,-1072,-518,-78
452,308,-17484,-1052,-512,-103
504,468,-17352,-1047,-523,-98
532,452,-17552,-1062,-525,-77
532,452,-17444,-1073,-539,-76
580,288,-17392,-1074,-538,-92
512,404,-17596,-1064,-529,-74
536,348,-17540,-1060,-517,-76
556,372,-17432,-1083,-521,-94
568,492,-17372,-1055,-561,-101
532,408,-17416,-1074,-516,-93
508,280,-17448,-1063,-522,-80
544,404,-17404,-1042,-538,-66
408,388,-17440,-1056,-517,-83
396,404,-17544,-1059,-518,-82
508,404,-17476,-1055,-507,-81
500,400,-17456,-1050,-524,-91
388,492,-17420,-1062,-522,-84
428,432,-17420,-1040,-513,-80
460,356,-17596,-1076,-544,-95
476,324,-17468,-1042,-520,-73
404,348,-17360,-1078,-525,-84
448,320,-17472,-1067,-517,-85
424,408,-17452,-1050,-516,-95
428,364,-17428,-1059,-531,-106
480,408,-17520,-1059,-517,-102
492,388,-17312,-1067,-515,-95
416,400,-17504,-1071,-525,-53
512,500,-17500,-1065,-515,-100
368,376,-17440,-1056,-550,-80
572,400,-17420,-1050,-483,-96
424,424,-17452,-1065,-508,-108
492,548,-17460,-1078,-500,-88
576,372,-17504,-1064,-503,-91
692,388,-17536,-1062,-528,-87
492,460,-17520,-1055,-522,-89
620,456,-17356,-1040,-532,-94
584,488,-17440,-1075,-523,-72
584,408,-17272,-1069,-498,-70
628,424,-17412,-1063,-551,-77
544,500,-17392,-1066,-513,-105
360,424,-17532,-1060,-543,-78
376,424,-17488,-1078,-553,-79
348,388,-17472,-1066,-527,-75
412,424,-17424,-1050,-497,-88
456,516,-17472,-1080,-530,-70
488,548,-17460,-1096,-520,-74
412,400,-17552,-1066,-495,-77
424,488,-17508,-1071,-514,-90
496,448,-17572,-1063,-518,-92
456,500,-17376,-1063,-505,-88
548,452,-17472,-1066,-537,-89
448,344,-17268,-1062,-532,-94
400,432,-17288,-1069,-517,-73
444,436,-17400,-1058,-517,-101
536,416,-17472,-1078,-539,-80
496,320,-17400,-1058,-539,-94
560,384,-17476,-1062,-516,-66
596,484,-17540,-1068,-531,-98
432,448,-17376,-1066,-497,-100
396,432,-17340,-1054,-538,-94
544,464,-17444,-1066,-522,-99
612,376,-17476,-1039,-505,-80
452,432,-17568,-1060,-500,-75
572,464,-17476,-1071,-519,-93
528,496,-17268,-1052,-523,-83
420,452,-17372,-1049,-519,-75
532,408,-17352,-1058,-510,-84
472,368,-17440,-1075,-517,-84
596,412,-17488,-1061,-489,-82
576,516,-17520,-1082,-525,-75
436,384,-17392,-1070,-517,-89
444,400,-17448,-1063,-514,-84
532,364,-17444,-1062,-523,-65
544,500,-17432,-1074,-510,-90
456,492,-17364,-1051,-526,-85
548,444,-17428,-1040,-533,-88
488,420,-17492,-1071,-521,-77
580,460,-17420,-1042,-534,-80
532,416,-17520,-1077,-522,-86
512,428,-17444,-1066,-519,-93
536,352,-17444,-1057,-531,-77
552,416,-17396,-1059,-528,-94
448,340,-17608,-1071,-519,-75
612,440,-17380,-1063,-535,-109
608,448,-17460,-1066,-533,-113
560,464,-17484,-1067,-533,-84
496,404,-17404,-1057,-512,-93
552,468,-17492,-1065,-528,-100
428,440,-17424,-1070,-515,-80
500,420,-17320,-1064,-508,-79
432,364,-17340,-1068,-487,-82
436,396,-17436,-1082,-502,-90
592,336,-17420,-1063,-517,-107
532,396,-17444,-1077,-518,-82
416,460,-17528,-1068,-506,-81
480,496,-17480,-1053,-491,-82
620,396,-17332,-1059,-530,-111
520,368,-17368,-1075,-531,-93
436,388,-17384,-1050,-526,-87
520,448,-17368,-1066,-519,-104
384,356,-17468,-1073,-498,-75
500,464,-17468,-1083,-527,-93
456,424,-17340,-1069,-516,-91
380,344,-17360,-1070,-529,-87
580,424,-17440,-1068,-514,-85
472,376,-17344,-1053,-529,-105
532,460,-17592,-1066,-515,-88
572,476,-17516,-1076,-506,-83
612,452,-17396,-1061,-520,-80
520,364,-17404,-1066,-518,-93
620,372,-17384,-1057,-538,-81
568,440,-17308,-1063,-538,-98
516,324,-17480,-1042,-501,-82
568,348,-17416,-1057,-531,-81
612,404,-17472,-1052,-510,-91
540,436,-17484,-1066,-548,-95
516,388,-17368,-1057,-513,-89
568,404,-17316,-1080,-493,-81
468,372,-17424,-1070,-532,-79
560,416,-17420,-1070,-541,-93
452,420,-17520,-1068,-538,-72
528,416,-17448,-1054,-501,-102
516,452,-17512,-1073,-536,-94
440,408,-17420,-1056,-523,-91
352,344,-17532,-1059,-541,-68
436,400,-17344,-1060,-510,-97
464,388,-17596,-1040,-544,-71
520,436,-17396,-1062,-530,-86
404,412,-17488,-1062,-522,-84
612,432,-17484,-1085,-504,-79
460,340,-17404,-1061,-518,-88
480,496,-17508,-1076,-516,-75
376,384,-17404,-1059,-523,-89
436,448,-17380,-1073,-492,-79
440,424,-17428,-1024,-522,-71
492,440,-17360,-1073,-503,-78
444,360,-17456,-1046,-511,-95
468,436,-17528,-1048,-522,-99
520,472,-17552,-1065,-534,-90
440,396,-17524,-1051,-522,-83
460,468,-17580,-1061,-524,-91
384,332,-17476,-1060,-530,-88
500,348,-17512,-1048,-525,-80
436,428,-17476,-1069,-537,-90
560,348,-17452,-1059,-508,-89
516,484,-17540,-1061,-518,-92
468,340,-17320,-1087,-507,-87
412,384,-17436,-1055,-534,-82
512,360,-17448,-1058,-523,-90
400,488,-17444,-1071,-518,-83
400,388,-17572,-1054,-506,-91
488,468,-17460,-1065,-518,-93
536,336,-17464,-1066,-531,-99
456,416,-17452,-1046,-536,-89
456,432,-17352,-1050,-503,-90
512,368,-17384,-1049,-523,-85
520,416,-17588,-1061,-513,-88
392,380,-17252,-1075,-515,-55
368,396,-17484,-1056,-510,-91
536,356,-17468,-1075,-499,-91
448,396,-17432,-1056,-526,-79
308,388,-17516,-1054,-534,-105
568,352,-17396,-1050,-533,-78
564,428,-17496,-1059,-523,-94
480,444,-17400,-1076,-530,-80
564,448,-17396,-1047,-520,-88
612,424,-17568,-1051,-537,-94
416,492,-17388,-1053,-499,-62
488,532,-17412,-1063,-517,-85
548,452,-17488,-1057,-526,-85
548,480,-17368,-1050,-513,-61
524,536,-17544,-1080,-526,-84
532,504,-17376,-1056,-522,-93
452,392,-17368,-1083,-526,-92
568,480,-17340,-1048,-500,-91
524,456,-17380,-1052,-535,-110
444,316,-17496,-1069,-512,-111
488,436,-17428,-1061,-533,-90
396,472,-17352,-1062,-508,-74
612,352,-17424,-1067,-529,-79
404,372,-17320,-1062,-525,-72
440,336,-17432,-1058,-535,-110
528,472,-17412,-1063,-525,-91
564,472,-17388,-1068,-541,-95
628,360,-17360,-1045,-513,-105
436,436,-17540,-1058,-505,-118
540,280,-17416,-1082,-523,-88
552,412,-17412,-1069,-539,-92
612,396,-17384,-1083,-532,-98
504,400,-17452,-1059,-519,-71
412,464,-17476,-1054,-529,-72
512,356,-17476,-1066,-520,-101
580,472,-17436,-1068,-507,-97
456,424,-17492,-1051,-538,-78
496,512,-17316,-1067,-514,-90
436,396,-17440,-1049,-490,-109
600,528,-17248,-1060,-519,-101
620,364,-17344,-1068,-523,-99
416,328,-17432,-1084,-522,-102
580,344,-17416,-1072,-544,-90
428,404,-17404,-1045,-556,-95
432,468,-17500,-1059,-536,-76
504,336,-17280,-1075,-505,-73
440,316,-17392,-1074,-527,-80
516,376,-17480,-1066,-532,-91
480,416,-17452,-1055,-527,-79
528,496,-17452,-1072,-512,-69
440,376,-17568,-1064,-523,-109
460,408,-17496,-1070,-508,-91
564,452,-17496,-1063,-526,-91
628,420,-17460,-1055,-520,-84
464,348,-17400,-1070,-515,-77
500,456,-17496,-1070,-523,-110
568,492,-17460,-1057,-504,-116
516,508,-17412,-1068,-523,-100
552,344,-17484,-1073,-521,-80
524,444,-17524,-1065,-500,-75
536,424,-17244,-1069,-535,-99
536,328,-17460,-1061,-525,-69
552,376,-17440,-1053,-523,-97
440,316,-17536,-1069,-522,-77
484,388,-17368,-1067,-504,-102
396,308,-17396,-1051,-510,-78
420,340,-17384,-1045,-499,-86
552,552,-17364,-1052,-543,-63
436,364,-17484,-1054,-508,-80
528,392,-17472,-1075,-547,-81
540,436,-17440,-1064,-509,-79
416,380,-17396,-1071,-498,-89
432,432,-17332,-1055,-514,-68
440,448,-17456,-1072,-529,-79
504,488,-17536,-1044,-519,-82
472,440,-17412,-1077,-485,-74
416,444,-17400,-1061,-535,-88
572,432,-17508,-1058,-527,-90
440,472,-17360,-1069,-515,-85
388,484,-17344,-1063,-511,-86
508,400,-17548,-1066,-519,-104
500,440,-17360,-1059,-533,-88
576,420,-17368,-1050,-484,-76
548,368,-17420,-1065,-532,-73
520,444,-17528,-1054,-510,-76
484,420,-17468,-1073,-519,-106
380,456,-17364,-1062,-501,-94
432,388,-17404,-1070,-501,-88
488,420,-17376,-1068,-529,-71
460,408,-17572,-1043,-505,-89
524,284,-17348,-1054,-535,-85
348,472,-17428,-1049,-516,-67
424,436,-17444,-1062,-518,-101
484,384,-17560,-1069,-517,-91
576,468,-17492,-1058,-532,-85
484,472,-17536,-1063,-525,-86
512,380,-17452,-1060,-515,-76
612,344,-17420,-1074,-529,-80
528,392,-17316,-1075,-517,-116
464,376,-17444,-1047,-510,-79
396,412,-17352,-1069,-517,-105
380,396,-17320,-1078,-504,-101
352,476,-17368,-1078,-509,-79
604,384,-17428,-1058,-524,-98
584,448,-17536,-1054,-537,-81
432,448,-17324,-1055,-520,-76
472,424,-17416,-1046,-523,-83
548,444,-17448,-1060,-507,-87
536,476,-17448,-1076,-527,-94
632,340,-17472,-1059,-521,-107
424,368,-17436,-1051,-529,-67
440,396,-17432,-1048,-512,-99
520,384,-17492,-1072,-519,-82
416,452,-17516,-1060,-532,-73
456,512,-17488,-1076,-528,-113
616,364,-17384,-1061,-508,-79
620,440,-17464,-1064,-517,-69
660,516,-17432,-1061,-542,-101
496,464,-17380,-1056,-536,-81
352,336,-17472,-1060,-513,-82
420,480,-17380,-1050,-518,-85
448,416,-17636,-1049,-530,-87
404,364,-17420,-1060,-535,-71
568,516,-17416,-1081,-539,-93
540,364,-17460,-1081,-500,-87
444,412,-17536,-1060,-507,-60
452,356,-17440,-1049,-526,-128
536,420,-17500,-1068,-497,-97
628,400,-17472,-1075,-517,-103
528,388,-17496,-1065,-507,-74
376,408,-17500,-1072,-522,-96
496,412,-17484,-1063,-520,-109
544,356,-17528,-1068,-501,-81
580,456,-17536,-1061,-497,-100
520,472,-17432,-1078,-491,-89
476,396,-17520,-1071,-514,-82
540,480,-17564,-1048,-524,-69
600,400,-17532,-1078,-510,-112
468,452,-17336,-1054,-508,-81
460,472,-17480,-1080,-534,-95
320,392,-17460,-1072,-536,-101
560,428,-17424,-1065,-518,-80
456,408,-17408,-1086,-512,-80
596,488,-17452,-1067,-514,-87
556,444,-17344,-1057,-508,-96
596,400,-17420,-1043,-558,-72
588,400,-17380,-1056,-513,-95
576,428,-17492,-1080,-522,-90
416,460,-17432,-1064,-512,-90
552,472,-17324,-1070,-531,-85
540,484,-17352,-1074,-513,-72
500,480,-17464,-1073,-541,-73
580,420,-17488,-1071,-535,-79
564,416,-17528,-1047,-526,-105
484,448,-17476,-1047,-512,-72
380,484,-17464,-1068,-517,-76
548,400,-17500,-1060,-509,-92
452,380,-17516,-1067,-537,-77
512,480,-17648,-1045,-503,-73
568,460,-17456,-1074,-513,-71
480,380,-17456,-1079,-498,-82
408,440,-17352,-1075,-534,-90
532,420,-17504,-1056,-535,-78
372,516,-17456,-1076,-550,-93
504,324,-17360,-1067,-517,-93
568,380,-17440,-1067,-518,-76
372,336,-17448,-1064,-539,-99
444,348,-17436,-1056,-535,-119
456,400,-17540,-1068,-525,-85
556,432,-17492,-1073,-519,-78
532,424,-17496,-1044,-546,-90
528,468,-17340,-1055,-523,-99
544,412,-17496,-1056,-511,-110
500,344,-17316,-1062,-514,-86
440,452,-17388,-1052,-556,-72
552,380,-17364,-1049,-506,-81
544,588,-17424,-1048,-516,-93
488,484,-17488,-1056,-510,-80
500,384,-17556,-1064,-517,-91
488,428,-17520,-1053,-525,-95
484,552,-17456,-1055,-525,-99
556,416,-17576,-1061,-524,-87
584,452,-17300,-1064,-539,-93
528,520,-17444,-1068,-527,-97
484,464,-17544,-1080,-499,-85
444,368,-17452,-1048,-537,-75
464,496,-17348,-1083,-550,-74
468,420,-17364,-1055,-546,-100
516,436,-17452,-1048,-524,-106
560,468,-17472,-1049,-507,-69
480,436,-17552,-1061,-539,-97
544,532,-17340,-1068,-504,-91
604,528,-17240,-1063,-508,-77
508,424,-17512,-1068,-519,-98
516,380,-17460,-1062,-535,-85
536,392,-17664,-1053,-540,-91
568,452,-17456,-1067,-554,-88
568,496,-17552,-1060,-517,-81
412,344,-17440,-1077,-535,-85
464,476,-17472,-1070,-522,-81
452,488,-17384,-1069,-505,-94
512,572,-17520,-1074,-531,-102
488,476,-17548,-1068,-547,-82
484,404,-17680,-1043,-522,-97
448,328,-17460,-1069,-516,-81
432,384,-17440,-1078,-501,-105
488,416,-17388,-1066,-500,-105
440,504,-17424,-1061,-528,-94
512,420,-17416,-1078,-508,-73
608,440,-17376,-1050,-542,-76
488,444,-17504,-1075,-505,-120
528,480,-17428,-1057,-502,-103
496,356,-17412,-1063,-493,-91
464,520,-17416,-1069,-517,-81
496,392,-17496,-1063,-513,-94
548,404,-17448,-1061,-516,-75
540,416,-17364,-1076,-525,-87
680,440,-17532,-1054,-500,-67
488,396,-17464,-1083,-523,-86
568,496,-17560,-1047,-509,-104
512,392,-17440,-1056,-516,-75
472,404,-17408,-1048,-550,-90
424,396,-17512,-1068,-498,-84
412,344,-17436,-1062,-524,-89
360,456,-17544,-1075,-521,-105
644,304,-17304,-1050,-522,-96
540,432,-17476,-1052,-533,-85
548,392,-17532,-1064,-493,-73
532,308,-17424,-1075,-497,-87
604,432,-17404,-1056,-517,-99
628,432,-17376,-1067,-545,-87
588,492,-17248,-1042,-521,-82
572,404,-17372,-1052,-528,-80
572,372,-17380,-1076,-500,-97
468,436,-17424,-1072,-534,-88
464,364,-17308,-1067,-537,-101
468,480,-17408,-1062,-514,-82
540,484,-17472,-1062,-522,-97
432,304,-17620,-1081,-511,-72
460,372,-17476,-1051,-503,-79
540,508,-17392,-1082,-510,-90
368,460,-17476,-1065,-519,-82
464,308,-17480,-1063,-510,-84
452,292,-17464,-1052,-516,-80
444,512,-17500,-1065,-526,-80
448,364,-17356,-1056,-525,-76
444,344,-17480,-1071,-528,-91
508,336,-17356,-1068,-526,-107
496,364,-17492,-1043,-528,-97
500,460,-17464,-1069,-527,-89
512,512,-17496,-1066,-505,-85
384,472,-17396,-1058,-537,-83
608,416,-17348,-1056,-526,-98
488,384,-17492,-1052,-527,-98
376,328,-17480,-1080,-514,-98
576,380,-17392,-1071,-512,-95
376,400,-17608,-1075,-526,-103
412,352,-17420,-1056,-515,-68
576,476,-17504,-1039,-506,-77
584,428,-17392,-1054,-524,-87
428,344,-17424,-1059,-539,-93
520,444,-17444,-1069,-534,-70
544,436,-17428,-1071,-545,-101
520,360,-17408,-1071,-522,-101
552,360,-17364,-1059,-512,-100
448,444,-17620,-1067,-531,-90
440,460,-17484,-1063,-534,-96
496,432,-17460,-1084,-519,-92
544,388,-17496,-1056,-545,-103
596,476,-17400,-1062,-528,-96
492,428,-17424,-1068,-535,-89
544,364,-17476,-1053,-527,-84
544,464,-17384,-1081,-502,-103
612,440,-17448,-1051,-508,-90
416,440,-17416,-1068,-509,-75
448,472,-17524,-1061,-532,-96
520,464,-17552,-1063,-496,-72
476,352,-17652,-1057,-511,-78
460,496,-17404,-1062,-529,-79
460,444,-17360,-1057,-506,-111
476,396,-17384,-1067,-529,-90
368,300,-17404,-1034,-496,-75
512,484,-17528,-1093,-488,-108
524,360,-17380,-1066,-521,-87
552,532,-17428,-1071,-519,-86
456,412,-17424,-1044,-527,-90
588,440,-17644,-1057,-519,-102
472,412,-17448,-1052,-521,-73
464,292,-17456,-1074,-550,-93
492,392,-17328,-1057,-520,-96
468,504,-17424,-1054,-518,-77
476,324,-17464,-1059,-535,-70
488,376,-17356,-1080,-490,-65
464,512,-17540,-1052,-508,-86
428,396,-17348,-1075,-527,-104
524,520,-17468,-1065,-518,-89
560,432,-17360,-1053,-520,-64
600,472,-17368,-1074,-520,-80
464,432,-17340,-1074,-517,-85
552,348,-17460,-1062,-524,-85
540,460,-17364,-1060,-519,-68
416,392,-17528,-1045,-489,-63
628,440,-17476,-1061,-503,-68
528,356,-17484,-1069,-520,-83
536,416,-17424,-1059,-550,-79
504,452,-17424,-1064,-527,-104
432,396,-17524,-1064,-511,-90
416,392,-17332,-1077,-521,-75
432,352,-17392,-1058,-515,-80
500,460,-17552,-1049,-524,-107
572,412,-17492,-1051,-532,-95
528,444,-17616,-1082,-521,-88
408,516,-17408,-1071,-520,-91
472,416,-17532,-1060,-507,-109
440,408,-17452,-1076,-529,-77
