-2648,10712,-13756,-1457,-1152,52
-2720,10868,-13436,-1499,-311,365
-1780,10436,-13684,-201,2654,967
-2560,10836,-13060,-940,516,1194
-2284,11324,-13236,-547,694,1902
-1904,11156,-13292,-748,613,1940
-1628,11044,-13952,-989,122,1003
-1844,11336,-13588,-725,510,1102
-2284,11020,-12892,-911,-221,929
-1492,11396,-14068,-1766,-468,771
-1348,11396,-13852,-3998,-1548,-102
-2076,11172,-14280,-6777,-2343,-386
-2156,11648,-13260,-10155,-4572,-672
-2284,12652,-12160,-13320,-5537,-831
-3132,13616,-11400,-15442,-5218,-1108
-3348,14480,-10528,-18062,-7755,-2208
-2916,15284,-10820,-15255,-22435,-7078
-3720,19200,-8700,-10908,-32768,-11968
-7584,14784,-6644,-10099,-32768,-3727
-9444,12728,-1656,-7309,-31761,6163
-1724,12432,-16888,30034,-9640,18752
-1980,5888,-7588,32767,-15776,23099
-5404,9436,-9208,30934,-2630,18339
-5856,11848,-10928,31392,-5499,721
-4032,16404,-14160,29197,-8011,-7065
-3720,16880,-16028,27605,-7154,-9691
1520,16764,-17320,23959,-12949,-10037
3204,18116,-15756,22864,-10668,-3915
2956,17204,-11816,19272,-13951,9605
-128,14716,-5536,13646,-14860,12691
-3196,14096,-4120,3920,-4076,11481
36,14944,-5692,-5476,7466,9907
-22796,9948,-32768,-1551,17770,-1997
9412,9180,-18384,-12099,20356,12235
18104,30528,-29696,-2495,16302,6789
-2592,9332,-15724,-3425,-4667,-1460
-576,9796,-15152,-2787,3615,2795
784,10044,-15388,-1846,2047,1773
-208,9544,-15292,-699,1695,1275
1196,10108,-15176,-1041,1042,1191
24,9792,-15212,-1453,-1010,-105
244,9508,-14728,-1343,-1070,263
-268,9732,-14728,-1781,-1286,466
-208,10092,-14968,-2399,-2550,619
-72,10892,-13504,-2381,-766,2057
604,10204,-14972,-2963,-523,1909
-1124,11120,-14476,-3934,-730,2448
-240,10876,-13488,-4722,-1018,2971
-304,11128,-14644,-4884,-196,2617
856,11748,-14880,-10321,-1119,2649
1284,11840,-16036,-18317,-4571,-1543
-3168,9488,-14880,-29910,-863,1722
-944,12728,-12584,-32768,-6968,12329
-7904,32767,-10944,-32768,-21386,11369
-4180,11684,-11764,-26834,-10884,20045
-3596,22720,-24552,13004,-23179,16332
-9956,4576,-10972,26566,-4058,-4298
-3152,9644,-11764,32767,-622,-18256
-212,10932,-10060,32767,3860,-22242
2512,15360,-18444,32767,-16455,-17779
1932,20712,-21752,32767,-14717,-12516
3844,32520,-17840,26973,-11502,-17893
932,30200,8852,16867,-26032,-21420
10140,29176,20312,-747,4707,-6867
68,-60,-32768,-3649,32767,3987
2296,28740,-19336,-24600,-4597,-4130
764,13812,-22600,-9793,-9249,270
-400,10500,-14848,-2790,-1014,256
-340,10672,-14068,-1669,134,688
156,10100,-15060,-568,101,-92
-220,10052,-15140,-663,-536,-423
-300,9872,-15080,-867,-1000,-741
-700,9944,-14548,-987,-380,-169
-856,10096,-14856,-1194,-342,-19
36,10236,-15036,-1522,-92,311
1580,9852,-15500,-1787,1186,219
-1932,9652,-15216,-2141,44,1699
-176,10312,-14888,-2598,-630,905
-724,10932,-14548,-2716,-306,1677
-80,10760,-14912,-4783,-447,1489
-788,10652,-15064,-5923,-801,1195
-232,11472,-14924,-10773,-1089,919
2312,11544,-14984,-17094,-1241,-437
276,8372,-14344,-31468,-8160,-3519
-4200,10128,-11936,-32768,-8236,527
-7088,29936,-10128,-32768,-9367,5935
-24,15536,-12364,-32768,-16833,4373
2936,-3304,-20680,-453,-7628,12583
-7016,6804,-15692,32767,6566,20223
-196,6724,-11876,32767,2594,13904
-5464,8392,-9856,32767,-7026,-4637
-1068,12520,-13820,32767,-6863,-15782
-4028,23104,-22576,32767,-4214,-21078
-4348,32767,-17000,32767,5726,-32631
8572,32767,6912,22488,2237,-24130
4832,31472,26532,-8725,2427,1234
-8940,3216,-32768,-32768,-20824,534
11476,14972,-8568,-7194,16130,10481
-876,11552,-16656,-3729,-4811,-1279
-628,9980,-15668,-471,-2102,-1544
-792,9752,-14816,-415,-907,-820
-1732,9132,-14844,-471,-1038,-733
-940,9636,-14796,-715,-198,233
-476,9708,-14996,-861,-47,616
-800,10136,-14936,-1169,-182,534
-744,10176,-14924,-842,278,617
-992,10064,-14852,-583,2,322
-924,10108,-14960,-743,249,782
-500,10216,-14780,-687,-53,633
-976,10072,-14628,-1092,632,1385
-132,10492,-14268,-1377,376,1484
-868,10060,-14780,-1111,148,1636
-924,9548,-14068,-1706,15,2602
160,10692,-14332,-2922,1028,3057
-40,10084,-14632,-3862,795,3112
-260,8656,-16832,-7083,996,3651
1672,10904,-15728,-10343,804,1188
-368,10232,-16632,-19060,-1858,1523
92,9372,-15924,-32768,-68,1685
-5448,16716,-12396,-32768,2989,12507
-4844,18452,-12668,-28571,12929,17889
-10244,24372,-22076,5316,14229,-9406
-3476,2276,-8400,8573,10220,-26430
-1100,4316,-10472,9723,14574,-16180
-4384,6128,-10768,19084,12656,-15392
-3256,8348,-10536,23205,12708,-15445
-3684,11828,-11356,30270,9003,-5967
-7512,15484,-15932,32514,2782,-974
-9216,18152,-16884,31195,-1032,-8919
-11128,22284,-14320,24094,-4233,-17084
736,25416,-4872,16686,-5666,-18492
1684,28832,3968,2918,-6400,-3678
5680,-2936,5664,-8935,32767,26897
6664,572,-4040,-26949,19138,13051
5264,24216,-13112,-11845,11136,7543
2592,13644,-17840,-3773,-446,779
-2140,9344,-15552,-1221,-604,-505
-56,10208,-15556,-1295,551,189
-868,9532,-15260,-1070,-866,-1055
-1532,9436,-15124,-972,-110,-378
-612,9656,-15380,-1129,299,270
-1548,9396,-15032,-1280,-225,439
-1032,9716,-15048,-1786,390,1019
-808,9408,-14748,-1843,457,1259
-156,9508,-14908,-1546,-591,894
-308,9748,-14464,-1020,288,939
-576,9504,-14552,-835,-276,556
-576,10468,-14124,-868,633,1329
-1092,9880,-14856,-944,517,2117
-304,9748,-14652,-795,383,1525
-244,11004,-15044,-1100,1960,2086
316,10412,-14772,-1436,565,1659
828,11248,-14976,-3277,1437,2693
56,10444,-13416,-4277,1668,3355
3520,11036,-15020,-6301,4353,3589
2024,10276,-15712,-10085,-414,-572
3064,10404,-15628,-17405,-271,-94
-3044,13260,-15696,-28793,-570,1990
-5020,17384,-13460,-32768,2922,12367
-7068,20064,-7760,-27821,16785,22912
-1212,32756,-4276,-32768,32767,8893
-5680,18020,-11300,-23902,18770,-7065
-1168,11288,-12652,-2866,26328,-1375
-2056,9088,-11748,21405,21205,2232
-4380,8360,-8120,32767,17632,2677
-7848,11064,-6848,32767,11636,-3360
-8604,14616,-7732,32767,12527,-10270
-8308,18888,-11588,32767,3878,-14195
-8780,23592,-15568,32767,-2075,-15133
-5560,28360,-15776,32767,-7171,-19471
5464,30244,-7764,28757,-18128,-20877
2928,29780,8652,11890,-14835,-824
-19284,9184,13176,-8292,-21706,3303
17536,1244,-16124,-13789,32767,21619
2944,32767,-17032,-14836,-675,3947
3292,14256,-17708,-2257,-8655,-2942
-3724,8400,-14872,-1202,-150,28
288,9620,-15696,-1345,2430,1958
-984,9380,-15592,-1284,932,986
-656,9696,-15256,-1297,2195,1715
-504,9540,-15128,-1728,650,1508
-412,9536,-15056,-1331,553,1199
-324,9856,-15124,-2065,489,1193
-308,9304,-14588,-1656,-31,1380
-504,10560,-14508,-1395,1497,1796
380,10368,-15076,-2142,1030,1738
-816,9700,-14764,-2465,194,2051
-100,9756,-14304,-3203,538,2378
664,10780,-15196,-5982,545,2454
1492,10528,-15112,-8997,1594,3098
1428,11852,-16616,-14174,2126,2381
828,11184,-16504,-21866,-5629,-2810
-3128,8856,-16064,-32768,-5553,3391
-2496,17552,-10768,-32768,-7800,12144
-3568,23364,-14772,-32768,-6173,18697
-2272,2540,-13024,-32768,-10816,20624
-12300,17156,-18908,32767,2603,8025
-6768,4720,-7316,32767,354,-10888
-3228,10112,-8188,32767,10682,-21296
2496,13080,-13380,32767,4924,-23947
3040,18984,-18692,32767,-2290,-17440
-1520,30564,-21388,32767,-6780,-17271
-2212,32767,-5324,28430,-13709,-19948
3464,29584,17148,5307,-13274,-18082
-11776,16800,8580,-14579,274,-3625
18404,-6304,-6876,-23943,30282,31279
732,12460,-15952,-9806,-14546,-3579
-4548,7596,-14728,-8484,-3761,-3628
1476,30132,-25244,-5019,7844,5664
1488,11712,-16656,-1846,3707,2993
-48,10256,-14644,-902,602,787
128,10440,-14916,-350,883,1313
-528,10232,-15032,-633,553,447
-212,10220,-14748,-692,769,455
-600,9992,-14724,-410,553,779
-784,9580,-14456,-967,986,1905
180,11036,-14908,-1011,1580,1993
652,10136,-15048,-1424,815,1477
-184,9976,-14600,-1406,1533,1864
156,9352,-14688,-1706,1351,2727
872,10272,-14980,-3531,2060,2825
876,10192,-16944,-8257,2329,5336
512,9152,-17656,-20290,8419,9303
3932,11636,-26952,-32768,4166,784
-16948,27796,-18032,-32768,9604,12828
15632,32767,-26660,-2273,32767,692
-4168,12764,-8964,5028,25318,-21292
416,4356,-4940,11217,13604,-21255
-6112,4196,-4308,14108,15060,-25425
1124,5280,-5708,18149,13570,-21316
452,6984,-7048,23704,7463,-9957
-640,9548,-7528,26489,4032,-2044
1108,15236,-10840,27984,2590,-2785
1836,16684,-13136,27411,7094,-3515
-628,21112,-16484,24801,12012,871
-1364,21992,-12144,23588,10562,3303
1592,22220,-6160,9727,3982,17475
2056,24668,-924,-1775,-11780,16815
616,-13148,-15420,-5167,-32768,19985
-32768,10028,-6352,-29162,-11787,-8662
32767,4752,-27896,-1211,25923,21239
1728,9564,-15416,-2975,-4640,-1294
-2040,9424,-15116,-2377,1208,1700
1116,9996,-15444,-1066,1354,2308
268,9560,-15056,-867,-302,586
348,9668,-15332,-923,261,879
560,10076,-15432,-1813,537,1048
688,10336,-15836,-2344,904,1624
1008,10808,-16012,-2850,698,641
1032,10440,-14244,-2316,-16,2063
-1240,12976,-7772,-2545,-4348,2547
76,9800,-14044,-2472,1507,3298
1260,10812,-14924,-3153,779,3395
940,10108,-14220,-4560,1185,4633
2304,11292,-14636,-7428,1526,3995
1944,11396,-18724,-14491,1911,3816
-1180,11616,-20428,-27319,1118,-3429
2384,8476,-17764,-32768,-2874,9974
-7236,32767,-14140,-32768,-10345,15577
-9140,-3252,-12852,-24376,21773,32313
-5624,19480,-21628,18108,-3766,1837
-10036,3392,-8404,27553,7547,-14701
-2600,12016,-9980,32767,15996,-20440
-3264,11612,-8176,32767,9029,-21965
-3216,18000,-12120,32767,5791,-21846
-6408,23272,-17624,32767,4058,-21324
-7980,32236,-15252,32767,-5737,-26271
-3008,31324,-1388,24911,-23663,-31199
6868,32767,19036,2139,13672,-13361
-5984,-13572,-12252,-15959,6736,1422
-6712,23304,-15016,-32768,13405,1884
16152,32767,-27628,-10429,11329,13971
160,9424,-16276,-374,-2896,-2217
-2760,8992,-14620,-1209,1064,633
752,9900,-15420,-1408,2158,2764
692,9960,-14932,-1321,1159,1527
124,9988,-14828,-1305,805,1304
-108,9892,-14812,-1209,648,1453
192,9996,-14820,-1456,296,1596
324,9884,-14328,-1844,1374,2349
876,10560,-15008,-1769,682,1990
1016,10384,-15428,-1945,1231,2259
852,10128,-14580,-3184,1309,3594
820,10372,-14680,-5314,1243,5139
2220,10856,-14608,-8598,2789,5545
1776,11064,-17300,-14245,4227,4228
-1936,10620,-18692,-26613,4129,1616
76,8472,-18616,-32768,-154,10421
-18644,32767,-16556,-32768,-2470,22379
-5628,4376,-6416,-27513,32767,26640
-8616,14164,-18684,17222,-12465,-8007
-6148,9956,-9556,26198,6591,-10545
-2492,9008,-7860,32767,143,-14483
-1448,12616,-9244,32767,-2549,-16658
-376,18128,-13372,32767,-3563,-20229
2452,19288,-17344,32767,-8026,-16642
3920,28596,-21160,32767,-16364,-12719
10304,25880,-8444,23361,-32768,-13793
5364,27004,4536,16245,-17817,-2303
7012,23144,10116,-3543,-8623,11250
-28400,13532,-32768,-16464,32767,18578
21036,32767,-15800,-28838,-3674,2255
7748,19872,-21328,-2657,-3975,-1720
-3816,8676,-14724,-1323,-649,-490
228,9848,-15496,-1001,2884,2010
-888,9592,-15232,-806,1356,1388
152,9608,-15332,-1187,1079,1346
-388,9132,-15236,-1264,1553,2082
64,10004,-15080,-1824,1351,2561
-444,9748,-14884,-2447,-313,1596
648,9976,-15532,-2654,105,1633
548,10028,-14576,-2157,-130,1821
304,9916,-14428,-2188,-67,1683
320,9596,-14420,-2719,-372,1830
832,11208,-14940,-5180,816,3146
928,9712,-15620,-6796,620,2705
2244,11148,-15180,-10563,1943,3235
3232,11252,-15868,-17468,1214,480
-1060,9968,-16664,-28636,-7868,-2679
-1372,10424,-15788,-32768,-20395,5019
-8052,32767,-9368,-32768,-10063,19079
-4160,4036,-13480,-30556,13065,22768
-6580,30048,-28992,7840,-10065,15684
-8240,3928,-7252,32767,-7749,-2690
-6528,10884,-8276,32767,10088,-11133
-2496,9696,-8696,32767,3006,-21736
3056,15720,-14948,32767,-2585,-18753
3744,22676,-22296,32767,-10953,-12776
7604,29580,-15532,32646,-17924,-15594
10660,32767,-2004,20198,-32768,-18371
14424,28264,24144,3677,4388,14634
-3096,16124,-32768,-4311,32767,17508
19224,32767,-26920,-10371,9097,10787
336,9632,-16700,-358,-5243,-3314
-2268,9236,-15124,-302,-772,-949
1064,10388,-15728,-968,3057,1989
-468,9332,-15592,-765,-123,8
-244,9768,-15192,-1125,961,1037
560,9548,-15592,-1693,489,1010
256,10520,-15036,-2120,1038,1561
296,10236,-15220,-2384,246,1116
228,9784,-15056,-1844,239,1537
168,10084,-14688,-1795,-365,1226
836,10212,-14488,-1393,359,1466
552,10340,-14416,-2322,46,1923
916,10024,-15352,-3585,91,2262
1264,11260,-13032,-6359,1056,3147
572,11020,-14644,-8611,1222,3968
2308,12112,-15596,-11948,3049,3502
4292,10960,-15776,-17699,-2199,-2709
-3960,12488,-14748,-28778,-6988,-716
-1068,10740,-10372,-32768,-7249,8580
-9076,32767,-10336,-32768,-15335,15660
-5276,11820,-16028,-28446,1699,20178
-3980,32767,-31152,8809,-8257,14347
-9108,4140,-9956,32767,2482,-4317
-1988,9376,-11720,32767,5240,-14827
3564,7500,-12128,32767,-8125,-11859
4636,12136,-17504,32767,-20675,-3728
-2764,23504,-23160,32767,-26006,-12378
-7832,31332,-8112,11280,-11226,-27505
1432,32767,9052,9425,-32768,-32768
44,21580,21520,-11776,10243,-8287
17224,7872,-32768,2792,32767,4834
8136,31892,-17204,4889,-18939,2478
1768,9756,-15324,-710,-9523,-4645
-1552,8976,-14748,-183,-1558,-1224
1300,10036,-15552,-163,2365,1997
-28,9444,-15512,-404,130,421
160,9584,-15436,-356,503,697
24,9500,-15380,-622,741,1042
20,9436,-15508,-1230,495,1211
1168,10452,-15468,-1443,572,778
8,9816,-15072,-1395,-153,955
268,9672,-15044,-1081,341,1188
712,9736,-15012,-962,3,1025
540,9544,-15168,-1065,78,985
176,9728,-15120,-1017,426,1856
760,9884,-14612,-1544,1158,2500
672,9436,-15284,-1839,431,2510
1536,9660,-14768,-4272,1010,2746
1916,10208,-15552,-6420,1756,4421
1136,10956,-15844,-11573,2801,5092
4508,10744,-17376,-18114,530,585
6264,10420,-16900,-29990,2997,-2806
-5524,10100,-15100,-32768,-9964,8809
-4520,32767,-14168,-32768,18724,24675
-6440,3412,-8976,-29077,32767,26067
-6520,21764,-21692,22098,8852,583
-7604,6996,-11260,32767,10025,-9194
-4044,11348,-9212,32767,11688,-9748
-6060,12616,-9516,32767,1854,-13117
-6452,18460,-14332,32767,3318,-18327
-8388,26068,-19164,32767,486,-26486
-7136,32767,-10960,32614,952,-32768
1408,32767,7012,9973,-18754,-32768
1004,32767,22764,-6678,4818,-14717
-8524,18504,-32768,-4204,32767,3181
-3064,17096,-23256,-17312,-2444,12510
-1264,10380,-14208,-584,-3577,-3304
1244,9420,-14968,-698,-1703,-2239
-1524,8936,-14976,-931,3128,3038
1772,10008,-15364,-1533,738,1222
464,9636,-15148,-697,431,621
708,9676,-15240,-1022,288,692
640,9708,-15152,-1884,605,1115
732,10072,-14864,-2223,133,738
660,10360,-14580,-2039,1322,1197
548,10680,-14444,-2309,1311,1446
568,10232,-14040,-1577,424,1708
980,10564,-14496,-1312,705,1486
1568,10692,-15116,-1818,1030,2755
1840,10740,-14716,-3137,1997,3144
1896,10644,-14856,-4937,2996,5185
6460,9984,-17072,-9166,1958,-269
1556,11360,-18796,-17947,-1584,-378
1092,11472,-17784,-28193,4602,1647
-3432,12240,-12544,-32768,8008,14882
-5204,25064,-13660,-24696,23881,27629
-11668,32767,-18940,-21382,32767,21854
-8852,6384,-10188,27557,23561,-16482
100,10164,-11120,30914,19787,-14225
-4832,10768,-8824,32767,4221,-13035
-5692,16112,-10548,32767,2000,-16371
-5912,20184,-13780,32767,-3781,-20485
-6020,24840,-16132,28380,-7826,-25696
-3936,32040,-17364,11447,-12461,-27251
10924,29972,-4720,15219,-32768,-26922
16556,25420,10156,10530,-17333,15734
-14904,12156,-5624,-17396,11684,20730
19056,4680,-6880,-18468,32767,18987
11196,32767,-26740,-11708,16257,5357
-668,11112,-16688,-1378,-2744,-2656
-2272,9604,-15320,-1336,681,1150
1048,9268,-15864,-1268,1319,1855
-932,9220,-15352,-1693,-347,565
-756,9776,-15252,-1257,838,1429
-332,9416,-15460,-979,565,1680
432,10524,-15928,-1647,220,1354
-596,9208,-15460,-1809,263,1944
-272,10268,-14852,-1374,510,1738
-1488,10668,-15192,-2074,-752,1246
-436,9712,-15392,-2187,-84,1659
132,10372,-15104,-2975,455,2191
36,10036,-15216,-4598,30,2836
620,10732,-14972,-5486,227,2765
1788,10248,-16336,-8819,2160,3139
2196,11100,-15828,-13735,2102,2432
1224,11552,-17280,-22255,-1608,-871
-4284,10984,-17536,-32768,-7745,-709
-1360,15328,-6716,-32768,-21143,9273
-4820,23980,-12208,-32768,-5269,18440
-1144,3544,-10248,-30992,-1941,21377
-13920,23928,-20776,32099,7870,10035
-8728,2420,-5108,32767,3725,-11131
-1088,12712,-8200,32767,12917,-18021
-48,14152,-8516,32767,5965,-20300
-1528,22428,-17512,32767,-4593,-17701
280,30088,-16668,32767,-3408,-21414
10760,27544,-7648,25225,-18062,-9577
6796,24748,1816,15030,-22686,3359
6288,20316,8340,36,-11202,14101
-23056,4236,-23608,-13327,32767,19892
32024,15616,-9420,-9105,4308,6264
9424,16448,-20320,-4847,-2300,-2756
-6324,7500,-15008,-3039,-3989,-2550
-764,8988,-16004,-5453,3932,2209
1612,6996,-10324,-798,-158,1637
-740,9264,-15388,-1651,-669,1301
-252,9716,-15564,-2016,22,1983
-1468,8388,-15932,-2871,-2053,2196
-2692,9560,-14424,-2995,-1472,2524
-564,9768,-14716,-2210,-29,2703
276,10124,-14852,-1547,1178,3135
1228,11060,-14572,-2293,588,2719
688,10240,-14512,-1485,269,2132
1136,10556,-14204,-1868,349,2001
576,10436,-14324,-2414,-193,1081
1132,10828,-14524,-3101,-53,809
32,10624,-14128,-4045,-192,733
1592,11736,-14052,-4649,-197,-55
1836,10944,-14696,-7056,-466,-899
116,10792,-15536,-12719,-1094,-901
-3036,12016,-15776,-20673,-3039,1791
-3544,13852,-14636,-28842,12084,14433
-3896,22864,-15620,-30968,5843,19209
-5136,10876,-13628,-28578,19943,24070
-684,32767,-21952,-4719,26131,7590
-7072,11616,-15936,22453,32767,-1197
-9420,11096,-12340,32767,31542,-8947
-13308,13980,-9848,32767,32767,-12267
-17904,17456,-9032,32767,30724,-17624
-21056,22444,-11096,32767,20145,-23599
-19836,25000,-13300,32767,9785,-27779
-13756,25804,-14740,26687,-5934,-29561
764,32767,-15224,23498,-16167,-25613
5376,32767,2472,17361,-32768,-5710
16788,27976,18268,7346,-32482,28040
-7908,18236,-32768,-5019,32767,31861
4052,32767,-25632,-30910,578,-6573
5564,19012,-21124,-3030,-25282,-9369
-4152,8720,-14872,-1861,941,434
-380,9652,-15324,-1643,2803,1884
-884,9556,-14948,-1587,1314,1176
-1356,9436,-14712,-1518,1479,1322
-128,9880,-15124,-1305,630,1268
-504,9140,-14976,-1958,288,1461
-504,9684,-14964,-2075,457,1247
-468,9932,-14784,-2580,625,1521
28,10412,-14804,-2624,263,1558
-804,9912,-14228,-2779,-669,1494
-312,10632,-14580,-3407,176,2050
-380,10004,-14048,-3692,-570,1968
612,11592,-14652,-5606,-47,1932
480,11480,-14480,-6978,-687,758
252,11780,-14652,-10109,-1003,667
2060,11424,-15104,-15516,-4624,-2689
2512,10152,-14840,-26422,-8994,-5655
-7384,6724,-14236,-32768,-5467,2830
-3292,32767,-12272,-32768,-28669,7247
-2496,14756,-17064,-32768,-10303,17047
-340,32767,-20504,-28677,-32768,18379
-9360,11608,-13724,32767,16274,7666
-620,9192,-7856,32767,10474,-8648
3084,7704,-8372,32767,6522,-9993
5224,14636,-13572,32767,-7940,-7336
4856,17392,-18640,32767,-10535,-5772
1328,29156,-21348,32767,-13074,-13106
8104,32767,-8732,23319,-15426,-23338
6676,32767,16216,14299,-15767,-19843
-12492,7024,14272,-14675,-9716,1104
5244,3916,-12928,-32768,32767,15986
20524,27432,-25988,-13845,7166,14428
3920,11516,-17336,-766,-1667,-978
-2804,8948,-15008,-974,589,315
332,9904,-15200,-1509,1627,2153
-436,9436,-15208,-1492,933,1583
632,9852,-15116,-1606,338,1052
124,9788,-15180,-1757,325,1286
460,9972,-15192,-2042,284,1082
32,9672,-14936,-2112,-115,1174
200,9992,-14928,-2123,302,1420
560,10288,-14444,-2326,461,1983
840,10532,-14592,-2922,583,2151
660,10916,-14524,-3149,403,2570
860,10024,-15064,-4847,951,2283
1152,10868,-14808,-8072,474,2625
1076,11184,-16528,-12845,2364,3452
2700,11408,-16532,-20183,-1425,-408
-4924,11792,-17080,-32768,-6357,-1410
1404,14516,-9272,-32768,-4426,12572
-5444,30456,-9796,-32768,1663,20326
-1344,1412,-12180,-32187,5327,23290
-15316,31764,-23012,12141,-16370,5676
-5904,5224,-6812,32767,11409,-5218
-680,11372,-8088,32767,4144,-13684
272,13256,-10804,32767,-1755,-16070
1808,19160,-17104,32767,-7379,-16707
384,27172,-22544,32767,-9125,-18059
3624,28600,-13448,32767,-4978,-18739
7664,32767,4032,19951,-6592,-17543
8904,32040,20808,-789,-10433,-10640
9184,-9820,-32768,-9190,32767,8124
2492,15544,-15796,-27660,2447,2835
19252,32216,-28320,-7136,15571,10130
168,9900,-15604,-1661,-4067,-1038
-40,9228,-15120,-714,36,9
-248,9984,-15256,-1034,-268,513
280,9380,-15312,-1348,658,1063
428,9604,-15540,-1647,771,1547
148,9692,-15004,-1967,-403,801
256,9748,-14848,-1563,565,1403
208,9824,-14940,-1590,22,1346
664,10148,-15248,-1669,-1,1551
784,10024,-15080,-1672,439,1651
988,10400,-14520,-1462,548,1858
296,10124,-15184,-1550,-76,2264
836,10552,-14732,-3071,403,2779
1512,10380,-14792,-4833,344,2950
1184,11248,-15820,-6508,1002,4031
2156,11404,-15860,-11113,2840,4771
1568,11224,-16040,-17413,-3271,-1555
-3024,12764,-16724,-29780,-4269,623
-2456,13904,-12216,-32768,-54,11883
-3488,29188,-11856,-32768,5035,17974
-4044,9728,-15164,-32768,18739,23875
-1584,29996,-26876,4951,-18887,4140
-10920,6644,-11908,28704,6403,-3319
-1900,9372,-11712,32767,4942,-10587
-1948,9208,-10052,32767,-2584,-11415
-1020,15772,-15144,32767,-9135,-11943
-1460,20152,-19248,32767,-12310,-17266
-1680,29124,-16612,28668,-9348,-26688
8932,32767,-4876,21845,-21538,-32768
18548,32767,20064,6085,8082,-5997
-14724,-476,-8812,-15650,32767,12511
14728,19844,-9036,-31794,14294,1949
9996,6408,-13280,2414,6043,10254
-844,9572,-14788,-86,-4482,-3100
-1972,8908,-15120,-581,1348,803
248,9652,-15600,-791,658,724
-396,9220,-15344,-838,364,552
-248,9440,-15688,-1402,557,959
20,9912,-15108,-1670,528,1182
764,9864,-15368,-1831,-63,821
-476,9528,-14940,-1266,273,913
656,10124,-14804,-1570,332,1137
192,10188,-14524,-1094,707,1413
-88,9668,-14128,-1100,-180,1950
-208,9648,-15036,-1803,480,1927
832,10500,-14976,-2634,179,1961
956,10628,-15004,-5870,-148,2053
1412,10636,-15548,-7653,-254,2427
1324,10972,-16068,-13344,1746,3055
1676,10612,-17120,-21445,-5814,-3506
-2624,10308,-17028,-32768,-10776,-3101
-2944,19948,-12500,-32768,4922,9558
-6232,28236,-15836,-32768,9282,12737
7056,32767,-8724,-20443,31662,19669
-8920,9748,-12352,31644,3743,14023
-10940,4620,-5796,28058,26047,9899
-9808,6724,-5708,31671,14650,-10560
-7756,12928,-7300,32767,19060,-18818
-5300,13620,-9640,32767,8921,-16901
-6236,17816,-13864,32767,3817,-15192
-8112,23728,-16176,32767,-2252,-21688
-6684,31536,-10460,27577,-4404,-28800
-172,32580,1020,14853,-16603,-22383
4804,26944,16592,-12712,9190,14719
-480,-3124,-22548,-32768,5427,4782
9148,14652,-20904,-9136,4175,8892
948,9544,-15276,773,-2479,-3613
-4672,8084,-14948,-864,-2320,-1950
916,10232,-15012,-493,1943,1409
-196,9984,-15336,-338,-69,-139
-656,9804,-15124,-379,491,517
-384,9472,-15420,-651,179,180
-332,9512,-15092,-649,215,188
-352,9924,-15028,-969,401,546
-692,9412,-15224,-1537,115,1145
-220,9864,-14560,-1454,604,1421
180,10140,-15052,-886,712,1281
-140,9664,-14904,-676,315,1610
-60,10076,-14920,-1556,1138,2382
652,10188,-14628,-1775,628,2714
-20,9916,-15128,-3232,2040,3469
1596,9540,-15340,-4962,3718,4371
2144,9128,-17216,-5468,3566,7939
-8260,8828,-15508,-9465,-18580,22129
-144,12560,-14124,-15042,-32768,32767
2472,16012,-8988,-13835,-32768,32767
3368,15228,-13600,-7189,-32768,32767
11076,5644,-14576,-5520,-32768,28691
10172,5372,-17280,-4663,-30916,31521
6156,4352,-18900,-2292,-21297,23652
4856,3424,-17908,2330,-20656,17808
4948,4968,-18128,6635,-20349,14281
5196,5888,-15940,9470,-21045,12847
4356,8180,-14400,7547,-20417,14422
3948,13928,-13940,7854,-20346,16068
4176,16964,-13216,7848,-18913,17239
5040,11708,-6660,6354,-17037,23688
2268,15304,-5960,1759,-15163,31987
-2208,14552,-4756,-7557,-15046,27620
-23608,4788,-15780,-21030,-8657,18527
23372,5964,-24404,2157,16684,12761
4032,9312,-15388,-3129,-2720,-26
292,10808,-14796,-1787,897,792
1148,10316,-14904,-1339,148,67
928,10212,-15332,-1751,-952,-447
948,9788,-13948,-1480,-514,173
32,10208,-14644,-958,-417,160
596,10432,-14796,-398,-9,244
812,10296,-14256,-190,-173,245
212,10060,-14148,-110,958,1612
324,10004,-14784,-587,-167,1039
200,10000,-14372,-622,-474,1342
12,9904,-14276,-1171,1140,2657
1072,10592,-14596,-1013,1128,2951
880,10432,-14768,-1973,11,2201
1152,10172,-14528,-3039,153,2842
936,10252,-14296,-3469,-764,2484
1356,10680,-14776,-4287,-421,3814
2512,10492,-14664,-8461,152,3935
2984,11128,-15596,-14666,1840,3425
2676,11692,-16656,-25191,-178,1888
-1696,10644,-17448,-32768,-8251,1973
760,25660,-12868,-32768,-21601,15737
-4000,14748,-13704,-30785,-17471,23513
-8744,28212,-20348,-11609,-10275,11037
-3364,3060,-13312,19274,2077,-16338
7164,5904,-12776,29667,1192,-21257
8472,8888,-13112,32767,-9091,-12142
7252,12604,-15016,32767,-15894,-6768
9740,19072,-20348,32767,-23055,-6167
7664,26748,-24544,32767,-23838,-6595
17300,27636,-11964,30605,-10412,-10623
-12924,32767,14448,12619,-1841,-377
-1548,29312,15164,-22382,-32768,-2865
3580,-5484,-6552,-32614,32767,21278
12848,32767,-27680,-13204,12704,12958
2724,9720,-15188,-3027,-3293,-547
488,10464,-15476,-1373,-712,-394
1948,10192,-15472,-980,-545,-483
-288,9572,-14924,-509,-1611,-1400
372,9804,-15100,-542,312,353
-100,9732,-14700,-836,-357,296
76,9640,-14920,-1107,473,1167
384,10412,-15032,-1696,39,1228
244,10168,-14996,-1793,51,1319
348,10032,-14908,-1265,201,1401
220,9864,-15488,-1781,63,1099
220,10296,-14648,-2021,-31,1704
520,9876,-14340,-2753,-492,1985
588,10268,-15880,-4892,-109,2195
1280,11080,-14960,-7243,-504,2073
912,11352,-16252,-13916,1595,3155
2340,9740,-17588,-23014,-405,-2238
-1308,9996,-18300,-32768,-9567,-3093
-6140,19096,-9528,-32768,-16149,8711
-3496,24744,-13564,-32768,-5575,18708
308,2744,-8844,-32768,-15561,14074
-18500,26136,-19348,26293,-21506,688
-2452,3288,-9428,32767,10448,-1514
-1348,9324,-9136,32767,-6799,-15258
128,14452,-12952,32767,-6266,-19951
2368,21796,-20040,32767,-7585,-24131
864,32592,-24200,32767,-6885,-28874
6180,32767,-364,32767,-30803,-31604
15700,32767,32767,1543,662,-127
-20636,12760,-32768,-14277,32767,10833
1220,29636,-18468,-32768,7142,8030
6684,2864,-4936,1308,-3547,10034
1084,10160,-14708,-1986,-761,-168
-1272,9388,-14496,-1576,-573,134
352,9896,-14992,-770,1015,1408
832,10052,-14852,-329,1494,1717
936,9740,-15184,-922,771,1416
1636,9976,-14892,-1581,513,1330
1588,9720,-14484,-1186,334,721
1076,10156,-14768,-2390,429,1338
1536,10508,-14312,-3113,1186,2226
2708,11224,-14052,-2830,1227,2528
1312,10420,-14520,-2715,664,2649
1640,10456,-14320,-3219,531,2578
2772,10636,-14612,-4896,1739,3480
2548,10780,-15880,-10078,2307,2897
4232,10336,-18536,-19901,2709,-592
2580,9452,-19920,-32768,6632,-4127
-4960,12148,-10644,-32768,2196,14504
-9280,29500,-15288,-32768,14320,22273
6736,32767,-15272,-21653,32767,27012
-10036,9796,-11604,32767,3456,-3685
1036,7180,-9436,32767,7804,-3240
-1980,10912,-9928,32767,-10955,-8561
948,14788,-12116,32767,-13591,-11386
-1556,21252,-17144,32767,-11338,-19800
-2560,31048,-23212,32767,-11481,-29426
6840,32767,-5888,29779,-13714,-32768
18204,32767,25676,2284,-4626,-17742
-7932,16452,-20308,-19041,32767,6973
11420,13108,-11772,-32768,8195,8036
13688,-7548,-14040,11441,14039,22319
2420,10900,-13756,-1489,-281,815
-1116,9460,-14764,-1687,1578,1763
1872,10144,-15068,-795,1117,1419
1244,10008,-14976,-374,688,1211
1080,9912,-14984,-505,737,1119
1500,9816,-14016,-164,711,1143
1736,10072,-15028,-1044,551,749
2036,10164,-14768,-860,110,-27
1156,9976,-14524,-503,126,-109
964,9980,-14544,-19,639,445
1664,10064,-14800,543,984,788
2172,10088,-14952,593,345,97
1576,9792,-14468,502,148,-144
2332,10208,-14892,-22,-507,-773
1984,10372,-14584,151,-957,-1181
1804,10084,-14272,226,-552,-1049
1112,10108,-14280,90,-1478,-1566
836,10028,-14692,101,-741,-1138
1456,10276,-14660,-41,-826,-1066
720,9984,-14608,-154,-928,-967
1016,10240,-14992,-540,-576,-436
1452,10268,-14536,-563,-582,-283
1196,10320,-14612,-764,-1206,-809
-424,10124,-14656,-888,-996,-248
1264,10360,-14908,-672,-804,-313
-144,10368,-14676,-456,-413,-5
640,10340,-14496,-217,285,296
412,10552,-14108,-107,685,699
716,10504,-14540,-121,339,397
424,10072,-14820,-36,691,620
1304,10420,-14344,254,1351,974
712,10356,-14584,-160,1085,1318
636,9976,-15112,-181,260,1151
1100,10340,-14716,-52,1595,1857
1112,10432,-14344,131,34,1152
680,10852,-15016,-830,-61,2556
1236,10604,-15244,-235,154,1052
1284,10436,-15984,-2625,-755,1060
308,11076,-16816,-5474,2571,1342
-1084,11852,-16844,-12760,7874,4093
-8664,13052,-16704,-23146,12633,7135
-17864,23000,-12020,-19978,32767,27418
4260,32767,3004,7642,32767,-12615
17136,11272,-9004,24472,32767,1890
-5060,15748,-13984,21675,11838,2048
-12372,14528,-9576,32767,20945,-2985
-10344,15348,-10156,32767,12109,-12681
-13908,16772,-6324,32767,6265,-17877
-12412,19032,-8336,32767,4648,-30174
-8144,21404,-15248,32767,-1563,-32768
-10224,25940,-19320,30103,-5424,-29621
-7572,32767,-12876,16319,-12001,-28269
-1428,31752,3880,10041,-32768,-31135
15968,30076,13260,1260,-3093,4549
-26268,8940,3780,-19338,-12839,2053
32767,-24380,-4172,-32768,32767,32767
9628,20208,-9980,-6318,32767,23880
1528,10988,-15744,-592,2903,1637
-444,9840,-14960,-845,475,-83
-208,9508,-14780,-620,-122,-773
-992,9884,-14516,-791,1570,1249
724,9908,-15036,-680,867,1386
1208,9740,-14448,-1384,389,1452
-820,8940,-11928,-1697,2325,2548
1620,9472,-15544,-5436,1739,5000
352,10564,-14380,-4547,-987,3323
1204,11224,-14468,-7313,725,3724
1580,11260,-15264,-11193,-656,1785
2596,12076,-15548,-19443,-4042,-390
-1492,11144,-19072,-32577,511,1360
-6356,2868,-21720,-32768,7610,31600
-6724,32767,-12424,-32768,-782,20991
2392,32767,-32768,-12297,378,23153
-9588,4272,-12392,20149,-12917,-5690
-820,7368,-13020,26665,-1245,-14445
4244,6828,-13332,32767,-12384,-16457
6140,8600,-15236,32767,-16463,-15285
4404,18328,-21412,32767,-20020,-16738
3092,32767,-20544,32767,-12194,-32049
19780,32767,13172,27906,-7895,-23477
5404,32767,32767,-29360,20533,4118
15408,9344,6764,-32768,7194,3124
12084,7552,-29756,-11699,10676,8663
2432,13052,-16100,-1372,2109,1423
-16,9988,-14280,-1116,407,143
276,9444,-14908,-1369,-633,-636
-220,10088,-14716,-1457,789,323
-56,9948,-14944,-1829,-125,511
1096,10484,-14896,-2700,-748,778
888,11480,-16072,-2737,1645,2204
44,9896,-14940,-3868,-774,1993
656,11236,-14124,-4946,-1018,1834
996,11032,-15356,-10482,60,1760
3888,10936,-16248,-17774,-3847,-2278
1408,7836,-18808,-32768,-6220,-5508
-13276,4532,-21344,-32768,-8645,17807
-8012,32767,-7960,-32768,-32768,14393
-10736,19180,-32768,-29928,11350,32767
-6196,700,-21816,32767,-23600,298
-3676,3076,-11372,32767,-8556,-12315
7152,9132,-16384,32767,-16791,-14417
2776,21188,-23464,32767,-17709,-18290
3800,32767,-20392,32767,-160,-32768
2724,32767,16248,29836,3097,-30764
5436,29816,32767,-14844,-11627,-15727
17584,2004,-32768,-32768,27491,11183
21716,25784,-32768,6866,27105,6531
3592,11624,-15900,-182,978,1657
-192,9320,-15192,-579,-43,-257
1372,10024,-14976,-1085,704,802
1792,9912,-14620,-973,471,761
456,9536,-14744,-1760,271,1117
1844,10076,-14672,-2139,-295,1540
904,10056,-13984,-2475,-497,2106
1856,10056,-15672,-3786,-912,2607
1616,9200,-16228,-7226,-1086,3578
2628,9800,-17656,-13051,346,2521
1592,11660,-16472,-21789,-855,-422
-7336,7964,-19516,-32768,-4210,414
-2392,6676,-14844,-32768,3299,31440
-23304,32767,-16940,-32768,-22057,16422
-11980,21872,-20452,6314,32767,28844
-3064,120,-15340,32767,-18773,-16651
-1232,5044,-13148,32767,7153,-5051
-5180,11216,-11092,32767,-12942,-16871
-10448,20236,-15760,32767,-4263,-29645
-6704,32767,-15752,32767,15061,-32768
-6348,32767,25680,21154,17032,-27127
-5060,32767,32767,-32768,-1603,7957
-4892,32767,12220,-32768,17800,24007
9108,16988,-15900,1145,-15500,-3307
772,11468,-15236,-2546,-1813,-187
252,10540,-14652,-1778,-755,-514
528,10580,-14340,-1842,-470,-119
-32,10388,-14012,-2180,-455,-161
244,10828,-14320,-2506,-624,850
56,10932,-14028,-2888,-3168,443
-552,10744,-13520,-3546,-1516,282
-236,11416,-14192,-4852,-1118,1059
292,11176,-14868,-8020,1840,3515
1480,11236,-15668,-13702,-1211,-987
-888,8460,-20596,-31637,-8206,-1
-9216,3772,-23408,-32768,1497,23504
-21028,32767,380,-32768,12837,32767
-16360,780,2000,-32768,32767,21358
-11132,24232,-21008,26735,24376,-7900
-4540,11180,-7600,32767,24829,1703
-4796,10848,-4284,32767,-7535,-1629
-16200,12500,-2752,32767,2650,-11387
-14880,24444,-11020,32767,935,-31842
-8408,32767,-6232,32478,9132,-32768
8484,32767,19976,12208,2349,-32768
17500,17936,32767,-19059,7407,9361
15772,32767,-20256,-19792,32767,32767
-1896,11312,-9568,1417,-7288,2465
3576,10736,-16836,1021,2748,5306
1972,11184,-15208,-708,-3,-322
464,10940,-14032,-578,1478,437
200,10956,-14280,-356,118,-46
348,10956,-14092,-1076,233,-529
80,11120,-13996,-946,516,-300
596,10992,-13736,-602,539,182
416,10940,-13512,-731,592,417
-232,10236,-14348,-1683,1168,1921
924,10588,-14944,-4261,1110,4020
-204,10472,-18448,-12218,3267,6261
2356,8416,-27600,-32768,9504,5781
-16048,15844,-28880,-32768,-15245,6247
9496,32767,-10860,-29945,32767,31156
-15480,416,-6412,20879,-1382,-20662
4680,-5872,-8152,26264,8468,-17924
9416,1292,-7264,31776,-6861,-20735
8748,6016,-10384,32767,3793,-11746
9048,11692,-7976,32767,3571,-4518
616,28284,-14888,32767,6513,-2674
,3328,32767,-7768,29150,9739
,3328,32767,-7768,29150,9739
,3328,32767,-7768,29150,9739
,3328,32767,-7768,29150,9739
,3328,32767,-7768,29150,9739
,3328,32767,-7768,29150,9739
,3328,32767,-7768,29150,9739
-4468,29096,7872,-9501,-5281,24279
-32768,-3172,-5156,-32768,-32768,4618
5608,25376,-19036,-16157,32767,14665
-1012,13684,-16680,-4679,-2835,-2900
-1892,9892,-15072,-2585,-957,-863
-1252,9636,-15080,-2772,-637,330
-68,10256,-15044,-2610,-970,171
-872,9584,-14500,-3130,-432,499
-1336,10496,-14320,-2695,-1187,448
-708,10064,-13324,-2672,-1120,2491
-920,11056,-13588,-1899,708,3385
512,11372,-16016,-11409,-1134,1281
-1556,12376,-17816,-21823,-7820,1225
236,6596,-22784,-32768,-14150,1529
-6676,20288,-23536,-32768,7948,17705
-12888,13284,-24264,-32768,21655,32151
-11568,32624,-27256,11288,18096,16196
-9844,44,-6252,32767,20668,-14671
-5228,6532,-5360,32767,25555,-7418
-3208,5340,-10328,32767,-44,-7617
-9520,18264,-1136040,-14420,32767,834
-9520,18264,-1136040,-14420,32767,834
-9520,18264,-1136040,-14420,32767,834
-9520,18264,-1136040,-14420,32767,834
-3824,32767,-4708,32767,-5481,-32768
4948,32767,28568,7903,-14589,-11178
-19932,32767540,-,-8480,-10809,3397
-19932,32767540,-,-8480,-10809,3397
7676,13100,-22584,-4784,-32180,-15327
-916,9716,-14892,-974,-1469,-1349
916,10116,-15548,-870,1445,2300
184,10184,-14836,-1427,164,1517
220,10044,-14336,-1050,1311,2032
828,9536,-14100,-1039,1666,2514
484,9192,-14580,-1438,771,3089
900,10584,-15048,-1934,1105,3014
1724,10932,-14936,-4423,633,3176
1724,10932,-14936,-4423,633,3176
1724,10932,-14936,-4423,633,3176
1724,10932,-14936,-4423,633,3176
1724,10932,-14936,-4423,633,3176
1724,10932,-14936,-4423,633,3176
2852,10928,-15828,-10443,1113,4019
2736,11336,-18196,-18681,2019,4095
-6312,9256,-19176,-32768,425,3443
-5448,3400,-22924,-32768,4266,26445
-7504,32767,-6384,-32768,10147,27457
-2356,11872,4952,-32768,32767,19321
-5788,11584,-14724,32767,31622,-8568
7292,4812,-7600,32767,-4799,-3997
-5636,5528,-6984,32767,-22768,-7471
376,15400,-15860,32767,-15509,-13006
244,26572,-22100,32767,-15422,-26522
9492,32767,-11612,32767,-13770,-27635
9864,32767,32767,11125,-8977,-7190
-140,-7168,-3580,-10321,829,3544
-8936,32767,932,-32768,23025,1723
17824,19244,-23792,-8742,-8253,2646
2308,11376,-16776,-2187,1313,350
-1368,10716,-14880,-1189,-222,-664
-508,9832,-14828,-931,820,441
-212,9748,-14728,-1282,1157,1061
-1288,9600,-15436,-2233,1505,2095
180,10572,-14464,-1125,952,2542
2052,10268,-15488,-1622,2566,3653
412,9652,-15156,-2171,-177,2082
-24,9348,-14464,-3450,-1387,2249
852,10080,-15340,-6089,-503,2895
3192,9872,-18808,-10973,2737,3239
3436,11660,-18188,-20953,1898,961
2904,4416,-20572,-32768,-9196,-7274
-936,6488,-11536,-32768,-9090,14392
-12956,32767,-20864,-32768,15391,29587
2268,32767,-860,-32768,1905,32767
-15456,21388,-20844,32767,7631,9181
-5628,4556,-5984,32767,13016,-4992
-2444,9252,-4684,32767,-1452,-11624
-2108,11796,-8356,32767,767,-13092
-1284,19956,-16224,32767,-12221,-18614
4944,32767,-21532,32767,-10378,-32768
19624,32436,32767,-2312,-10117,7599
-204,10136,-16888,-2372,-4589,-2514
30284,32767,-32144,-11097,-5180,8407
-1872,9504,-14432,-1183,1700,741
-1304,8804,-15288,-2028,49,599
352,9832,-15352,-2721,486,1331
-876,10104,-15684,-3725,1188,2245
136,10328,-14512,-2422,849,2207
-676,10008,-14484,-3188,318,2221
292,10652,-14884,-3590,347,2583
-236,10860,-14120,-4662,-70,2785
912,10784,-14556,-8470,222,3165
2612,11632,-15376,-13385,782,983
3060,10812,-16300,-21191,1075,-2638
144,7516,-20200,-32768,-16711,-5782
16672,31124,-27220,-32768,-25227,16130
-7848,31116,-23232,-32768,-13565,20842
-5712,32767,-29308,-16753,-32768,17861
-4632,12268,-13204,32767,-5255,2990
-4244,5280,-6028,32767,-8157,-8354
2844,7244,-9768,32767,-6939,-12062
3852,14032,-15756,32767,-9501,-13073
2068,31308,-20072,32767,-10685,-27011
-1960,32767,-3216,29372,-3933,-32768
25904,27668,32767,12379,4480,-15650
-32768,19836,-32768,-8551,32767,8099
-7972,10844,-28448,-13283,3041,5011
-2944,10484,-9520,-2822,1088,-3633
-2876,8836,-15276,-1097,-1980,-1433
1344,10572,-15392,-1161,745,1972
576,9588,-15416,-943,383,810
-364,9688,-14820,-1701,39,1284
-304,9404,-15000,-2891,2256,3008
1004,10236,-14920,-2216,465,1912
288,10304,-15504,-3091,360,2370
620,10712,-15264,-4350,592,2839
1920,10788,-15252,-6531,343,3431
1664,10764,-15124,-9121,676,777
2676,10612,-16564,-15079,1790,2699
-2976,9224,-18760,-27536,-111,2477
-8880,1744,-21632,-32768,-4239,9813
10716,32767,-19808,-32768,-26438,23812
-11992,2700,-21700,-32768,32767,24897
-9176,23168,-21816,28044,11257,5625
-12000,5116,-9508,32767,24542,9792
-11540,12212,-5444,32767,6468,5279
-19340,13576,-3296,32767,-1791,-12486
-21948,32767,-7504,32767,-7795,-32768
-12060,28528,-11988,32767,-6867,-27112
16544,32767,15720,17952,-24388,-32768
21916,32767,29992,-10608,32767,-7049
32056,4364,-32768,-13298,32767,20670
6404,-17360,-336,12097,12209,13390
-5536,7572,-14600,-1727,1323,-331
-856,10388,-15052,-903,2312,3133
648,10512,-15440,-852,1367,1883
-200,9876,-15016,-1016,1497,1675
-676,9632,-15400,-658,1139,1696
524,10416,-15292,-2260,524,2051
172,10004,-15260,-2955,1110,3360
84,9884,-14216,-3181,937,3657
1252,10356,-14812,-3731,925,2765
2000,10620,-15204,-5471,696,2344
1484,11596,-14616,-7531,-146,2400
-376,11996,-16920,-12874,-3672,672
-1832,9988,-16944,-23462,-96,988
-3236,9804,-19668,-32768,5719,11529
-23352,26148,-12612,-32768,-15654,30628
-6084,8820,-16436,-29320,21860,32767
-10444,32767,-24164,1328,-3822,-8516
-2972,10112,-13004,32767,29878,-10469
4644,5012,-8756,32767,-18621,-13628
884,8140,-10752,32767,-15658,-5790
36,18640,-18900,32767,-22374,-16067
5408,32452,-22488,32767,-7846,-32768
12244,32767,2372,26741,-10436,-30203
20620,32767,32767,510,-6408,-10809
-19904,11492,-32768,-1890,32767,5460
15136,32767,-25036,-12526,11925,17546
-2880,9444,-15144,1307,688,1227
-2060,9436,-15112,184,400,-115
584,10096,-15336,-472,3386,1981
-80,9416,-15056,-837,3340,2115
640,9600,-15536,-1003,3711,2341
1060,10076,-14648,-1523,1988,2179
1064,9336,-14724,-1696,1498,2609
-6560,10204,-13920,-1615,-3800,1952
1208,10708,-15208,-2951,-3081,1605
1784,11436,-15912,-4390,-1939,2124
580,10128,-15652,-6779,-797,2743
3964,10680,-16560,-12715,2005,2857
404,10196,-19548,-22778,3134,-1507
4764,4316,-23920,-32768,-817,-6961
-14152,5976,-29944,-32768,-27232,-14219
-9336,8036,-18524,-32768,26417,20417
8592,27304,-27888,12429,12342,27542
-8908,4088,-7064,32767,1897,10343
-9464,10072,-7536,32767,32767,6620
-5356,4856,-2512,32767,10936,-12225
-3936,18024,-8724,32767,12596,-9311
-4788,23928,-11616,32767,10819,-15484
1784,31636,-15976,32767,2595,-18265
-1444,31596,-9544,32647,-17353,-7800
1896,25320,5792,11365,-20137,3945
-3336,27268,12476,-6223,-8573,-5097
8388,-8996,-7332,-31180,721,5363
-22716,29072,-17248,-32768,-6398,-19567
21340,3568,-9332,-3452,12083,11060
2600,9668,-15944,338,3311,-1569
-2476,8028,-15604,-1971,641,-1119
-1412,9860,-15316,-2382,1937,1066
420,8692,-16160,-2759,1028,1316
52,9656,-14836,-2754,-99,991
-20,9920,-15236,-2298,678,1525
-456,8976,-13976,-2771,-216,1649
-628,9708,-14820,-2786,615,2641
808,10656,-15148,-3104,1031,1741
344,10408,-14124,-3861,737,2801
-20,9540,-15920,-4331,1526,3721
588,10720,-13912,-5190,1725,4372
1624,11420,-14600,-7599,1916,4485
2376,11552,-14768,-10899,2418,3624
6324,11696,-15004,-16804,2198,318
-736,10256,-18996,-29415,-317,1092
-7612,5788,-17604,-32768,-9561,12437
-7368,32767,-6844,-32768,-27585,17226
-12968,-824,-16280,-24528,12450,25255
-5132,26888,-22364,20773,7403,-5659
-1476,4820,-11736,32767,4440,-7787
3016,9204,-8556,32767,-16350,-8908
524,8856,-9916,32767,-16833,-7738
2088,18920,-17780,32767,-21605,-13844
472,32767,-21240,32767,-11876,-30879
14484,32767,-3156,23560,-19194,-32768
9612,32767,32767,3548,14791072,183605
9612,32767,32767,3548,14791072,183605
13876,27292,-28112,-10947,2390,9605
-5168,7724,-14620,-1374,-3192,-3906
-3412,8972,-15156,-1572,-555,-429
616,9976,-15556,-1373,1982,1873
-520,9160,-14996,-1664,865,1316
-968,9504,-14676,-1995,284,1649
-92,9844,-14976,-2401,1365,2841
200,9860,-14464,-2878,698,2026
540,10600,-14820,-3366,1026,2681
560,10668,-14572,-3641,1151,2945
820,11452,-15396,-5191,-116,2513
1180,11020,-14428,-7501,1431,4177
3420,11448,-15372,-11675,2407,1082
2976,10836,-16180,-18091,3668,-579
-1128,8888,-20084,-32768,-1827,-1207
144,12204,-13428,-32768,-3902,19203
-9608,32767,-15896,-32768,8508,26271
-2684,32767,-13288,-32768,18757,29416
-7820,15116,-15972,32767,-5120,-1483
-4552,6108,-8468,32767,-2534,-8915
52,8040,-8976,32767,-5826,-11733
2920,10244,-12320,32767,-12378,-13307
-516,24544,-21716,32767,-15881,-21759
4724,32767,-17532,32767,-4436,-32768
13884,32767,23472,17269,-13452,-25940
476,-21656,26256,-16661,19319,6620
14264,13712,21056,-26192,10275,20669
2096,18172,-32768,-5452,-32768,-9878
4,9484,-15360,-670,-845,-1063
-1516,9440,-14808,-953,2425,1966
524,9944,-15580,-1689,630,1321
832,9636,-15016,-1386,481,1147
828,9920,-15236,-2269,765,1665
756,9680,-14796,-2785,859,1881
1260,9976,-14640,-3394,null,null
1412,10560,-14660,-4137,628,2125
1324,10544,-14820,-6184,587,3193
2536,10908,-15140,-9101,2091,2627
1536,11396,-16540,-14634,1622,329
1116,10268,-18868,-26506,-4339,-3177
-11728,5316,-16720,-32768,-7320,9240
-13060,32767,-13468,-32768,-27959,17079
-10248,-4064,-14628,-30924,27180,23843
-8612,25948,-23728,19322,1639,4076
-8640,7244,-8276,32767,7821,-5040
-3312,7752,-5716,32767,986,-7092
-5140,8888,-8676,32767,-6263,-11069
-2256,21240,-17104,32767,-15783,-17699
-3624,32767,-17844,32767,-8439,-32768
22200,32767,11620,25177,-8214,-32768
12172,32767,32767,-20800,27631,8701
2276,24360,744,-32768,2753,-2183
26320,-124,-8716,11133,24276,32292
-1688,9460,-13720,-843,5315,1838
-1500,9220,-15308,-971,782,775
1300,9708,-15480,-1102,1980,1918
436,9672,-15080,-1449,1428,1858
16,9792,-14988,-2006,139,1546
644,10256,-14876,-2233,601,1450
1116,11176,-14388,-2530,507,1908
1280,10056,-14780,-3306,639,2937
1272,10228,-14664,-4288,319,2862
732,10580,-14256,-5668,64,3366
2328,10888,-15208,-8897,1744,3461
4396,11440,-16176,-14329,2622,294
2472,9776,-18312,-25297,248,-1710
-4392,4812,-23164,-32768,-2231,6942
-11888,32767,-14820,-32768,-15634,13933
-10048,2460,-16220,-32768,20968,28322
-774056,12171,20,3788,-8680,32767
-774056,12171,20,3788,-8680,32767
-774056,12171,20,3788,-8680,32767
-848,7508,-7636,32767,-4382,-8450
-4208,6716,-7300,32767,-8353,-8794
-76,19392,-17648,32767,-19783,-13341
-2928,32767,-21368,32767,-17089,-31917
28404,32767,8904,31450,-4590,-29020
25972,32767,32767,-1982,12536,3985
2660,-8452,-32768,-32768,32767,10762
32767,32767,-26928,9026,31234,28394
-944,9852,-14444,-771,4667,906
-48,9868,-15108,-359,-381,-688
548,9608,-15028,-389,63,-247
-540,9176,-15200,-906,1810,961
312,9268,-15256,-2077,937,984
156,9324,-15092,-3176,231,1701
-296,9556,-14840,-3253,-384,2083
516,10092,-14400,-3763,-47,2306
-96,9284,-14184,-3299,-1634,2342
360,10584,-15552,-5119,-477,4346
2652,11736,-14676,-7377,826,2933
3464,11256,-16220,-12831,792,1728
3236,8688,-19672,-24224,2096,-5188
-212,3828,-24476,-32768,-11821,-5698
-14516,32767,-6216,-32768,1718,17098
-10712,9580,-19304,-32768,32767,21373
8824,27316,-28620,19173,17646,29039
-9956,3092,-8372,32767,-3172,18036
-11028,10516,-7004,32767,10798,14065
-12516,13444,-6556,32767,-1682,-8858
-11212,21436,-10572,32767,-6347,-17938
-13904,32767,-17088,32767,-3686,-32768
10604,32767,-4460,32767,6008,-32768
18700,32767,31276,4309,-1691,-14146
-44,-3492,-32768,-7348,32366,23371
-26320,32767,-17788,-29175,17842,22685
-1104,7332,-6748,229,-11467,-15591
-6880,7976,-13544,-2396,-2179,-787
-876,9652,-14700,-2534,852,2862
596,10620,-14808,-2699,269,1702
1376,10260,-15160,-2991,336,776
612,10628,-14436,-3514,276,1189
1064,10796,-14088,-4155,216,1311
1232,10864,-14272,-4933,671,1856
492,11036,-13668,-5170,480,1753
1408,11488,-13752,-6083,1051,2013
1688,11524,-14348,-8212,1628,1701
3404,11872,-14796,-13677,849,-688
1180,11024,-16852,-24976,256,-3506
-7092,3000,-26996,-31849,26930,27258
-5480,24200,-24836,32767,458,7584
-9652,4340,-5228,32767,-1151,-3109
-6984,10216,-6312,32767,8497,-2551
-7980,12436,-6844,32767,-4350,-15843
-8468,23784,-7972,32767,2871,-32455
1456,32767,2600,21651,5614,-32768
6956,32767,22776,5405,15139,-22642
-6992,32767,26620,-13547,-17783,-9433
-8088,-17692,-32768,-10939,-32768,236
2820,12860,-11964,-5634,-10063,-5121
-1444,10784,-13968,-1724,-1506,-1283
520,10924,-14348,-1494,-607,-139
684,11000,-14816,-1324,-464,-647
-592,10580,-13860,-1379,-811,-969
224,10776,-13872,-1344,187,-106
-512,10864,-13516,-1480,-149,342
492,112696,11152,-14000,-1064,844
-368,10908,-13720,-1058,574,2260
492,112696,11152,-14000,-1064,844
492,112696,11152,-14000,-1064,844
492,112696,11152,-14000,-1064,844
492,112696,11152,-14000,-1064,844
372,10860,-13660,-2214,1658,1824
1900,9996,-15512,-3921,3931,3011
2576,10832,-17852,-11744,4537,2123
-3656,8268,-22784,-31357,3567,2646
-7084,28064,-21524,-32768,1978,4293
3776,32767,7956,-32768,32767,16705
-2644,20920,-15892,3072,17210,5967
-5484,-10696,-6536,17053,26324,4235
-8104,-14372,-5268,22292,13553,-17640
16028,-17224,-460,30478,32767,-32768
1084,2368,-6484,32251,13344,-11881
-4164,10704,-2580,31800,10113,-32195
9996,15404,-9700,25269,1731,7195
-240,23776,-14448,25445,9740,17220
1796,23988,-14660,21985,20322,16842
2940,25848,-15688,23658,2750,21925
8140,27816,-11908,11017,-1694,28137
2584,18952,3252,-1943,-19514,31430
22160,23412,-19724,3527,11111,32767
-32768,15680,15348,-32768,-32768,-4128
32767,16156,-32768,14868,32767,22116
-10684,11172,-15320,1814,15104,11097
-1676,9416,-14092,-2167,3068,2302
1092,9576,-15672,-2558,-1340,1501
216,9936,-14828,-2007,-846,1022
-588,10032,-14548,-2413,342,2872
664,10464,-14776,-1721,13,2461
508,10176,-15004,-1289,67,2631
1148,11000,-14584,-1691,-68,2641
676,9916,-14572,-1844,-346,2434
1380,10464,-14784,-3482,-36,2873
736,10632,-14984,-5770,-748,2052
1924,11340,-15520,-9971,985,4178
2660,11112,-16004,-15442,2190,2886
-892,9940,-22228,-30714,-414,844
5564,3824,-20900,-32768,5671,15914
-19116,32767,-23060,-32768,-13461,11522
-7556,27764,-17308,9712,32767,5443
-1044,1088,-9576,19809,32767,-11967
-2860,-2192,-8064,26403,21863,-2615
-8496,4632,-8648,32767,21761,4746
-9472,12028,-7892,32767,8527,-7391
-9456,14548,-7280,32767,2645,-14517
-13488,23880,-15772,32767,-2607,-20574
-10312,32767,-15644,32767,-8948,-32768
9904,32767,11788,9261,-32768,-12721
1892,22644,16968,-4224,-15554,11368
-8348,-19040,12952,-32768,-30777,5869
5576,12296,-8312,-2795,32767,22100
-1448,10676,-20884,-2073,-20490,-8643
-1192,10440,-14944,-726,1741,1598
796,9812,-15944,-861,1849,1976
272,9440,-14740,-1442,1126,1659
100,9576,-15328,-1852,-635,955
-604,9728,-14940,-2676,67,1819
-56,10236,-14164,-2335,392,2005
72,10452,-14724,-2481,397,2766
72,10316,-14540,-2320,1009,4258
1424,10080,-14500,-2503,23,3575
900,10256,-15256,-4851,473,4395
2336,7964,-16804,-8186,3380,5901
2836,11084,-17272,-16550,4707,5233
556,9220,-20156,-30931,4853,4098
1312,7252,-20244,-32768,-2871,8273
-13252,32767,-10036,-32768,24564,32767
8092,32767,-31492,-17742,32767,25761
-12612,4420,-10568,14435,-2111,-9291
-3736,8044,-12088,28422,7902,-14829
-2216,8496,-9348,32767,-2786,-20315
-1548,13864,-11188,32767,-1077,-22583
3800,17516,-14584,32767,-10477,-17332
8336,24724,-20844,32767,-21042,-11444
14404,32767,-12504,32767,-18304,-10010
7740,32767,10272,16375,-6083,6066
8868,29984,17216,-8920,10468,8883
-7064,-23532,-32768,4053,30400,14126
13836,32767,-26916,-17969,13712,6020
3280,11088,-18936,-7855,-2400,200
-660,11232,-15296,-2558,-2208,-1522
252,10336,-14944,-704,1380,1319
136,10096,-14740,-1285,-375,354
-324,10084,-14592,-1931,649,2168
324,10056,-14904,-2312,80,2916
-228,10320,-14692,-2935,-42,2882
544,10504,-14672,-3352,320,3195
1880,10112,-14816,-3801,-1035,3335
600,9864,-15436,-5853,953,4077
3568,11872,-15628,-10963,2365,3567
2908,11020,-16860,-18021,4516,3172
144,9332,-19536,-32768,-1126,-879
-4360,-480,-23352,-32768,2627,9949
-15972,32767,-11336,-32768,-21061,20860
-2852,12628,488,-32768,32533,28289
-4240,23256,-23684,31716,7382,-4222
-5764,5080,-7176,32767,2595,-10197
-2996,8604,-5232,32767,-6651,-8319
-4504,11300,-8480,32767,-8444,-12089
-2944,20736,-17792,32767,-14055,-20898
6828,32767,-23892,32767,-11787,-32768
17472,32767,3972,24598,-32768,-28620
25448,27836,32767,4244,12725,23504
-8724,5528,-32768,-19731,32767,10060
23656,20460,-19592,-6016,20788,16240
432,10776,-14040,-1238,7621,2839
-1944,9904,-15236,-1215,678,102
684,10036,-15328,-1444,1429,939
-772,9392,-15388,-2377,2385,2172
-216,10124,-14884,-3315,-177,2009
828,11124,-14556,-3442,568,2090
8,10812,-14696,-4590,-1163,1934
388,10540,-14428,-4467,-1007,2370
-192,10780,-14684,-5693,-928,2614
1596,11844,-14100,-9305,232,3631
2688,11144,-15936,-14994,943,2204
1312,12268,-16592,-24355,-2049,-2610
-3828,2360,-23248,-32768,-15126,-7362
-17328,32767,-6940,-32768,-32768,7313
-3084,7712,-27160,-32768,8417,25397
-16996,30436,-20396,-19836,-22712,10145
-11364,12216,-10080,32767,28424,-130
4012,10512,-5536,32767,7818,4654
-3184,9456,-3744,32767,-20962,-8959
-5460,18320,-12260,32767,-1350,-15475
-6816,32767,-19312,32767,3966,-32768
140,32767,5116,32767,3163,-32768
21332,32767,32767,2353,-13836,-16670
-14292,17680,-32768,-5527,32767,3162
27324,32767,-32768,-4683,32767,32767
-6752,10592,-12452,1763,1800,-172
-5072,7600,-15004,-961,-2915,-2504
628,10664,-15348,-1720,1910,2632
480,10060,-15008,-1351,-429,211
-468,9976,-14912,-1901,219,946
-96,9920,-14880,-2669,355,1894
192,9980,-14420,-3197,154,2603
-300,10312,-14556,-2845,-147,3329
1044,10688,-14688,-4296,665,3255
1028,10892,-15712,-6932,1493,3561
2156,10640,-16472,-11359,2585,2413
2680,10220,-17560,-20256,1392,-2916
-5460,6308,-21640,-32768,-5419,-1890
-13504,32767,-2152,-32768,-11745,24931
-11580,18652,-17932,-32768,32767,30323
-8412,32767,-26600,-14192,12973,17093
-10320,11376,-12144,32767,32767,19283
-14280,12812,-7516,32767,20860,20518
-24276,18604,-4584,32767,2591,-1649
-18192,21988,-8436,32767,4256,-24640
-16352,32767,-17476,32767,-12242,-32768
-13864,32767,-10440,32767,-14482,-32768
764,32767,25064,-12215,-32768,-32768
4696,-7880,4064,-7695,20919,18443
19496,32767,-2920,-32768,-10378,2357
17196,20916,-18012,4095,6689,6829
-2124,7124,-16384,-487,2849,554
-268,9552,-15280,-1653,855,861
-944,9852,-15044,-1600,14,725
-200,9840,-14684,-1756,2223,2555
-440,9992,-14812,-2451,718,1906
-836,9652,-15028,-2318,834,2358
212,10616,-14568,-2765,1023,2580
-168,10012,-14648,-3259,448,2601
-152,10452,-14864,-4536,258,3028
1812,10516,-14664,-6063,266,3230
1832,10212,-15996,-8543,1969,1763
-1136,10104,-17688,-15479,1771,928
28,8796,-19312,-30570,-1507,2047
-2244,7924,-21144,-32768,-7378,12225
-8772,32767,-11232,-32768,3078,15079
-8064,17164,-21620,31409,-5911,2939
-7296,3292,-16060,-32009,19911,28036
-6444,1104,-7636,32767,-5430,-7657
-2092,7836,-11208,32767,-2918,-14217
3064,10324,-14356,32767,-6741,-15844
1484,17988,-19528,32767,-15995,-18345
3592,32767,-26468,32767,-12679,-25190
11884,32767,-2688,32691,-19017,-24139
20840,32767,32767,3834,-9053,9974
32767,32767,-32768,-28689,32767,32767
-1160,12172,-21100,-3855,6535,4312
-796,9316,-16120,-2751,1933,1274
-396,9724,-15700,-1706,430,811
-1000,9156,-15112,-1025,208,392
60,8896,-15432,-872,3,-2797
60,8896,-15432,-872,3,-2797
-692,8828,-15704,-1611,-32,1629
-376,9388,-15408,-1657,-381,2300
4,9824,-15488,-2246,269,2796
636,9812,-15336,-2529,-513,1841
136,9560,-15180,-2698,-784,2316
-100,9988,-14928,-3259,-524,3025
-336,9704,-15176,-3904,-122,3979
2308,9896,-15904,-5825,-35,4514
1324,10612,-16280,-9405,2884,2468
412,10752,-16592,-16510,3549,2931
-148,9908,-17432,-28053,4472,2046
-1196,11240,-13688,-32768,4923,7174
-14080,31176,-15840,-32768,-29548,7262
-6576,10420,-15216,-32768,14196,21924
-17796,20316,-19704,15803,-4416,862
-7764,6088,-11520,23913,25126,2220
-7460,11856,-13044,32767,11570,-5133
-12424,12508,-10284,32767,7738,-10184
-14728,17568,-10592,32767,13,-18505
-13680,24428,-16172,32767,-4327,-28370
