4744,7044,-16108,-285,264,-108
4896,7060,-16240,-326,238,-102
4748,6924,-16144,-334,239,-122
4792,6948,-16184,-309,267,-111
4800,6976,-16168,-316,260,-93
4928,7068,-16072,-286,279,-94
4736,6972,-16004,-304,285,-89
4840,7052,-16172,-312,238,-132
4840,7012,-16232,-312,238,-97
4844,6980,-16120,-282,246,-98
4832,6960,-16036,-313,261,-91
4916,7000,-16128,-310,261,-99
4788,7004,-16104,-352,261,-89
4884,7040,-16040,-318,279,-105
4756,7032,-16132,-306,221,-119
4776,6984,-16112,-301,256,-121
4764,6992,-16096,-281,249,-108
4768,7000,-16120,-290,263,-102
4728,7056,-15940,-303,254,-105
4844,7072,-16108,-274,238,-105
4824,7036,-16032,-299,216,-118
4852,7068,-16124,-288,248,-117
4860,6948,-16120,-289,232,-103
4744,7052,-16128,-310,245,-93
4804,7040,-16228,-295,238,-99
4808,7012,-16092,-294,256,-88
4772,7068,-16028,-337,285,-70
4784,7052,-16212,-328,289,-78
4828,6948,-15984,-322,263,-115
4780,6972,-16044,-315,213,-134
4732,7024,-16064,-320,184,-124
4856,7044,-16088,-295,264,-117
4780,7036,-16152,-331,268,-96
4748,7020,-16176,-315,318,-45
4800,7080,-16220,-328,320,-54
4776,6924,-16068,-328,320,-47
4848,6992,-16140,-306,288,-89
4880,7096,-16152,-288,277,-114
4792,6992,-16124,-301,242,-94
4856,7052,-16032,-261,254,-76
4776,6940,-16280,-288,243,-110
4900,6988,-16036,-260,253,-101
4840,6948,-16112,-270,217,-123
4904,7040,-16068,-270,245,-130
4776,6968,-16208,-256,245,-99
4864,7016,-16016,-266,240,-98
4780,7028,-16260,-269,254,-117
4776,6932,-16156,-304,282,-75
4724,6992,-16228,-303,257,-86
4784,6944,-16088,-346,327,-74
4828,6968,-16144,-342,323,-72
4784,7120,-16056,-365,277,-87
4788,7060,-15960,-299,272,-64
4812,6940,-15964,-257,212,-89
4868,6972,-16056,-257,175,-167
4856,6968,-16008,-219,142,-165
4756,6944,-16192,-240,169,-174
4760,7056,-16228,-279,262,-117
4748,7020,-16284,-329,315,-27
4744,6948,-16156,-320,337,-52
4860,6968,-16200,-320,303,-63
4852,6972,-16092,-300,279,-89
4864,7048,-16112,-287,219,-128
4932,7012,-16132,-286,193,-158
4820,6940,-16164,-298,183,-155
4828,7152,-16136,-309,218,-129
4832,6976,-16156,-295,263,-104
4704,7000,-16124,-309,261,-75
4788,6920,-16016,-314,244,-103
4776,6948,-16136,-305,244,-95
4816,7044,-16136,-319,249,-110
4856,6992,-16100,-295,218,-124
4776,7024,-15992,-311,240,-109
4760,7000,-16188,-299,240,-105
4856,6976,-16132,-298,238,-101
4776,6952,-16176,-298,233,-114
4868,7000,-16120,-282,254,-111
4760,6972,-16008,-336,267,-96
4788,6940,-16172,-330,276,-92
4864,7012,-16020,-308,251,-89
4784,6976,-16024,-328,240,-108
4736,7036,-16136,-303,249,-109
4740,6968,-16076,-314,233,-114
4852,7004,-16184,-287,253,-110
4764,7008,-15992,-292,260,-111
4820,7028,-16092,-270,246,-101
4808,6972,-16160,-277,249,-94
4812,6936,-16132,-318,242,-105
4712,6976,-16064,-301,279,-105
4800,6992,-16148,-304,237,-122
4788,7044,-16156,-301,248,-102
4828,7004,-16052,-317,249,-92
4768,6996,-16180,-311,254,-113
4848,6996,-16020,-281,233,-110
4876,6948,-16072,-283,238,-124
4824,7072,-16272,-309,265,-133
4812,7032,-16236,-293,238,-109
4812,6972,-16096,-319,251,-94
4840,6912,-16200,-312,231,-114
4784,6964,-16228,-304,262,-113
4904,7024,-16160,-290,247,-98
4916,7032,-16112,-291,237,-89
4788,7008,-16140,-309,258,-99
4860,7076,-16148,-276,258,-104
4800,7012,-16020,-286,248,-93
4816,6964,-16052,-307,265,-102
4828,7092,-16020,-303,221,-84
4608,7008,-16040,-301,221,-112
4840,6996,-16120,-275,245,-103
4732,7012,-16152,-293,249,-104
4776,6916,-16148,-288,229,-110
4792,7024,-16264,-288,249,-105
4824,6952,-16252,-281,230,-109
4800,6908,-16128,-294,256,-94
4940,7000,-16060,-307,229,-124
4864,7036,-16228,-311,260,-105
4828,7148,-16040,-293,252,-93
4852,6964,-16084,-285,234,-112
4792,7092,-16228,-317,262,-79
4828,7056,-16304,-317,270,-101
4840,6924,-16176,-286,260,-102
4824,6972,-16212,-275,230,-111
4756,6944,-16288,-313,246,-108
4800,7100,-16116,-330,248,-115
4772,7004,-16104,-300,255,-103
4836,7088,-16044,-298,258,-88
4808,6988,-16052,-310,232,-100
4824,6956,-16192,-301,260,-122
4860,7128,-16160,-310,260,-79
4828,6980,-16092,-294,272,-105
4876,6992,-16020,-302,249,-71
4824,7080,-16184,-313,238,-101
4804,6960,-16272,-316,237,-105
4932,7068,-16000,-311,231,-84
4796,6908,-16248,-291,236,-99
4840,6988,-16068,-294,259,-71
4848,6944,-16176,-278,256,-94
4820,7100,-16324,-312,255,-96
4840,7056,-16148,-291,262,-122
4780,7024,-16064,-293,252,-147
4760,7020,-16184,-296,287,-213
4836,6920,-16088,-302,287,-155
4848,6940,-15904,-256,265,-123
4712,6984,-16024,-288,245,-138
4764,6916,-16100,-278,230,-115
4864,6852,-16260,-314,250,-94
4796,7000,-16028,-298,248,-114
4824,6956,-16172,-313,260,-111
4816,6984,-16184,-330,242,-120
4884,6992,-16104,-316,239,-104
4976,7036,-16032,-292,255,-118
4776,7012,-16188,-294,239,-118
4760,6932,-16116,-294,259,-110
4880,7044,-16080,-301,271,-102
4756,7052,-16152,-275,259,-123
4808,7052,-16220,-295,234,-92
4752,7076,-16136,-302,266,-128
4864,6936,-16072,-309,254,-110
4896,6980,-15996,-300,257,-109
4768,7048,-16040,-288,277,-114
4776,7016,-16140,-286,281,-98
4920,6920,-16088,-307,262,-98
4788,7064,-16188,-295,249,-103
4828,6968,-16144,-307,243,-98
4824,6928,-16120,-335,237,-101
4872,7028,-16120,-318,239,-102
4772,7000,-16100,-301,250,-104
4876,7004,-16272,-281,272,-109
4844,7032,-16144,-310,263,-106
4776,6960,-16112,-297,245,-103
4796,6960,-16076,-301,254,-108
4704,7056,-16100,-307,273,-105
4788,6972,-16196,-333,242,-111
4844,6936,-16056,-301,253,-106
4720,6980,-16100,-283,229,-121
4860,7000,-16116,-318,237,-100
4808,6936,-16080,-298,250,-87
4776,6980,-16200,-301,237,-85
4884,7028,-16116,-299,257,-101
4704,6968,-16188,-320,256,-88
4728,7096,-16124,-314,264,-107
4728,7012,-16136,-309,235,-94
4852,6936,-16004,-300,249,-100
4824,6964,-16168,-311,268,-117
4776,7036,-16172,-278,255,-92
4804,6944,-16284,-284,264,-100
4844,6984,-16200,-291,235,-104
4872,6936,-16128,-302,238,-119
4768,6944,-16192,-316,254,-102
4796,6940,-16044,-346,230,-104
4888,7040,-16196,-302,218,-109
4892,6928,-16084,-319,266,-105
4828,7040,-16136,-298,232,-91
4852,6956,-16108,-293,245,-118
4812,7020,-16224,-321,236,-98
4796,6928,-16156,-312,278,-88
4808,7000,-16048,-302,241,-126
4964,6992,-16120,-303,246,-102
4896,6904,-16168,-317,244,-106
4788,7040,-16120,-286,239,-131
4860,6968,-16120,-302,240,-102
4812,7008,-15976,-286,258,-112
4848,7028,-16196,-325,276,-106
4804,7032,-16148,-302,230,-118
4828,6988,-16024,-305,235,-117
4808,6988,-16180,-301,254,-117
4796,6932,-16216,-321,251,-113
4796,6968,-16104,-313,237,-107
4800,7020,-16128,-340,229,-85
4836,7004,-16256,-351,262,-123
4736,6996,-16036,-333,216,-128
4876,6904,-16132,-329,257,-121
4740,7044,-16240,-283,230,-104
4752,6960,-16160,-311,254,-126
4744,6988,-16156,-298,225,-113
4820,7056,-16192,-299,230,-95
4692,6928,-15984,-300,256,-83
4800,7036,-16144,-283,275,-89
4732,6928,-16112,-266,254,-70
4856,6920,-16056,-285,278,-57
4820,7036,-16056,-278,265,-74
4800,6956,-16012,-294,287,-79
4892,6928,-16000,-314,270,-111
4764,7016,-16104,-277,255,-94
4860,7052,-16236,-296,249,-110
4776,7028,-16064,-279,268,-71
4884,6936,-16228,-312,267,-76
4816,7032,-16032,-310,250,-91
4856,7016,-16012,-338,246,-71
4852,7040,-16188,-343,276,-41
4868,7008,-15984,-318,240,-76
4888,6972,-15996,-337,261,-83
4832,6960,-16116,-261,192,-95
4852,6980,-16152,-221,216,-94
4764,7008,-16188,-228,184,-63
4736,6952,-16096,-230,176,-73
4752,6972,-16124,-174,225,-23
4872,7016,-16072,-188,236,-23
4796,6872,-16000,-282,240,-84
4804,6972,-16108,-314,248,-86
4816,6932,-16268,-369,256,-103
4904,6904,-16116,-387,321,-64
4868,6968,-16112,-366,280,-69
4860,6996,-16280,-336,274,-73
4752,6988,-16024,-379,297,-69
4816,7056,-16024,-360,298,-69
4900,7000,-16256,-310,300,-41
4820,6876,-16036,-311,254,-65
4872,7024,-16180,-374,271,-107
4880,6920,-16132,-337,302,-58
4812,6896,-16144,-364,334,-65
4924,7020,-16116,-384,293,-45
4980,6908,-16160,-357,269,-107
4836,6856,-16000,-315,178,-139
4856,6928,-16164,-288,182,-167
4908,7032,-16192,-273,173,-124
4908,6972,-16068,-276,245,-81
4852,7024,-16116,-298,286,-54
4896,6948,-16076,-319,306,-55
4712,6960,-16140,-309,340,-42
4804,6920,-16092,-312,328,-41
4884,7016,-16064,-301,300,-61
4916,6916,-15896,-285,200,-123
4896,6976,-16152,-330,179,-161
4828,7004,-16208,-331,146,-191
4884,6960,-16020,-348,189,-160
4868,7048,-16092,-319,250,-111
4768,6988,-15988,-298,247,-117
4852,6948,-16064,-333,192,-144
4848,7080,-15956,-334,195,-160
4996,6984,-16212,-322,209,-140
4860,6984,-15956,-262,187,-135
4756,6904,-16028,-249,203,-128
4852,7028,-16216,-304,281,-70
4800,6944,-16200,-317,323,-49
4900,6948,-16104,-346,339,-59
4928,7068,-16152,-336,297,-50
4992,6948,-16048,-290,240,-65
4840,6992,-16076,-301,205,-119
4928,6916,-16232,-300,172,-139
4808,6992,-16112,-291,190,-159
4860,7088,-16008,-303,209,-131
4788,7036,-16144,-280,227,-118
4776,7088,-16072,-282,287,-57
4876,7096,-16256,-248,321,-57
4896,7008,-16116,-227,325,-30
4968,6936,-16032,-255,316,-41
4916,6908,-16112,-282,289,-59
4900,6900,-16200,-327,213,-123
4848,6952,-15968,-357,167,-171
4792,7028,-16204,-368,154,-171
4896,7000,-16136,-345,228,-108
4736,6980,-16160,-311,249,-104
4824,7008,-16268,-298,276,-71
4872,6992,-16060,-287,309,-52
4860,6988,-15860,-311,306,-104
4812,6884,-16172,-329,252,-112
4888,6916,-16124,-327,191,-138
4868,7044,-16100,-306,188,-158
4796,7064,-16136,-309,199,-135
4820,6956,-15980,-347,236,-107
4940,7052,-16188,-280,262,-119
4868,6980,-16208,-281,259,-62
4908,6984,-16140,-269,237,-128
4860,6940,-16100,-285,178,-146
4908,6924,-16200,-334,199,-122
4864,6980,-16192,-332,228,-107
4920,7024,-16180,-356,290,-64
4904,7092,-16096,-365,292,-51
4636,7104,-16172,-343,315,-55
4764,6984,-16200,-311,327,-43
4928,7064,-16024,-285,324,-41
4896,6980,-16048,-290,265,-74
4900,7040,-16036,-264,235,-115
4992,6972,-16056,-256,186,-145
4788,6980,-16164,-281,183,-151
4872,6992,-16104,-280,201,-127
4676,7020,-16216,-300,205,-145
4864,6992,-16140,-309,233,-122
4824,7036,-16160,-322,256,-115
4884,7024,-16208,-291,266,-86
4832,7000,-16064,-247,311,-51
4840,7016,-16196,-277,272,-78
4860,7024,-16172,-293,259,-90
4864,6820,-16140,-253,213,-132
4812,6908,-16204,-281,186,-155
4764,6956,-16160,-331,203,-163
4912,6916,-16056,-346,219,-130
4828,6984,-16136,-327,235,-103
4852,6916,-16108,-340,261,-120
4828,6864,-16140,-344,244,-129
4768,6972,-16124,-326,250,-118
4876,7016,-16204,-331,240,-106
4824,6936,-16040,-338,274,-87
4764,7016,-16164,-348,269,-75
4892,6916,-16120,-345,324,-43
4876,7048,-15984,-325,300,-38
4832,7052,-16036,-333,238,-94
4980,7028,-16144,-234,182,-148
4828,7036,-16116,-225,150,-161
4732,6912,-16052,-241,179,-176
4780,6956,-16084,-257,157,-149
4824,6968,-15948,-307,231,-112
4808,7028,-16108,-298,244,-85
4728,6964,-16184,-294,286,-80
4728,6892,-16300,-293,299,-58
4852,6976,-16004,-306,261,-77
4856,7004,-16064,-242,242,-111
4744,6900,-16044,-285,247,-91
4776,6908,-16160,-293,245,-110
4776,6992,-16220,-344,220,-122
4872,6988,-16112,-360,229,-137
4884,7048,-16096,-329,260,-85
4776,6972,-16180,-333,285,-54
4840,6972,-16104,-317,303,-76
4824,7028,-16156,-318,289,-59
4900,7024,-16132,-326,277,-81
4776,6976,-16208,-309,251,-101
4816,7072,-16196,-236,254,-73
4840,7056,-16128,-250,277,-40
4944,6912,-16104,-250,331,-33
4820,7028,-16128,-268,320,-22
4676,7096,-16152,-329,264,-37
4852,6968,-16172,-350,264,-101
4840,6984,-16092,-370,303,-50
4880,6920,-16008,-289,339,-32
4872,6964,-16128,-299,370,7
4932,6868,-16084,-280,364,-13
4848,6988,-16084,-284,273,-74
4884,6952,-16156,-306,201,-105
4888,6912,-16140,-295,183,-132
5036,7016,-16172,-293,196,-130
4976,7020,-15988,-310,145,-145
4808,7020,-15976,-318,149,-162
4880,6896,-16200,-295,187,-128
4940,6912,-16036,-296,231,-133
4872,6908,-16012,-286,236,-110
4800,6976,-15796,-306,259,-87
4876,6964,-16120,-341,271,-121
4892,7008,-16056,-306,239,-93
4884,6924,-16048,-329,221,-102
4816,7052,-16088,-291,229,-96
4788,6972,-16144,-275,270,-90
5000,6908,-16136,-279,244,-105
4880,7004,-16136,-281,223,-133
4832,6908,-16160,-300,266,-103
4912,6880,-16064,-322,237,-108
4736,6960,-16240,-325,251,-93
4844,6944,-15924,-342,258,-92
4980,7028,-16028,-298,234,-117
4836,6888,-15952,-278,265,-96
4792,6956,-16144,-256,253,-91
4836,7056,-16224,-288,278,-69
4840,6844,-16156,-287,256,-108
4908,6976,-16064,-295,237,-103
4872,6936,-15956,-331,242,-128
4856,7000,-16044,-278,275,-95
4856,7004,-16156,-320,283,-95
4928,6968,-16096,-286,229,-99
4848,6896,-16164,-293,235,-128
4840,6840,-16040,-295,249,-125
4892,7052,-16192,-287,234,-112
4872,6904,-16000,-294,292,-80
4976,6888,-16044,-327,279,-90
4832,6952,-16076,-328,258,-130
4996,6996,-16056,-317,215,-112
4804,6884,-16192,-303,227,-132
4844,7024,-16172,-285,241,-118
4848,6920,-16144,-299,255,-80
4904,7008,-15976,-300,285,-81
4996,6956,-16056,-292,230,-95
4820,7032,-16240,-320,248,-118
4900,6968,-16196,-354,226,-129
4820,7040,-16124,-327,249,-116
4808,7012,-16108,-312,229,-87
4900,7012,-16112,-279,292,-93
4960,7044,-16012,-283,289,-68
4928,7008,-16172,-271,317,-88
4896,6840,-16156,-314,246,-107
4844,6940,-16016,-330,201,-150
4804,6972,-16152,-354,186,-116
4828,6980,-16180,-308,232,-121
4852,6984,-16024,-301,282,-76
4752,6952,-16116,-274,307,-62
4880,6860,-16016,-285,296,-61
4956,6904,-15996,-294,251,-87
4916,7008,-16040,-329,223,-128
4752,6984,-16156,-323,219,-136
4884,7052,-16048,-343,237,-105
4784,6980,-16172,-310,258,-86
4828,6928,-16232,-313,277,-93
4820,6972,-16120,-289,291,-69
4912,6932,-16048,-296,262,-94
4860,7008,-16128,-306,246,-116
4904,6936,-16052,-296,252,-94
4808,6968,-16168,-292,208,-121
4916,6920,-16144,-323,280,-123
4924,6964,-16112,-311,265,-66
4904,6868,-16116,-284,245,-108
4920,6976,-16104,-302,213,-104
4860,6988,-16120,-309,252,-108
4888,7000,-16032,-295,231,-77
4864,6960,-16108,-304,285,-75
4868,6940,-16164,-314,244,-95
4804,6960,-16184,-310,231,-88
4864,6892,-16276,-275,227,-123
4776,6952,-16012,-287,252,-89
4812,6960,-15972,-272,297,-76
5024,6988,-16172,-299,289,-47
4988,6936,-16084,-298,259,-100
4904,7040,-16248,-300,241,-106
4864,6960,-16076,-320,223,-102
4796,6996,-16100,-316,254,-114
4860,7020,-16208,-315,244,-117
4896,6992,-16072,-293,274,-106
4916,7004,-16156,-313,288,-88
4888,7012,-16132,-296,266,-89
4908,7056,-16088,-272,257,-110
4892,6940,-16000,-295,222,-103
4840,6904,-16064,-299,242,-120
4824,6892,-16020,-331,238,-104
4828,6928,-16148,-303,257,-109
4868,6988,-16132,-287,264,-97
4904,6936,-16108,-307,238,-120
4872,7004,-16160,-317,242,-118
4920,6936,-16132,-292,288,-85
4960,6976,-16204,-293,261,-114
4832,6944,-16260,-308,211,-102
4880,7020,-16160,-328,212,-115
4976,6976,-16220,-318,238,-67
4936,7032,-16164,-289,237,-126
4868,6940,-16016,-277,272,-83
4880,7020,-16084,-290,262,-93
4836,7000,-16064,-292,207,-118
4820,6996,-16132,-319,230,-120
4892,6992,-16136,-320,251,-111
4892,6916,-15956,-320,251,-118
4844,6944,-16008,-311,261,-124
4828,6976,-16112,-305,228,-93
4856,6884,-16064,-304,250,-91
4824,6864,-16204,-282,239,-80
4872,6908,-15972,-285,260,-97
4880,6936,-16020,-296,256,-84
4904,6936,-15936,-335,219,-127
4864,6956,-16032,-321,233,-129
4816,7084,-16128,-297,251,-113
4808,6904,-16108,-295,246,-104
4816,7060,-16168,-299,258,-85
4880,6928,-16120,-311,263,-93
4952,6868,-16100,-316,265,-99
4904,6880,-16184,-299,230,-102
4736,6948,-16168,-304,242,-126
4892,7008,-16060,-309,268,-90
4948,6984,-16044,-295,259,-106
4856,6948,-16216,-320,252,-90
4900,7060,-16168,-276,249,-107
4852,7048,-16088,-326,241,-105
4892,6856,-16120,-275,242,-120
4844,7008,-16136,-303,263,-91
4884,7036,-16064,-300,258,-80
4880,7016,-16036,-314,217,-103
4852,6932,-16104,-316,242,-121
4916,7052,-15952,-296,267,-119
4816,6968,-16144,-277,272,-63
4888,7040,-16156,-274,277,-86
4908,6904,-16056,-264,258,-88
4864,6916,-16120,-308,246,-118
4980,6988,-16028,-318,207,-103
4876,6928,-16196,-309,205,-98
4872,6976,-16264,-296,282,-82
4904,6968,-16076,-310,251,-102
5004,7056,-16236,-301,276,-107
4876,6912,-16156,-299,254,-83
4824,6932,-16096,-289,281,-85
4768,6916,-16096,-322,231,-93
4784,6912,-16288,-314,232,-108
4816,6960,-16196,-327,207,-127
4860,6996,-16192,-312,247,-124
4952,6948,-16020,-291,237,-87
4936,6956,-16048,-283,278,-78
4928,6912,-15944,-309,272,-106
4928,6928,-16080,-293,247,-103
4880,6944,-16044,-292,206,-137
4828,6904,-16048,-312,209,-129
4984,6928,-15952,-296,191,-123
4724,7008,-16172,-293,206,-126
4912,6900,-16092,-299,259,-100
4940,6976,-16096,-294,221,-116
4884,6944,-16060,-280,194,-127
4592,6860,-16176,-330,260,-102
4828,6900,-16196,-260,230,-117
4940,6912,-16124,-281,268,-80
4860,6936,-16284,-329,296,-83
4832,6952,-16148,-358,260,-98
4996,6936,-16192,-356,226,-106
4920,7068,-16228,-310,320,-74
4816,7040,-16176,-283,342,-63
4940,6944,-16108,-257,341,-39
4936,6924,-16124,-214,322,-57
4876,6928,-16120,-242,226,-108
4964,6944,-16052,-298,113,-184
4840,6928,-16116,-337,118,-182
4776,7016,-16116,-349,199,-117
4932,6992,-16192,-354,273,-91
4860,6996,-16124,-313,330,-55
4912,7000,-16096,-273,415,-19
4924,7008,-16052,-234,478,36
4956,6880,-16196,-264,373,-41
4956,6888,-16084,-289,327,-45
4940,6856,-16076,-327,200,-144
4956,7016,-16240,-285,219,-122
4928,6848,-16104,-313,136,-155
4864,6984,-16236,-304,265,-102
4864,6988,-16148,-301,253,-78
4892,6972,-16212,-256,357,-51
4832,6976,-16096,-263,375,-46
4912,6964,-16060,-295,298,-84
4972,6940,-16068,-306,267,-85
4812,6836,-16192,-336,264,-109
4936,6820,-16160,-312,253,-115
4896,6952,-16184,-325,261,-99
4992,6952,-16156,-277,282,-104
4904,6884,-16040,-311,181,-123
4848,6940,-15968,-366,91,-210
4848,7056,-16176,-361,170,-167
4916,6996,-16092,-296,347,-67
4968,7032,-16000,-248,450,12
4960,6940,-16020,-272,371,1
4996,6908,-16032,-214,319,-55
4884,6928,-16140,-294,177,-124
4952,6876,-16064,-298,87,-173
4876,6936,-16092,-349,139,-187
4820,6992,-16144,-328,258,-82
4980,6956,-16068,-321,314,-70
4976,6980,-16056,-281,311,-50
4908,7044,-16032,-283,269,-55
5012,6884,-16100,-250,246,-106
4908,6904,-16016,-264,215,-132
4952,6900,-16048,-302,178,-141
4992,6916,-16212,-317,184,-144
4852,6956,-16184,-317,251,-105
4784,6916,-16100,-315,221,-110
4924,7020,-16028,-306,301,-84
4992,6860,-16184,-264,337,-56
4960,6840,-16112,-262,249,-95
4864,6948,-16044,-288,218,-129
4840,6948,-16212,-254,201,-101
4884,6892,-16196,-267,219,-137
4864,6964,-16036,-296,183,-144
4888,6912,-16152,-314,239,-94
4888,6960,-16192,-278,271,-99
4992,6944,-16120,-303,223,-106
4904,6948,-16004,-328,166,-154
4872,6964,-16184,-310,224,-87
4804,6944,-16180,-253,285,-50
4884,6892,-16052,-306,295,-88
4832,7012,-16052,-304,323,-68
4880,6908,-16024,-250,328,-48
4880,6916,-16112,-298,310,-75
4848,6940,-16144,-270,280,-66
4868,6904,-16084,-267,265,-72
4888,6836,-16000,-288,269,-107
4896,6880,-16044,-336,109,-184
4928,6936,-16116,-338,123,-182
4868,7004,-16168,-333,187,-165
4900,6948,-16148,-280,255,-86
4892,6992,-16120,-258,325,-60
4996,6800,-16220,-265,264,-68
4924,6804,-16132,-274,265,-94
4920,6900,-16044,-298,271,-99
4928,6904,-16092,-311,260,-116
4920,6876,-16124,-352,224,-102
4900,6924,-16108,-361,198,-123
4912,6916,-16116,-322,175,-138
4880,6904,-16100,-307,185,-143
4920,6912,-16036,-303,186,-128
4864,6904,-16020,-288,255,-126
5036,6908,-16000,-297,274,-72
4916,6900,-16080,-316,198,-126
4820,6940,-16188,-327,96,-156
4852,6984,-16248,-298,163,-166
4804,6960,-16164,-270,190,-122
4896,6860,-16100,-321,260,-116
4848,6892,-16156,-356,236,-115
4940,6956,-16140,-330,233,-132
4984,6948,-16028,-266,169,-147
4884,7008,-16212,-250,192,-140
4856,6984,-16316,-278,241,-94
4932,6932,-16168,-313,257,-111
4912,6936,-16268,-327,265,-97
4984,7000,-16140,-294,215,-113
4700,7152,-15972,-308,221,-116
4976,6912,-16036,-344,218,-90
4860,7052,-16156,-333,206,-128
4988,6936,-15944,-328,118,-176
4988,6912,-16136,-288,157,-148
4848,7060,-16072,-271,185,-147
4836,6920,-16304,-266,216,-105
4812,6908,-16084,-262,305,-69
4796,6940,-16220,-281,347,-48
4820,7008,-16156,-301,396,-15
4944,6940,-16020,-280,352,-57
4936,6924,-15988,-330,316,-68
4860,6972,-16132,-353,273,-77
4984,7008,-16108,-336,341,-80
4924,6892,-16084,-295,321,-65
4920,7040,-16112,-262,267,-62
4896,6896,-15976,-254,202,-111
4896,7024,-16116,-308,143,-121
4876,7008,-16212,-326,208,-143
4816,6912,-16216,-315,278,-89
4788,6988,-16160,-295,331,-43
4964,6896,-15868,-310,280,-86
4892,6988,-16116,-299,282,-86
4908,7012,-16032,-287,367,-29
4924,6912,-16160,-282,323,-35
4840,6948,-16192,-259,380,-19
4948,6740,-16004,-293,321,-24
4880,6920,-16040,-367,244,-119
4944,6932,-16196,-351,271,-120
4892,6928,-16148,-343,273,-118
4868,6892,-16080,-292,195,-117
4976,7004,-16120,-272,209,-144
4988,7020,-16156,-263,190,-138
4796,6876,-16008,-290,157,-182
4756,6984,-16044,-307,100,-169
4908,6908,-16096,-351,117,-177
4876,7024,-16132,-313,172,-125
4848,6964,-16112,-327,246,-103
4824,6836,-16212,-287,365,-22
4836,6996,-16132,-270,425,-14
5004,6932,-16076,-287,450,4
5012,6944,-16064,-341,293,-82
4884,6836,-16084,-399,184,-145
4912,6992,-16016,-379,207,-132
4908,6996,-16168,-375,234,-117
4984,7016,-16148,-334,284,-108
4868,6984,-16076,-298,342,-54
4908,6936,-16132,-240,354,-43
4916,7028,-16192,-268,389,-31
4904,6816,-16176,-250,386,-5
4928,6856,-16188,-256,300,-91
5016,6908,-16072,-251,226,-126
4984,6936,-16192,-291,217,-137
4928,6936,-16212,-340,206,-114
4972,6904,-16048,-332,193,-136
5016,6948,-16140,-339,146,-160
4824,6904,-16160,-289,171,-146
4884,6992,-16280,-294,202,-147
4948,6904,-16132,-309,189,-114
4992,6876,-16128,-291,214,-107
4920,6968,-16144,-281,233,-99
4840,6884,-15916,-299,271,-66
4852,6828,-16124,-265,311,-79
4948,6952,-16084,-305,278,-97
4848,6868,-16024,-322,229,-139
4904,6980,-16008,-310,224,-111
4908,6904,-16092,-300,231,-119
4928,6964,-16224,-296,281,-65
5032,6972,-16072,-260,324,-69
4988,6836,-16088,-292,291,-74
4836,6992,-16104,-323,251,-105
4880,6948,-16088,-307,221,-126
4960,6900,-16024,-307,180,-131
4800,6912,-16028,-313,249,-106
4952,6980,-16172,-319,314,-76
4908,6988,-16104,-322,278,-81
4980,6972,-16036,-310,214,-115
4892,6920,-16040,-297,211,-130
4916,6912,-16060,-305,251,-87
4980,6900,-16076,-287,298,-73
4940,6944,-16136,-298,275,-100
5088,6952,-16100,-324,225,-141
4900,6968,-16204,-337,200,-152
4788,6944,-16152,-298,245,-99
5000,6896,-16124,-292,280,-65
4968,6892,-16016,-265,304,-47
5016,6892,-16020,-272,290,-68
5000,6984,-16216,-279,226,-106
4988,7000,-16116,-347,183,-148
4888,6960,-16248,-333,249,-123
4900,7044,-16132,-308,261,-92
4976,6868,-16168,-279,280,-61
4944,6840,-16192,-294,296,-45
4904,6876,-16064,-267,280,-64
4916,6824,-16020,-267,250,-83
4932,6932,-15972,-338,193,-98
4940,6972,-16108,-310,218,-118
4972,6936,-16164,-296,215,-114
4876,6892,-16000,-308,237,-80
4816,6988,-16268,-261,266,-95
4948,6932,-16044,-280,269,-75
4848,6876,-16092,-315,314,-78
5012,6804,-16136,-319,248,-94
4956,6900,-16132,-341,177,-153
4920,7000,-16112,-346,132,-162
4848,6928,-16228,-312,212,-123
4876,6960,-16284,-274,274,-83
4916,6936,-15988,-256,319,-61
4960,6932,-16088,-266,299,-50
5036,6928,-16036,-289,237,-110
4864,7012,-16052,-336,167,-144
4948,7020,-16168,-343,179,-158
4892,6964,-16164,-330,216,-134
4948,6884,-16056,-351,219,-152
4984,7016,-16144,-328,208,-142
5028,6924,-16160,-316,143,-142
4948,7040,-16216,-291,198,-112
4744,6964,-16156,-287,334,-70
5000,6916,-16184,-260,393,-9
4944,6904,-16024,-309,289,-74
4904,6908,-16144,-319,238,-115
4892,6948,-16072,-319,225,-100
4884,6960,-16096,-263,206,-126
4944,6868,-16108,-286,226,-91
4872,6892,-16092,-313,283,-110
4960,6864,-16124,-289,282,-95
4952,6828,-16120,-302,213,-132
4980,6900,-15968,-334,230,-126
4984,7008,-16224,-312,232,-72
4876,6892,-16116,-275,270,-73
4916,7020,-16128,-288,273,-88
4932,6952,-15980,-289,264,-96
4960,6932,-16092,-304,279,-95
4976,6936,-16176,-285,229,-126
5000,6932,-16164,-313,199,-125
4916,7092,-16152,-330,229,-122
4960,6988,-16152,-327,253,-94
4872,6956,-16068,-297,300,-83
5016,6960,-16172,-306,272,-55
4948,6840,-16188,-330,240,-103
4800,6868,-16168,-299,233,-108
4972,6956,-16108,-322,240,-132
4920,6892,-16108,-292,260,-84
4904,7016,-16024,-312,238,-94
5000,6920,-16128,-299,210,-97
4988,6884,-16036,-308,237,-116
4948,6932,-16056,-281,258,-105
4892,6928,-16028,-308,244,-95
4832,6968,-16188,-279,260,-103
4888,7028,-16160,-292,238,-106
4872,6820,-15984,-298,245,-126
4912,6908,-16024,-333,239,-121
4916,6940,-16044,-329,258,-95
4852,6920,-16024,-308,241,-85
4932,6936,-16056,-291,263,-110
4956,6920,-16180,-288,251,-76
5068,6980,-16148,-310,244,-97
4824,6892,-16092,-314,253,-117
4976,6792,-16068,-300,257,-102
5024,6968,-16036,-334,248,-105
4968,6972,-16016,-305,237,-96
4980,6812,-16084,-297,249,-94
5028,6948,-16160,-300,268,-127
4972,6952,-16144,-295,245,-93
4976,6904,-16060,-279,274,-94
4960,6900,-15964,-314,237,-83
4828,6972,-16128,-318,245,-120
4936,6928,-15988,-314,212,-116
4916,7020,-16140,-306,248,-136
4932,6828,-16072,-290,272,-88
4944,6944,-16240,-297,273,-84
4968,6928,-15960,-293,265,-109
5004,6936,-16056,-280,227,-102
4976,6888,-16032,-285,228,-117
4956,6804,-16060,-304,205,-104
4980,6904,-16064,-338,248,-107
4904,6948,-16044,-333,269,-79
5080,6948,-16140,-297,277,-75
4892,6896,-16180,-296,264,-114
5032,6904,-16088,-294,277,-91
